source	target	weight
EZH2	CD4	481
EZH2	SNAI2	843
EZH2	TBX21	570
EZH2	SIRT1	942
EZH2	MMP2	443
EZH2	RELB	801
EZH2	TGFB1	451
EZH2	NFKB1	695
EZH2	CCND1	623
EZH2	GLI1	449
EZH2	CDKN1B	609
EZH2	IFNG	523
EZH2	NANOG	639
EZH2	EGR1	798
EZH2	FLT3	631
EZH2	TWIST1	773
EZH2	SNAI1	998
EZH2	SOX9	435
EZH2	PXDN	487
EZH2	H3-3B	990
EZH2	KRAS	673
EZH2	CCNB1	595
EZH2	NOTCH2	468
EZH2	PDGFRA	517
EZH2	CDK4	639
EZH2	MDM2	945
EZH2	POU5F1	736
EZH2	CCND2	472
EZH2	CDH1	666
EZH2	SMAD2	566
EZH2	CREBBP	818
EZH2	MAPK3	466
EZH2	EP300	963
EZH2	IL1A	432
EZH2	IL1B	523
EZH2	EPCAM	427
EZH2	IL7	550
EZH2	KDR	415
EZH2	PIK3CA	523
EZH2	STAT3	973
EZH2	LEF1	419
EZH2	EGF	472
EZH2	CDK6	686
EZH2	CDK2	702
EZH2	CDH2	535
EZH2	TP53	899
EZH2	ERBB2	571
EZH2	RPS27A	562
EZH2	EGFR	741
EZH2	ATM	589
EZH2	MYCN	952
EZH2	CSF1R	400
EZH2	PPARG	778
EZH2	KIT	590
EZH2	STAT5B	901
EZH2	ANXA5	505
EZH2	NPM1	661
EZH2	SHH	453
EZH2	RUNX1	703
EZH2	AXL	421
EZH2	MAP2K1	411
EZH2	CEBPB	565
EZH2	FOS	567
EZH2	TERT	555
EZH2	CD34	491
EZH2	CASP3	519
EZH2	HNF4A	555
EZH2	MET	472
EZH2	STAT5A	896
EZH2	PARP1	592
EZH2	RUNX2	642
EZH2	MYC	984
EZH2	INS	413
EZH2	BCL2	614
EZH2	ACTB	702
EZH2	GAPDH	655
EZH2	IGF1R	505
EZH2	HRAS	536
EZH2	PROM1	489
EZH2	UBA52	531
EZH2	BRCA1	926
EZH2	CTLA4	442
EZH2	ESR1	915
EZH2	JAK2	768
EZH2	STAT1	415
EZH2	TRAF6	468
EZH2	CDKN1A	739
EZH2	MCL1	488
EZH2	AR	978
EZH2	CALR	549
EZH2	BCL2L1	426
EZH2	TNF	489
EZH2	CXCR4	414
EZH2	CD44	494
EZH2	FGFR1	480
EZH2	BDNF	577
EZH2	HSP90AB1	607
EZH2	H3C12	985
EZH2	JUN	852
EZH2	SMAD4	621
EZH2	H3C13	998
EZH2	SRC	469
EZH2	GSK3B	485
EZH2	RELA	915
EZH2	PXDNL	484
EZH2	LOC102723407	449
EZH2	FGFR3	473
EZH2	IL6	666
EZH2	IGF2	450
EZH2	DNMT1	999
EZH2	CREB1	414
EZH2	FOXO1	508
EZH2	SMAD3	631
EZH2	CEBPA	578
EZH2	ALK	496
EZH2	PAX6	690
EZH2	FN1	410
EZH2	H3-4	989
EZH2	HSP90AA1	714
EZH2	HDAC1	999
EZH2	H3-7	972
EZH2	HIF1A	715
EZH2	IRF4	503
EZH2	PGR	432
EZH2	GATA3	672
EZH2	FOXP3	931
EZH2	CSF3R	483
EZH2	NF1	582
EZH2	FOXO3	450
EZH2	NRAS	811
EZH2	PRDM1	769
EZH2	BCL2L11	441
EZH2	CD8A	483
EZH2	SOX2	770
EZH2	PTEN	760
EZH2	ERBB4	412
EZH2	BCL6	795
EZH2	CD274	552
EZH2	MTOR	494
EZH2	CDK1	965
EZH2	GATA4	748
EZH2	BRAF	622
EZH2	DKK1	403
EZH2	MMP9	673
EZH2	PTPN11	580
EZH2	BMI1	999
EZH2	AKT1	867
EZH2	RUNX3	627
EZH2	KLF4	715
EZH2	NES	400
EZH2	FGFR2	453
EZH2	PTPRC	419
EZH2	JAK1	486
EZH2	ABL1	606
EZH2	VAV1	978
EZH2	WT1	824
EZH2	UBC	558
EZH2	JAK3	548
EZH2	SOCS1	427
EZH2	TNFAIP3	576
EZH2	NOTCH1	655
EZH2	CDKN2A	813
EZH2	H3-5	972
EZH2	E2F1	916
EZH2	CCK	532
EZH2	CTNNB1	986
CCN2	SNAI2	525
CCN2	FGF4	585
CCN2	FGF20	602
CCN2	SIRT1	425
CCN2	FGF22	597
CCN2	HMOX1	431
CCN2	NFKBIA	411
CCN2	TIMP1	816
CCN2	MMP2	839
CCN2	TGFB1	969
CCN2	HGF	593
CCN2	SERPINE1	819
CCN2	CCL2	678
CCN2	COL1A1	876
CCN2	VTN	405
CCN2	NFKB1	457
CCN2	CCND1	598
CCN2	FGF6	588
CCN2	IFNG	655
CCN2	HBEGF	525
CCN2	LOX	763
CCN2	IL4	625
CCN2	TGFB3	772
CCN2	EGR1	713
CCN2	TWIST1	452
CCN2	SNAI1	581
CCN2	BMP4	711
CCN2	SOX9	516
CCN2	CD68	502
CCN2	PXDN	675
CCN2	LGALS3	653
CCN2	JAG1	469
CCN2	PDGFRA	431
CCN2	MMP7	448
CCN2	THBS1	749
CCN2	ITGAV	423
CCN2	VWF	884
CCN2	CDH1	608
CCN2	PDGFRB	671
CCN2	SMAD2	845
CCN2	MAPK3	572
CCN2	EP300	462
CCN2	IL1A	520
CCN2	IL1B	655
CCN2	KDR	460
CCN2	FGF2	800
CCN2	IL11	520
CCN2	WNT5A	421
CCN2	STAT3	535
CCN2	FGF10	605
CCN2	ICAM1	553
CCN2	EGF	755
CCN2	ERBB3	516
CCN2	FGF7	619
CCN2	CDH2	524
CCN2	TP53	555
CCN2	ERBB2	401
CCN2	FGF18	601
CCN2	EGFR	799
CCN2	THY1	646
CCN2	WNT3A	411
CCN2	PPARG	575
CCN2	WNT4	484
CCN2	ACE	534
CCN2	WNT1	447
CCN2	VCAM1	685
CCN2	ALB	584
CCN2	SHH	409
CCN2	MMP3	834
CCN2	AXL	542
CCN2	IL13	450
CCN2	FOS	720
CCN2	CXCL8	535
CCN2	PLG	511
CCN2	CD34	416
CCN2	CASP3	496
CCN2	FGF5	591
CCN2	ANGPT2	516
CCN2	FGF8	584
CCN2	MMP1	570
CCN2	SOX2	531
CCN2	GSK3B	446
CCN2	PDGFB	535
CCN2	SMAD3	751
CCN2	FGF3	587
CCN2	CAV1	542
CCN2	PTK2	442
CCN2	SMAD4	618
CCN2	ESR2	463
CCN2	PDGFA	520
CCN2	FN1	963
CCN2	TJP1	424
CCN2	PXDNL	587
CCN2	TGFBR2	748
CCN2	CD163	543
CCN2	FGF17	588
CCN2	MTOR	456
CCN2	AGT	740
CCN2	TGFB2	725
CCN2	PTGS2	691
CCN2	IFNGR1	446
CCN2	BCL6	448
CCN2	RHOA	590
CCN2	FGF9	606
CCN2	PTEN	455
CCN2	CXCL1	438
CCN2	BMP2	849
CCN2	BCL2L11	445
CCN2	ITGB1	794
CCN2	VEGFC	659
CCN2	FGF13	519
CCN2	ENG	433
CCN2	RUNX3	577
CCN2	AKT1	802
CCN2	DKK1	473
CCN2	MMP9	809
CCN2	CXCL12	576
CCN2	PLAU	480
CCN2	IL10	478
CCN2	CYBB	463
CCN2	TGFBR1	775
CCN2	TLR4	453
CCN2	FGFR2	638
CCN2	ANGPT1	447
CCN2	ACE2	418
CCN2	CTNNB1	635
CCN2	CCK	428
CCN2	NTRK1	945
CCN2	TGFA	452
CCN2	CDH5	443
CCN2	NOTCH1	598
CCN2	FGF16	603
CCN2	IGF1	830
CCN2	GAPDH	684
CCN2	CD9	705
CCN2	ACTB	715
CCN2	VIM	653
CCN2	INS	562
CCN2	PECAM1	547
CCN2	BCL2	482
CCN2	RUNX2	503
CCN2	MYC	742
CCN2	ITGA4	494
CCN2	FGFR1	520
CCN2	TNF	740
CCN2	CD44	683
CCN2	CXCR4	669
CCN2	CDKN1A	645
CCN2	PPARA	400
CCN2	FGF1	501
CCN2	ESR1	690
CCN2	NGF	423
CCN2	IGF2	468
CCN2	IL6	771
CCN2	AREG	598
CCN2	EDN1	787
CCN2	ITGB2	596
CCN2	SRC	527
CCN2	JUN	828
CCN2	SPP1	605
CCN2	ITGAM	614
CCN2	HIF1A	748
PXDNL	CD4	743
PXDNL	SNAI2	600
PXDNL	CDH17	532
PXDNL	TNFRSF1A	433
PXDNL	FGF4	551
PXDNL	NGFR	427
PXDNL	FGF20	504
PXDNL	SIRT1	639
PXDNL	FGF22	515
PXDNL	MAPK1	717
PXDNL	HMOX1	696
PXDNL	GZMB	423
PXDNL	NFKBIA	734
PXDNL	TIMP1	526
PXDNL	MMP2	647
PXDNL	RELB	440
PXDNL	TGFB1	724
PXDNL	HGF	520
PXDNL	SERPINE1	520
PXDNL	CSF3	436
PXDNL	RPS6KB1	680
PXDNL	CCL2	650
PXDNL	COL1A1	550
PXDNL	VTN	456
PXDNL	CD38	411
PXDNL	NFKB1	625
PXDNL	IL2	634
PXDNL	CCND1	761
PXDNL	CD69	420
PXDNL	GLI1	433
PXDNL	FGF6	529
PXDNL	CDKN1B	465
PXDNL	IFNG	782
PXDNL	NANOG	557
PXDNL	MAPK14	476
PXDNL	LOX	564
PXDNL	IL4	671
PXDNL	IL5	551
PXDNL	NR3C1	428
PXDNL	TGFB3	412
PXDNL	EGR1	462
PXDNL	TWIST1	472
PXDNL	SNAI1	624
PXDNL	BMP4	450
PXDNL	SOX9	527
PXDNL	LIF	407
PXDNL	CD68	793
PXDNL	APOE	608
PXDNL	EPO	452
PXDNL	PXDN	981
PXDNL	GFAP	809
PXDNL	LGALS3	542
PXDNL	H3-3B	717
PXDNL	JAG1	424
PXDNL	CRP	551
PXDNL	KRAS	562
PXDNL	CCNB1	615
PXDNL	PDGFRA	446
PXDNL	NT5E	487
PXDNL	CDK4	629
PXDNL	MDM2	593
PXDNL	POU5F1	574
PXDNL	MMP7	469
PXDNL	CCND2	443
PXDNL	VWF	639
PXDNL	SCARB1	526
PXDNL	CDH1	789
PXDNL	PDGFRB	524
PXDNL	SMAD2	676
PXDNL	AXIN1	401
PXDNL	MAPK3	847
PXDNL	IL1A	606
PXDNL	IL1B	812
PXDNL	CD81	556
PXDNL	SELP	417
PXDNL	EPAS1	497
PXDNL	EPCAM	491
PXDNL	PIK3CA	479
PXDNL	CD80	490
PXDNL	FGF2	695
PXDNL	WNT5A	400
PXDNL	STAT3	824
PXDNL	FGF10	554
PXDNL	ICAM1	633
PXDNL	PPARGC1A	615
PXDNL	SCARB2	485
PXDNL	LEF1	401
PXDNL	EGF	831
PXDNL	CDK6	541
PXDNL	CDK2	620
PXDNL	ERBB3	484
PXDNL	FGF7	554
PXDNL	CDH2	707
PXDNL	TP53	821
PXDNL	ERBB2	691
PXDNL	FCGR2A	470
PXDNL	FGF18	529
PXDNL	EGFR	743
PXDNL	IFNA1	515
PXDNL	ATM	577
PXDNL	IL18	507
PXDNL	MYCN	421
PXDNL	THY1	587
PXDNL	WNT3A	465
PXDNL	APP	658
PXDNL	PPARG	661
PXDNL	KIT	613
PXDNL	ACE	540
PXDNL	CALM3	586
PXDNL	CCR5	423
PXDNL	STAT5B	461
PXDNL	WNT1	410
PXDNL	REL	495
PXDNL	ALB	937
PXDNL	ANXA5	888
PXDNL	IL3	460
PXDNL	CSF2	619
PXDNL	SHH	481
PXDNL	NOS3	614
PXDNL	MMP3	531
PXDNL	ANPEP	408
PXDNL	STAT6	437
PXDNL	MAP2K1	609
PXDNL	HSPA4	663
PXDNL	CALML6	548
PXDNL	IRS1	552
PXDNL	IL13	556
PXDNL	CEBPB	457
PXDNL	CXCL10	512
PXDNL	FOS	739
PXDNL	CXCL8	601
PXDNL	EIF2AK3	706
PXDNL	CYCS	888
PXDNL	PLG	471
PXDNL	TERT	455
PXDNL	PRKACA	572
PXDNL	CD34	693
PXDNL	CASP3	918
PXDNL	FGF5	529
PXDNL	AOC3	479
PXDNL	LEP	742
PXDNL	HNF4A	479
PXDNL	CD19	610
PXDNL	CALML3	560
PXDNL	MET	481
PXDNL	CALR	512
PXDNL	FGF8	551
PXDNL	MMP1	466
PXDNL	SOX2	584
PXDNL	HSPA5	659
PXDNL	GSK3B	680
PXDNL	CD28	470
PXDNL	PGR	626
PXDNL	NOS2	525
PXDNL	CSF1	508
PXDNL	CASP9	759
PXDNL	SOCS3	452
PXDNL	SELE	436
PXDNL	CD86	559
PXDNL	SMAD3	634
PXDNL	H3C13	738
PXDNL	LAMP1	623
PXDNL	FGF3	529
PXDNL	HSP90AA1	615
PXDNL	NLRP3	447
PXDNL	CAV1	578
PXDNL	FOXO3	554
PXDNL	H3-5	718
PXDNL	PTK2	555
PXDNL	STAT5A	489
PXDNL	SMAD4	555
PXDNL	ERBB4	441
PXDNL	CD5	419
PXDNL	ESR2	554
PXDNL	HMGB1	543
PXDNL	E2F1	518
PXDNL	FYN	420
PXDNL	FN1	732
PXDNL	TJP1	636
PXDNL	IL17A	616
PXDNL	BDNF	766
PXDNL	HSP90AB1	615
PXDNL	H3C12	718
PXDNL	JUN	735
PXDNL	NFE2L2	618
PXDNL	SPP1	603
PXDNL	PRKACB	554
PXDNL	RELA	525
PXDNL	EDN1	504
PXDNL	SRC	675
PXDNL	ADIPOQ	545
PXDNL	ARG1	524
PXDNL	IL6	821
PXDNL	MME	462
PXDNL	KEAP1	558
PXDNL	SQSTM1	611
PXDNL	NGF	683
PXDNL	IGF2	436
PXDNL	DNMT1	486
PXDNL	KITLG	438
PXDNL	FOXO1	565
PXDNL	CASP8	703
PXDNL	CREB1	662
PXDNL	ALK	426
PXDNL	PAX6	403
PXDNL	HDAC1	547
PXDNL	H3-4	718
PXDNL	ERVFRD-1	508
PXDNL	CEBPA	450
PXDNL	ERV3-1	508
PXDNL	H3-7	738
PXDNL	HIF1A	737
PXDNL	ITGAM	634
PXDNL	TEK	400
PXDNL	FOXP3	619
PXDNL	CCL3	430
PXDNL	SELL	426
PXDNL	PARP1	732
PXDNL	XIAP	579
PXDNL	RUNX2	645
PXDNL	MYC	784
PXDNL	CASP1	627
PXDNL	AGT	609
PXDNL	VIM	483
PXDNL	GRB2	410
PXDNL	INS	817
PXDNL	PECAM1	741
PXDNL	BCL2	844
PXDNL	GAPDH	924
PXDNL	CD9	603
PXDNL	ACTB	924
PXDNL	BECN1	734
PXDNL	AIF1	738
PXDNL	PROM1	554
PXDNL	FGF16	510
PXDNL	IGF1R	556
PXDNL	IGF1	635
PXDNL	HRAS	423
PXDNL	SYK	402
PXDNL	PPARA	568
PXDNL	CALML4	573
PXDNL	IKBKB	551
PXDNL	CTLA4	425
PXDNL	BRCA1	520
PXDNL	FGF1	423
PXDNL	ESR1	708
PXDNL	CDKN1A	590
PXDNL	MCL1	614
PXDNL	JAK2	553
PXDNL	STAT1	613
PXDNL	TRAF6	487
PXDNL	BCL2L1	684
PXDNL	AR	606
PXDNL	CTSS	438
PXDNL	CHUK	570
PXDNL	TNF	800
PXDNL	CD40LG	421
PXDNL	CXCR4	569
PXDNL	NFATC1	487
PXDNL	CD44	690
PXDNL	KLF4	465
PXDNL	NES	624
PXDNL	CD24	487
PXDNL	ITGAX	582
PXDNL	WT1	478
PXDNL	ABL1	434
PXDNL	PTPRC	712
PXDNL	JAK1	456
PXDNL	CD36	534
PXDNL	MAPK8	588
PXDNL	TGFB2	431
PXDNL	CYBB	617
PXDNL	MRC1	511
PXDNL	TGFBR1	464
PXDNL	IRF3	496
PXDNL	GPT	621
PXDNL	CDKN2A	587
PXDNL	CALML5	560
PXDNL	NOTCH1	529
PXDNL	CDH5	502
PXDNL	PRKCA	472
PXDNL	TGFBR2	435
PXDNL	FASLG	560
PXDNL	CCK	856
PXDNL	TGFA	425
PXDNL	CTNNB1	774
PXDNL	ACE2	512
PXDNL	CD40	451
PXDNL	PRKACG	554
PXDNL	VEGFC	438
PXDNL	SDC1	492
PXDNL	FGF13	521
PXDNL	FGF17	529
PXDNL	BMP2	488
PXDNL	ERVW-1	543
PXDNL	CD8A	697
PXDNL	HSPA8	526
PXDNL	ITGB1	555
PXDNL	BCL2L11	543
PXDNL	DNTT	786
PXDNL	PTEN	682
PXDNL	FGF9	534
PXDNL	CD63	642
PXDNL	CXCL1	486
PXDNL	CD163	548
PXDNL	RHOA	615
PXDNL	CDK1	552
PXDNL	B2M	676
PXDNL	ITGB3	446
PXDNL	BRAF	529
PXDNL	IL10	720
PXDNL	MTOR	671
PXDNL	CD274	522
PXDNL	TFRC	608
PXDNL	TNFSF11	552
PXDNL	BMI1	427
PXDNL	AKT1	875
PXDNL	FCGR2B	473
PXDNL	DKK1	425
PXDNL	TLR9	436
PXDNL	PLAU	449
PXDNL	MMP9	755
PXDNL	CXCL12	542
PXDNL	SLC2A1	481
PXDNL	IFNB1	515
PXDNL	FAS	464
PXDNL	ENG	510
NOS3	FGF4	434
NOS3	FGF20	449
NOS3	SIRT1	841
NOS3	FGF22	458
NOS3	HMOX1	770
NOS3	NFKBIA	470
NOS3	TIMP1	415
NOS3	MMP2	531
NOS3	TGFB1	587
NOS3	SERPINE1	610
NOS3	MPO	536
NOS3	CCL2	628
NOS3	NFKB1	528
NOS3	IL2	413
NOS3	FGF6	447
NOS3	IFNG	510
NOS3	LOX	405
NOS3	IL4	415
NOS3	PLCG1	916
NOS3	CD68	400
NOS3	APOE	777
NOS3	EPO	531
NOS3	PXDN	615
NOS3	CRP	615
NOS3	THBS1	442
NOS3	VWF	811
NOS3	SCARB1	509
NOS3	MAPK3	603
NOS3	IL1A	687
NOS3	IL1B	699
NOS3	SELP	602
NOS3	EPAS1	408
NOS3	KDR	716
NOS3	FGF2	557
NOS3	STAT3	489
NOS3	FGF10	456
NOS3	ICAM1	709
NOS3	PPARGC1A	583
NOS3	SCARB2	433
NOS3	EGF	445
NOS3	FGF7	452
NOS3	TP53	506
NOS3	FGF18	448
NOS3	FLT1	603
NOS3	APP	677
NOS3	PPARG	627
NOS3	ACE	731
NOS3	CALM3	999
NOS3	VCAM1	810
NOS3	ALB	624
NOS3	SELE	659
NOS3	IRS1	561
NOS3	ENG	504
NOS3	IL10	701
NOS3	MTOR	677
NOS3	CXCL8	507
NOS3	FGF5	448
NOS3	MMP9	730
NOS3	CXCL12	471
NOS3	FGF8	443
NOS3	AKT1	997
NOS3	ANGPT2	525
NOS3	FOS	432
NOS3	PTEN	422
NOS3	FGF9	447
NOS3	RHOA	581
NOS3	CD34	489
NOS3	FOXO3	413
NOS3	FGF17	447
NOS3	DPP4	435
NOS3	CASP9	417
NOS3	CTNNB1	578
NOS3	CALML3	999
NOS3	LEP	545
NOS3	PRKACG	599
NOS3	CALML6	999
NOS3	ACE2	477
NOS3	CDH5	764
NOS3	CALML5	999
NOS3	GPT	458
NOS3	PLG	475
NOS3	CYBB	702
NOS3	ANGPT1	543
NOS3	PTGS2	642
NOS3	PRKACA	598
NOS3	KLF4	405
NOS3	MAPK8	412
NOS3	TLR4	522
NOS3	CD36	436
NOS3	CXCR4	424
NOS3	TNF	693
NOS3	ESR1	773
NOS3	ESR2	689
NOS3	CALML4	999
NOS3	PPARA	529
NOS3	ACTB	892
NOS3	GAPDH	632
NOS3	CASP3	604
NOS3	HRAS	510
NOS3	IGF1	526
NOS3	FGF16	450
NOS3	AGT	792
NOS3	PECAM1	731
NOS3	BCL2	579
NOS3	INS	732
NOS3	GRB2	526
NOS3	CAV1	999
NOS3	HIF1A	624
NOS3	TEK	684
NOS3	CREB1	412
NOS3	FOXO1	663
NOS3	NOS2	912
NOS3	HSP90AA1	999
NOS3	FN1	519
NOS3	KEAP1	579
NOS3	IL6	718
NOS3	ARG1	959
NOS3	FGF3	454
NOS3	ADIPOQ	606
NOS3	NFE2L2	571
NOS3	CYCS	617
NOS3	JUN	543
NOS3	BDNF	436
NOS3	HSP90AB1	998
NOS3	SRC	586
NOS3	EDN1	884
NOS3	HSPA4	438
NOS3	PRKACB	597
NOS3	GSK3B	491
CASP1	CD4	715
CASP1	TNFRSF1A	740
CASP1	SIRT1	544
CASP1	HMOX1	598
CASP1	GZMB	661
CASP1	NFKBIA	681
CASP1	RELB	412
CASP1	TGFB1	570
CASP1	SERPINE1	672
CASP1	MPO	581
CASP1	CSF3	436
CASP1	CCL2	707
CASP1	VTN	597
CASP1	NFKB1	826
CASP1	IL2	529
CASP1	SPI1	499
CASP1	IL10RA	427
CASP1	IFNG	893
CASP1	MAPK14	562
CASP1	IL4	616
CASP1	IL5	453
CASP1	TNFSF10	651
CASP1	IRF1	784
CASP1	SOX9	438
CASP1	CD68	615
CASP1	APOE	517
CASP1	PXDN	628
CASP1	GFAP	483
CASP1	LGALS3	433
CASP1	CRP	507
CASP1	IL1RN	794
CASP1	TLR2	809
CASP1	CCND2	426
CASP1	SCARB1	489
CASP1	CREBBP	476
CASP1	TYROBP	437
CASP1	MAPK3	690
CASP1	EP300	501
CASP1	IL1A	968
CASP1	IL1B	999
CASP1	SELP	431
CASP1	IL7	420
CASP1	CD80	485
CASP1	FGF2	522
CASP1	STAT3	609
CASP1	ICAM1	650
CASP1	SCARB2	499
CASP1	IRF8	463
CASP1	TP53	876
CASP1	IFNAR1	553
CASP1	FCGR2A	457
CASP1	GZMA	498
CASP1	EGFR	544
CASP1	IFNA1	579
CASP1	IL18	998
CASP1	APP	502
CASP1	CSF1R	435
CASP1	PPARG	518
CASP1	FCER1G	466
CASP1	CCR5	503
CASP1	VCAM1	506
CASP1	ALB	611
CASP1	CCR1	400
CASP1	ANXA5	620
CASP1	IL15	563
CASP1	TLR3	726
CASP1	CSF2	589
CASP1	STAT6	447
CASP1	NOD2	923
CASP1	CLEC7A	616
CASP1	HSPA4	418
CASP1	IL13	547
CASP1	CEBPB	488
CASP1	CXCL10	657
CASP1	FOS	740
CASP1	CXCL8	668
CASP1	CXCL11	412
CASP1	EIF2AK3	451
CASP1	CYCS	780
CASP1	CASP3	709
CASP1	TLR8	643
CASP1	LEP	416
CASP1	CXCR2	448
CASP1	CALR	585
CASP1	HSPA5	473
CASP1	GSK3B	403
CASP1	NOS2	428
CASP1	CSF1	529
CASP1	CASP9	712
CASP1	SOCS3	440
CASP1	SELE	440
CASP1	CD86	586
CASP1	SMAD3	711
CASP1	LAMP1	401
CASP1	HSP90AA1	409
CASP1	NLRP3	999
CASP1	STAT5A	582
CASP1	ESR2	549
CASP1	HMGB1	687
CASP1	FN1	402
CASP1	TJP1	416
CASP1	ARG1	446
CASP1	CCRL2	409
CASP1	CX3CR1	448
CASP1	CASP8	999
CASP1	FCGR2B	401
CASP1	CCL20	433
CASP1	CD163	473
CASP1	TLR9	771
CASP1	STAT1	702
CASP1	MTOR	453
CASP1	CXCL9	674
CASP1	TLR1	726
CASP1	BECN1	613
CASP1	AGT	454
CASP1	PARP1	655
CASP1	PTGS2	631
CASP1	FASLG	597
CASP1	IFNGR1	415
CASP1	CTSS	762
CASP1	MCL1	527
CASP1	FCGR1A	402
CASP1	CHUK	508
CASP1	CD40LG	423
CASP1	DNTT	453
CASP1	XIAP	966
CASP1	ENTPD1	495
CASP1	JUN	592
CASP1	HSP90AB1	408
CASP1	PTEN	594
CASP1	CD40	487
CASP1	MMP9	568
CASP1	PLAU	642
CASP1	SRC	456
CASP1	TLR4	916
CASP1	SYK	791
CASP1	TNFSF13B	506
CASP1	AIF1	670
CASP1	BCL2L1	728
CASP1	FOXP3	438
CASP1	CYBB	651
CASP1	RIGI	895
CASP1	IFNB1	791
CASP1	TLR7	670
CASP1	IL33	987
CASP1	CD274	446
CASP1	JAK2	530
CASP1	SQSTM1	451
CASP1	BCL2L11	423
CASP1	KEAP1	709
CASP1	GPT	425
CASP1	MAPK8	458
CASP1	CXCL1	578
CASP1	IL4R	484
CASP1	CXCL12	406
CASP1	CCK	502
CASP1	GAPDH	688
CASP1	NFE2L2	644
CASP1	INS	532
CASP1	IRF7	592
CASP1	ITGB2	507
CASP1	BCL2	817
CASP1	RELA	452
CASP1	PPARA	406
CASP1	IL6	881
CASP1	IL1R1	876
CASP1	CD8A	644
CASP1	CXCR4	435
CASP1	ACE2	441
CASP1	PRF1	487
CASP1	CD44	456
CASP1	TNF	904
CASP1	PTPRC	614
CASP1	IL10	724
CASP1	BDNF	457
CASP1	CD36	553
CASP1	BRCA1	441
CASP1	CXCL2	457
CASP1	IKBKB	549
CASP1	IDO1	436
CASP1	FAS	838
CASP1	B2M	463
CASP1	AKT1	617
CASP1	TLR5	658
CASP1	IL22	510
CASP1	MRC1	474
CASP1	IRF3	634
CASP1	TNFAIP3	466
CASP1	ITGAX	582
CASP1	JAK1	416
CASP1	BTK	703
CASP1	TRAF6	628
CASP1	ACTB	729
CASP1	SELL	459
CASP1	PECAM1	434
CASP1	HIF1A	506
CASP1	ITGAM	661
CASP1	CCL3	570
CASP1	CCL4	486
CASP1	CD48	416
CASP1	IL12RB1	541
CASP1	IL17A	635
SELP	CX3CL1	453
SELP	CD4	782
SELP	HMOX1	425
SELP	MMP2	447
SELP	TGFB1	657
SELP	SERPINE1	682
SELP	MPO	675
SELP	CSF3	633
SELP	CCL2	710
SELP	VTN	578
SELP	CD38	651
SELP	NFKB1	443
SELP	IL2	530
SELP	CD69	466
SELP	IFNG	645
SELP	IL4	659
SELP	IL5	411
SELP	CCR7	509
SELP	CD68	431
SELP	APOE	593
SELP	PXDN	415
SELP	LGALS3	535
SELP	CRP	738
SELP	CCL21	482
SELP	TLR2	524
SELP	THBS1	666
SELP	ITGAV	617
SELP	VWF	999
SELP	SCARB1	745
SELP	CDH1	577
SELP	ITGA2B	965
SELP	IL1A	622
SELP	IL1B	746
SELP	ENG	456
SELP	SELE	937
SELP	SLC2A1	532
SELP	CD2	413
SELP	AKT1	519
SELP	TLR9	421
SELP	CXCL12	749
SELP	MMP9	601
SELP	PRF1	415
SELP	CD19	433
SELP	ITGB3	928
SELP	CXCL8	898
SELP	IL10	631
SELP	CCR5	545
SELP	CD34	832
SELP	ITGA2	608
SELP	CCL19	463
SELP	CSF2	492
SELP	CD80	436
SELP	CD163	439
SELP	ANGPT2	849
SELP	CD63	907
SELP	CXCL1	659
SELP	CD8A	623
SELP	ITGB1	667
SELP	VCAM1	963
SELP	SDC1	573
SELP	ALB	720
SELP	CD40	985
SELP	ACE2	448
SELP	HLA-A	442
SELP	FGF2	437
SELP	CD47	412
SELP	ITGAL	760
SELP	CCRL2	583
SELP	DPP4	487
SELP	PLG	602
SELP	HMGB1	788
SELP	CCL20	526
SELP	TLR8	406
SELP	CDH5	603
SELP	ANXA5	744
SELP	CYBB	493
SELP	ENTPD1	592
SELP	PTPRC	670
SELP	AOC3	407
SELP	TLR4	885
SELP	CD36	861
SELP	ACE	506
SELP	ITGAX	475
SELP	RAG1	524
SELP	CD24	995
SELP	ANGPT1	459
SELP	PTGS2	417
SELP	CXCL5	428
SELP	TNF	741
SELP	CD44	993
SELP	CXCR4	653
SELP	CD40LG	951
SELP	CX3CR1	464
SELP	CXCR1	601
SELP	CD86	470
SELP	CD209	629
SELP	SYK	545
SELP	MET	466
SELP	SCARB2	746
SELP	IL18	464
SELP	CASP3	439
SELP	CD9	664
SELP	CCR1	570
SELP	ICAM1	932
SELP	INS	497
SELP	CXCR3	638
SELP	PECAM1	908
SELP	SELL	986
SELP	AGT	514
SELP	PF4	921
SELP	ITGA4	694
SELP	IL13	457
SELP	TEK	464
SELP	ITGAM	934
SELP	CCL3	540
SELP	FOXP3	473
SELP	FN1	778
SELP	CXCR2	504
SELP	CCL4	459
SELP	CCR6	506
SELP	FCGR2A	547
SELP	ADIPOQ	433
SELP	IL6	827
SELP	SPN	759
SELP	FCER1G	567
SELP	CXCL9	441
SELP	EGF	662
SELP	CXCL2	404
SELP	EDN1	600
SELP	ITGB2	978
SELP	TLR7	458
SELP	SRC	456
SELP	FUT4	735
SELP	IL17A	534
SELP	KDR	453
SELP	CXCL10	489
CDK6	SNAI2	425
CDK6	TNFRSF1A	412
CDK6	SIRT1	582
CDK6	NFKBIA	462
CDK6	MMP2	435
CDK6	NFKB1	672
CDK6	CCND1	999
CDK6	CDKN1B	999
CDK6	NANOG	609
CDK6	SNAI1	450
CDK6	IRF1	486
CDK6	PXDN	547
CDK6	H3-3B	518
CDK6	JAG1	400
CDK6	KRAS	636
CDK6	CCNB1	927
CDK6	NOTCH2	457
CDK6	CDK4	999
CDK6	MDM2	656
CDK6	POU5F1	435
CDK6	CCND2	999
CDK6	CDH1	666
CDK6	SMAD2	582
CDK6	PIK3CA	596
CDK6	STAT3	881
CDK6	EGF	462
CDK6	AR	654
CDK6	MYCN	616
CDK6	BCL2L1	587
CDK6	CD44	489
CDK6	TNF	400
CDK6	BRCA1	578
CDK6	ESR1	585
CDK6	MET	450
CDK6	JAK2	561
CDK6	MCL1	589
CDK6	CDKN1A	999
CDK6	ACTB	638
CDK6	ATM	619
CDK6	CASP3	670
CDK6	AXL	512
CDK6	GAPDH	645
CDK6	HRAS	670
CDK6	MYC	788
CDK6	PARP1	625
CDK6	XIAP	550
CDK6	BCL2	712
CDK6	INS	408
CDK6	H3-7	505
CDK6	HIF1A	552
CDK6	CEBPB	651
CDK6	NF1	551
CDK6	CDH2	509
CDK6	FOXO1	461
CDK6	SMAD3	584
CDK6	CASP8	483
CDK6	H3-4	505
CDK6	HSP90AA1	587
CDK6	HDAC1	647
CDK6	KEAP1	462
CDK6	IL6	425
CDK6	DNMT1	534
CDK6	CYCS	515
CDK6	JUN	787
CDK6	SHH	400
CDK6	SMAD4	465
CDK6	HSP90AB1	711
CDK6	H3C12	515
CDK6	TP53	808
CDK6	RUNX1	929
CDK6	SRC	552
CDK6	PIK3CB	516
CDK6	H3C13	505
CDK6	HSPA4	622
CDK6	CD274	429
CDK6	MTOR	497
CDK6	CDK1	579
CDK6	MMP9	484
CDK6	CDK2	998
CDK6	BMI1	672
CDK6	AKT1	443
CDK6	SOX2	474
CDK6	PTEN	801
CDK6	FOS	405
CDK6	RHOA	433
CDK6	ITGA2	445
CDK6	ALB	413
CDK6	FOXO3	802
CDK6	NRAS	564
CDK6	BCL2L11	447
CDK6	CASP9	570
CDK6	CTNNB1	752
CDK6	PIK3R1	435
CDK6	ANXA5	633
CDK6	NOTCH1	578
CDK6	CDKN2A	999
CDK6	H3-5	508
CDK6	AXIN2	535
CDK6	CCK	565
CDK6	E2F1	931
CDK6	NPM1	659
CDK6	TERT	596
CDK6	ABL1	560
CDK6	LYN	491
IL10	CX3CL1	815
IL10	CD74	653
IL10	CD4	976
IL10	CD22	488
IL10	TNFRSF1A	968
IL10	FGF4	584
IL10	TBX21	866
IL10	FGF20	583
IL10	LAG3	763
IL10	SIRT1	575
IL10	FGF22	582
IL10	HMOX1	726
IL10	IL2RB	928
IL10	GZMB	787
IL10	NFKBIA	720
IL10	TIMP1	954
IL10	MMP2	761
IL10	CCL22	912
IL10	CCL17	768
IL10	RELB	545
IL10	TGFB1	932
IL10	HGF	813
IL10	SERPINE1	600
IL10	MPO	771
IL10	CSF3	927
IL10	RPS6KB1	413
IL10	CCL2	963
IL10	COL1A1	424
IL10	CD38	692
IL10	NFKB1	877
IL10	IL2	964
IL10	SPI1	684
IL10	CCND1	563
IL10	IL10RA	999
IL10	CD69	766
IL10	FGF6	586
IL10	IFNG	995
IL10	MAPK14	602
IL10	HBEGF	453
IL10	LOX	484
IL10	IL4	986
IL10	IL5	982
IL10	NR3C1	635
IL10	TGFB3	587
IL10	KLRK1	663
IL10	TNFSF10	549
IL10	FLT3	440
IL10	IRF1	653
IL10	BMP4	402
IL10	CCR7	761
IL10	LIF	715
IL10	CD68	794
IL10	APOE	734
IL10	EPO	700
IL10	PXDN	720
IL10	GFAP	589
IL10	LGALS3	641
IL10	H3-3B	463
IL10	CRP	878
IL10	KRAS	459
IL10	PDGFRA	776
IL10	NT5E	687
IL10	IL1RN	923
IL10	CCL21	651
IL10	TLR2	956
IL10	MMP7	460
IL10	THBS1	451
IL10	VWF	517
IL10	SCARB1	639
IL10	CDH1	542
IL10	PDGFRB	789
IL10	SMAD2	665
IL10	CD33	595
IL10	TYROBP	446
IL10	MAPK3	624
IL10	ITGAE	735
IL10	IL1A	971
IL10	IL1B	991
IL10	CD81	460
IL10	IL7	988
IL10	KDR	510
IL10	CD80	962
IL10	FGF2	822
IL10	IL11	789
IL10	STAT3	968
IL10	FGF10	582
IL10	ICAM1	873
IL10	PPARGC1A	445
IL10	SCARB2	629
IL10	ZAP70	521
IL10	EGF	701
IL10	NRP1	507
IL10	CD27	711
IL10	FGF7	634
IL10	IRF8	601
IL10	TP53	756
IL10	ERBB2	507
IL10	IFNAR1	908
IL10	FCGR2A	691
IL10	GZMA	613
IL10	IL9	959
IL10	FGF18	585
IL10	EGFR	899
IL10	IFNA1	852
IL10	IL18	955
IL10	FLT1	483
IL10	THY1	623
IL10	APP	561
IL10	CSF1R	662
IL10	CXCL13	674
IL10	PPARG	733
IL10	KIT	541
IL10	FCER1G	480
IL10	ACE	604
IL10	NCR1	577
IL10	CXCR5	678
IL10	CCR5	878
IL10	STAT5B	753
IL10	VCAM1	726
IL10	REL	535
IL10	CXCR1	539
IL10	ALB	847
IL10	CXCL5	759
IL10	PF4	531
IL10	CCR1	781
IL10	ANXA5	621
IL10	IL15	914
IL10	ITGA2	545
IL10	TLR3	778
IL10	IL3	781
IL10	CSF2	959
IL10	SHH	558
IL10	RAG1	654
IL10	MMP3	837
IL10	STAT6	907
IL10	RUNX1	579
IL10	NOD2	701
IL10	AXL	533
IL10	CCL11	843
IL10	CLEC7A	690
IL10	HSPA4	677
IL10	IRS1	475
IL10	IL13	952
IL10	CEBPB	538
IL10	CXCL10	962
IL10	IL7R	919
IL10	FOS	736
IL10	CXCL8	970
IL10	CXCL11	724
IL10	EIF2AK3	400
IL10	CYCS	511
IL10	CCL19	853
IL10	PLG	520
IL10	PRKACA	449
IL10	CD34	718
IL10	CASP3	786
IL10	FGF5	584
IL10	HAVCR2	862
IL10	TLR8	703
IL10	AOC3	609
IL10	LEP	806
IL10	CD19	806
IL10	ANGPT2	485
IL10	CD209	827
IL10	ICOS	847
IL10	CXCR2	624
IL10	CD276	734
IL10	CALR	480
IL10	FGF8	576
IL10	MMP1	737
IL10	GSK3B	526
IL10	CD28	922
IL10	NOS2	718
IL10	CSF1	870
IL10	IL3RA	824
IL10	CASP9	506
IL10	SOCS3	848
IL10	PDGFB	413
IL10	SELE	675
IL10	CD86	966
IL10	SMAD3	538
IL10	H3C13	454
IL10	LAMP1	580
IL10	FGF3	580
IL10	PDCD1	827
IL10	HSP90AA1	458
IL10	NLRP3	690
IL10	IL21R	845
IL10	KLRD1	558
IL10	FOXO3	455
IL10	H3-5	454
IL10	STAT5A	756
IL10	CD5	687
IL10	ESR2	402
IL10	CCR6	766
IL10	HMGB1	705
IL10	FN1	752
IL10	TJP1	715
IL10	ITGAL	556
IL10	ARG1	893
IL10	CCRL2	781
IL10	CX3CR1	725
IL10	STAT4	941
IL10	CASP8	558
IL10	FCGR2B	699
IL10	FUT4	480
IL10	CCL20	835
IL10	TGFBR2	704
IL10	CD163	955
IL10	H3C12	456
IL10	FGF17	583
IL10	DNMT1	412
IL10	DPP4	539
IL10	TLR9	868
IL10	STAT1	865
IL10	MTOR	740
IL10	CD3E	739
IL10	CD247	550
IL10	CXCL9	819
IL10	TLR1	793
IL10	BECN1	485
IL10	CD47	530
IL10	AGT	618
IL10	H3-4	459
IL10	PARP1	534
IL10	TGFB2	626
IL10	CR2	564
IL10	PTGS2	789
IL10	FASLG	885
IL10	IFNGR1	920
IL10	CD1C	816
IL10	IL6R	923
IL10	CTSS	534
IL10	MCL1	524
IL10	PRDM1	592
IL10	FCGR1A	631
IL10	CD2	535
IL10	NGF	662
IL10	CHUK	532
IL10	CD40LG	876
IL10	PRKACB	448
IL10	DNTT	451
IL10	ENTPD1	702
IL10	JUN	677
IL10	HSP90AB1	458
IL10	PTEN	717
IL10	CD40	901
IL10	MMP9	881
IL10	PLAU	418
IL10	CSF3R	773
IL10	ENG	570
IL10	HDAC1	420
IL10	SRC	583
IL10	CXCR3	804
IL10	DKK1	477
IL10	TLR4	943
IL10	IL2RG	895
IL10	KLF4	401
IL10	SYK	603
IL10	TNFSF13B	708
IL10	AIF1	705
IL10	BCL2L1	581
IL10	FOXP3	955
IL10	PRKACG	449
IL10	CYBB	585
IL10	BMP2	469
IL10	CD83	823
IL10	TNFRSF4	634
IL10	GATA3	759
IL10	EDN1	555
IL10	FOXO1	501
IL10	RIGI	594
IL10	IL2RA	972
IL10	TEK	481
IL10	IFNA2	890
IL10	IFNB1	809
IL10	TLR7	782
IL10	IRF4	755
IL10	SDC1	580
IL10	IL33	793
IL10	CD274	877
IL10	JAK2	838
IL10	FGF9	583
IL10	CD9	499
IL10	TFRC	511
IL10	IGF1	716
IL10	BCL2L11	452
IL10	KEAP1	461
IL10	GPT	714
IL10	SPP1	590
IL10	MAPK8	626
IL10	AREG	489
IL10	CXCL1	919
IL10	IL4R	965
IL10	CXCL12	725
IL10	ITGB1	503
IL10	CCK	545
IL10	HLA-A	705
IL10	GAPDH	782
IL10	ITGA4	566
IL10	NFE2L2	567
IL10	INS	819
IL10	IRF7	619
IL10	PDCD1LG2	797
IL10	ITGB2	576
IL10	BCL2	718
IL10	TNFSF11	745
IL10	RELA	701
IL10	BCL6	597
IL10	PPARA	634
IL10	IL6	997
IL10	IL1R1	917
IL10	CD8A	958
IL10	CXCR4	680
IL10	CREB1	893
IL10	EOMES	506
IL10	ACE2	703
IL10	NFATC1	477
IL10	ADIPOQ	822
IL10	ERV3-1	556
IL10	IGF2	559
IL10	CXCR6	524
IL10	FGF13	517
IL10	PRF1	780
IL10	CD44	795
IL10	TNF	992
IL10	FGF16	584
IL10	TGFA	595
IL10	ESR1	530
IL10	PTPRC	804
IL10	VEGFC	475
IL10	ERVW-1	588
IL10	CD63	502
IL10	BRAF	408
IL10	B2M	691
IL10	AKT1	731
IL10	PTPN11	642
IL10	SIRPA	581
IL10	FAS	590
IL10	TYK2	958
IL10	ANGPT1	511
IL10	ITGAX	834
IL10	CD24	715
IL10	NCAM1	702
IL10	CD36	649
IL10	JAK1	976
IL10	FLT3LG	580
IL10	LYN	419
IL10	TGFBR1	600
IL10	MRC1	856
IL10	JAK3	566
IL10	CD1D	847
IL10	SOCS1	707
IL10	TNFAIP3	480
IL10	IRF3	674
IL10	NOTCH1	437
IL10	CDKN2A	428
IL10	NTRK1	400
IL10	IL22	944
IL10	CTNNB1	591
IL10	TLR5	818
IL10	MYC	591
IL10	IDO1	857
IL10	SELL	741
IL10	PECAM1	650
IL10	ACTB	729
IL10	IGF1R	593
IL10	PROM1	416
IL10	CTLA4	922
IL10	IKBKB	600
IL10	TRAF6	653
IL10	BTK	488
IL10	BDNF	695
IL10	IL17A	980
IL10	CXCL2	883
IL10	LOC102723407	460
IL10	IL12RB1	922
IL10	MME	418
IL10	SPN	488
IL10	SLAMF1	527
IL10	CD48	622
IL10	CCL4	936
IL10	KITLG	543
IL10	CEBPA	548
IL10	ERVFRD-1	556
IL10	HIF1A	751
IL10	H3-7	455
IL10	CCL3	972
IL10	ITGAM	856
ITGAX	CX3CL1	450
ITGAX	CD74	521
ITGAX	CD4	949
ITGAX	CD22	762
ITGAX	TNFRSF1A	428
ITGAX	TBX21	743
ITGAX	LAG3	550
ITGAX	IL2RB	577
ITGAX	GZMB	713
ITGAX	NFKBIA	461
ITGAX	CCL22	548
ITGAX	CCL17	542
ITGAX	RELB	465
ITGAX	TGFB1	624
ITGAX	CD79A	535
ITGAX	MPO	543
ITGAX	CSF3	551
ITGAX	CCL2	724
ITGAX	VTN	425
ITGAX	CD38	686
ITGAX	NFKB1	530
ITGAX	IL2	729
ITGAX	SPI1	675
ITGAX	IL10RA	583
ITGAX	CD69	805
ITGAX	IFNG	928
ITGAX	HBEGF	609
ITGAX	IL4	815
ITGAX	IL5	675
ITGAX	KLRK1	540
ITGAX	FLT3	642
ITGAX	IRF1	458
ITGAX	CCR7	795
ITGAX	CD68	826
ITGAX	APOE	529
ITGAX	PXDN	582
ITGAX	LGALS3	523
ITGAX	NT5E	472
ITGAX	CCL21	599
ITGAX	TLR2	763
ITGAX	ITGAV	760
ITGAX	SCARB1	581
ITGAX	CD33	711
ITGAX	ITGA2B	643
ITGAX	TYROBP	677
ITGAX	MAPK3	427
ITGAX	ITGAE	660
ITGAX	IL1A	621
ITGAX	IL1B	805
ITGAX	CD81	405
ITGAX	EPCAM	591
ITGAX	IL7	581
ITGAX	CD80	897
ITGAX	STAT3	781
ITGAX	ICAM1	982
ITGAX	SCARB2	584
ITGAX	NRP1	713
ITGAX	CD27	702
ITGAX	IRF8	657
ITGAX	IFNAR1	597
ITGAX	FCGR2A	875
ITGAX	GZMA	453
ITGAX	IL9	486
ITGAX	IFNA1	706
ITGAX	IL18	596
ITGAX	THY1	803
ITGAX	CSF1R	846
ITGAX	CXCL13	514
ITGAX	PPARG	510
ITGAX	KIT	699
ITGAX	FCER1G	751
ITGAX	NCR1	686
ITGAX	CXCR5	654
ITGAX	CCR5	780
ITGAX	STAT5B	463
ITGAX	VCAM1	936
ITGAX	CXCR1	455
ITGAX	ALB	631
ITGAX	CCR1	607
ITGAX	ANXA5	771
ITGAX	IL15	616
ITGAX	ITGA2	772
ITGAX	TLR3	630
ITGAX	IL3	576
ITGAX	CSF2	850
ITGAX	RAG1	662
ITGAX	ANPEP	596
ITGAX	STAT6	762
ITGAX	NOD2	535
ITGAX	AXL	443
ITGAX	CCL11	488
ITGAX	CLEC7A	752
ITGAX	IL13	824
ITGAX	CXCL10	645
ITGAX	IL7R	756
ITGAX	CXCL8	562
ITGAX	CXCL11	434
ITGAX	CCL19	614
ITGAX	CD34	718
ITGAX	CASP3	450
ITGAX	HAVCR2	645
ITGAX	TLR8	631
ITGAX	AOC3	841
ITGAX	LEP	400
ITGAX	CD19	909
ITGAX	CD209	718
ITGAX	ICOS	646
ITGAX	CXCR2	546
ITGAX	CD276	700
ITGAX	CALR	423
ITGAX	CD28	677
ITGAX	NOS2	493
ITGAX	CSF1	695
ITGAX	IL3RA	878
ITGAX	SOCS3	404
ITGAX	SELE	638
ITGAX	CD86	912
ITGAX	LAMP1	570
ITGAX	PDCD1	597
ITGAX	NLRP3	506
ITGAX	IL21R	405
ITGAX	KLRD1	493
ITGAX	PTK2	672
ITGAX	STAT5A	482
ITGAX	CD5	769
ITGAX	CCR6	623
ITGAX	HMGB1	425
ITGAX	FN1	865
ITGAX	ITGAL	951
ITGAX	ARG1	666
ITGAX	CCRL2	671
ITGAX	CX3CR1	732
ITGAX	FCGR2B	838
ITGAX	FUT4	606
ITGAX	CCL20	532
ITGAX	CD163	763
ITGAX	TLR9	816
ITGAX	STAT1	865
ITGAX	CD3E	742
ITGAX	CXCL9	615
ITGAX	TLR1	581
ITGAX	CD47	507
ITGAX	CR2	702
ITGAX	PTGS2	417
ITGAX	FASLG	498
ITGAX	IFNGR1	463
ITGAX	CD1C	887
ITGAX	IL6R	433
ITGAX	CTSS	521
ITGAX	PRDM1	621
ITGAX	FCGR1A	816
ITGAX	CD2	778
ITGAX	CD40LG	693
ITGAX	ENTPD1	550
ITGAX	CD40	877
ITGAX	MMP9	530
ITGAX	CSF3R	644
ITGAX	ENG	412
ITGAX	SRC	769
ITGAX	CXCR3	677
ITGAX	TLR4	769
ITGAX	IL2RG	480
ITGAX	SYK	532
ITGAX	TNFSF13B	589
ITGAX	AIF1	611
ITGAX	FOXP3	875
ITGAX	CYBB	533
ITGAX	CD83	800
ITGAX	TNFRSF4	677
ITGAX	GATA3	600
ITGAX	RIGI	488
ITGAX	IL2RA	486
ITGAX	IFNA2	447
ITGAX	IFNB1	726
ITGAX	TLR7	738
ITGAX	IRF4	604
ITGAX	SDC1	730
ITGAX	IL33	598
ITGAX	CD274	724
ITGAX	CD9	481
ITGAX	TFRC	473
ITGAX	SPP1	549
ITGAX	CXCL1	598
ITGAX	IL4R	568
ITGAX	CXCL12	494
ITGAX	ITGB1	964
ITGAX	HLA-A	430
ITGAX	GAPDH	600
ITGAX	ITGA4	861
ITGAX	INS	549
ITGAX	IRF7	560
ITGAX	PDCD1LG2	620
ITGAX	ITGB2	999
ITGAX	BCL2	421
ITGAX	RELA	425
ITGAX	BCL6	550
ITGAX	IL6	797
ITGAX	IL1R1	540
ITGAX	CD8A	938
ITGAX	CXCR4	621
ITGAX	EOMES	467
ITGAX	ADIPOQ	405
ITGAX	ERV3-1	431
ITGAX	CXCR6	734
ITGAX	PRF1	632
ITGAX	CD44	833
ITGAX	TNF	876
ITGAX	PTPRC	939
ITGAX	CD36	629
ITGAX	MME	744
ITGAX	ERVW-1	445
ITGAX	ERVFRD-1	430
ITGAX	CXCL2	447
ITGAX	LYN	593
ITGAX	IDO1	765
ITGAX	HIF1A	406
ITGAX	SLAMF1	528
ITGAX	IL22	729
ITGAX	CD63	490
ITGAX	AKT1	472
ITGAX	ITGB3	848
ITGAX	PECAM1	732
ITGAX	SELL	827
ITGAX	ACTB	607
ITGAX	BTK	420
ITGAX	CTLA4	832
ITGAX	IL17A	867
ITGAX	IL12RB1	467
ITGAX	LOC102723407	469
ITGAX	SPN	708
ITGAX	CD48	465
ITGAX	KITLG	404
ITGAX	CCL4	647
ITGAX	ITGAM	729
ITGAX	CCL3	662
ITGAX	B2M	499
ITGAX	FAS	581
ITGAX	SIRPA	728
ITGAX	FLT3LG	741
ITGAX	CD24	663
ITGAX	NCAM1	731
ITGAX	CD1D	740
ITGAX	IRF3	478
ITGAX	MRC1	812
ITGAX	TLR5	629
TNFSF11	CD4	726
TNFSF11	TNFRSF1A	723
TNFSF11	FGF4	455
TNFSF11	NGFR	480
TNFSF11	FGF20	454
TNFSF11	FGF22	448
TNFSF11	NFKBIA	649
TNFSF11	MMP2	511
TNFSF11	RELB	540
TNFSF11	TGFB1	583
TNFSF11	HGF	403
TNFSF11	CSF3	432
TNFSF11	CCL2	595
TNFSF11	COL1A1	597
TNFSF11	NFKB1	768
TNFSF11	IL2	493
TNFSF11	SPI1	493
TNFSF11	CCND1	628
TNFSF11	FGF6	467
TNFSF11	IFNG	629
TNFSF11	IL4	734
TNFSF11	IL5	414
TNFSF11	NR3C1	454
TNFSF11	TNFSF10	482
TNFSF11	BMP4	506
TNFSF11	SOX9	447
TNFSF11	CCR7	410
TNFSF11	CD68	434
TNFSF11	PXDN	552
TNFSF11	JAG1	434
TNFSF11	CRP	530
TNFSF11	CCL21	493
TNFSF11	TLR2	506
TNFSF11	ITGAV	487
TNFSF11	SMAD2	427
TNFSF11	TYROBP	706
TNFSF11	MAPK3	541
TNFSF11	IL1A	801
TNFSF11	IL1B	854
TNFSF11	IL7	573
TNFSF11	CD80	479
TNFSF11	FGF2	479
TNFSF11	IL11	656
TNFSF11	WNT5A	470
TNFSF11	STAT3	588
TNFSF11	FGF10	447
TNFSF11	ICAM1	480
TNFSF11	LEF1	507
TNFSF11	EGF	420
TNFSF11	FGF7	477
TNFSF11	IRF8	457
TNFSF11	TP53	459
TNFSF11	ERBB2	400
TNFSF11	GZMA	430
TNFSF11	FGF18	474
TNFSF11	EGFR	756
TNFSF11	IL18	678
TNFSF11	FLT1	545
TNFSF11	WNT3A	506
TNFSF11	CSF1R	987
TNFSF11	CXCL13	563
TNFSF11	PPARG	547
TNFSF11	FCER1G	607
TNFSF11	WNT4	640
TNFSF11	CXCR5	402
TNFSF11	WNT1	420
TNFSF11	VCAM1	546
TNFSF11	REL	411
TNFSF11	ALB	541
TNFSF11	ANXA5	401
TNFSF11	IL15	548
TNFSF11	IL3	452
TNFSF11	CSF2	584
TNFSF11	MMP3	613
TNFSF11	WNT10B	506
TNFSF11	HSPA4	458
TNFSF11	IL13	454
TNFSF11	CXCL10	434
TNFSF11	FOS	856
TNFSF11	CXCL8	605
TNFSF11	EIF2AK3	449
TNFSF11	CCL19	439
TNFSF11	CD34	420
TNFSF11	CASP3	683
TNFSF11	FGF5	448
TNFSF11	LEP	545
TNFSF11	CD19	418
TNFSF11	FGF8	480
TNFSF11	MMP1	699
TNFSF11	GSK3B	447
TNFSF11	CD28	419
TNFSF11	PGR	428
TNFSF11	CSF1	912
TNFSF11	CD86	440
TNFSF11	SMAD3	407
TNFSF11	FGF3	448
TNFSF11	ESR2	441
TNFSF11	CCR6	475
TNFSF11	FN1	457
TNFSF11	CCRL2	400
TNFSF11	CCL20	452
TNFSF11	FGF17	447
TNFSF11	STAT1	588
TNFSF11	TGFB2	554
TNFSF11	PTGS2	571
TNFSF11	NES	461
TNFSF11	IL6R	437
TNFSF11	CTSS	420
TNFSF11	FCGR1A	527
TNFSF11	CHUK	532
TNFSF11	CD40LG	629
TNFSF11	JUN	738
TNFSF11	RUNX2	876
TNFSF11	CD40	878
TNFSF11	MMP9	757
TNFSF11	HDAC1	507
TNFSF11	SRC	876
TNFSF11	DKK1	767
TNFSF11	TLR4	549
TNFSF11	SYK	649
TNFSF11	TNFSF13B	880
TNFSF11	FOXP3	532
TNFSF11	BMP2	864
TNFSF11	GATA3	532
TNFSF11	FOXO1	574
TNFSF11	IFNB1	422
TNFSF11	SDC1	552
TNFSF11	IL33	430
TNFSF11	JAK2	424
TNFSF11	FGF9	472
TNFSF11	CD9	573
TNFSF11	SQSTM1	495
TNFSF11	GRB2	421
TNFSF11	IGF1	804
TNFSF11	SPP1	769
TNFSF11	MAPK8	446
TNFSF11	AREG	406
TNFSF11	CXCL1	633
TNFSF11	CXCL12	627
TNFSF11	CCK	480
TNFSF11	GAPDH	644
TNFSF11	INS	543
TNFSF11	BCL2	473
TNFSF11	CTNNB1	697
TNFSF11	IL22	514
TNFSF11	SEM1	440
TNFSF11	TGFA	411
TNFSF11	CDKN2A	523
TNFSF11	PTPRC	546
TNFSF11	IL1R1	417
TNFSF11	AKT1	751
TNFSF11	ITGB3	552
TNFSF11	RHOA	408
TNFSF11	CD8A	544
TNFSF11	ITGAM	549
TNFSF11	CCL3	585
TNFSF11	HIF1A	480
TNFSF11	CREB1	626
TNFSF11	SLAMF1	423
TNFSF11	ADIPOQ	480
TNFSF11	IL6	810
TNFSF11	RELA	462
TNFSF11	IL17A	744
TNFSF11	TNF	831
TNFSF11	CD44	470
TNFSF11	NFATC1	945
TNFSF11	CXCR4	540
TNFSF11	BTK	401
TNFSF11	TRAF6	986
TNFSF11	SHC1	583
TNFSF11	IKBKB	643
TNFSF11	ESR1	651
TNFSF11	CTLA4	492
TNFSF11	FGF16	449
TNFSF11	IGF1R	678
TNFSF11	ACTB	610
TNFSF11	PECAM1	422
TNFSF11	MYC	423
CD36	CD4	612
CD36	SIRT1	678
CD36	HMOX1	472
CD36	NFKBIA	440
CD36	TIMP1	617
CD36	TGFB1	540
CD36	SERPINE1	436
CD36	MPO	502
CD36	CCL2	670
CD36	COL1A1	720
CD36	CD38	517
CD36	NFKB1	693
CD36	IFNG	607
CD36	IL4	888
CD36	CCR7	406
CD36	CD68	797
CD36	APOE	795
CD36	EPO	401
CD36	PXDN	534
CD36	GFAP	462
CD36	LGALS3	646
CD36	CRP	474
CD36	TLR2	998
CD36	THBS1	999
CD36	ITGAV	875
CD36	VWF	803
CD36	CD33	732
CD36	CREBBP	567
CD36	ITGA2B	952
CD36	TYROBP	454
CD36	MAPK3	456
CD36	EP300	584
CD36	IL1A	518
CD36	IL1B	727
CD36	CD81	889
CD36	KDR	857
CD36	CD80	516
CD36	STAT3	508
CD36	ICAM1	806
CD36	PPARGC1A	843
CD36	EGF	549
CD36	IRF8	499
CD36	TP53	421
CD36	FCGR2A	564
CD36	IL18	483
CD36	FLT1	459
CD36	THY1	446
CD36	APP	635
CD36	CSF1R	583
CD36	PPARG	942
CD36	KIT	692
CD36	FCER1G	734
CD36	ACE	408
CD36	CCR5	470
CD36	VCAM1	771
CD36	ALB	640
CD36	CXCL5	545
CD36	PF4	434
CD36	ANXA5	424
CD36	IL15	434
CD36	ITGA2	609
CD36	TLR3	481
CD36	IL3	415
CD36	CSF2	483
CD36	MMP3	564
CD36	ANPEP	735
CD36	STAT6	442
CD36	AXL	408
CD36	CLEC7A	787
CD36	HSPA4	563
CD36	IRS1	661
CD36	IL13	855
CD36	CEBPB	486
CD36	CXCL10	441
CD36	CXCL8	512
CD36	CXCL11	568
CD36	CD34	739
CD36	CASP3	475
CD36	HAVCR2	489
CD36	TLR8	475
CD36	AOC3	463
CD36	LEP	663
CD36	CD19	888
CD36	CD209	519
CD36	CALR	614
CD36	CSF1	483
CD36	IL3RA	614
CD36	SELE	724
CD36	CD86	588
CD36	LAMP1	406
CD36	NLRP3	544
CD36	CAV1	956
CD36	PTK2	455
CD36	HMGB1	789
CD36	FYN	983
CD36	FN1	702
CD36	ITGAL	413
CD36	ARG1	533
CD36	CX3CR1	524
CD36	FCGR2B	564
CD36	FUT4	669
CD36	CD163	981
CD36	DPP4	420
CD36	TLR9	447
CD36	STAT1	441
CD36	MTOR	416
CD36	CD3E	459
CD36	TLR1	968
CD36	CD47	994
CD36	AGT	465
CD36	PTGS2	484
CD36	CD1C	462
CD36	CTSS	437
CD36	FCGR1A	710
CD36	CD2	697
CD36	CD40LG	631
CD36	ENTPD1	416
CD36	JUN	447
CD36	CD40	707
CD36	MMP9	578
CD36	ENG	449
CD36	SRC	720
CD36	CXCR3	446
CD36	TLR4	998
CD36	SYK	491
CD36	AIF1	416
CD36	FOXP3	407
CD36	CYBB	552
CD36	FOXO1	469
CD36	TLR7	472
CD36	JAK2	417
CD36	CD9	902
CD36	TFRC	696
CD36	IGF1	496
CD36	GPT	478
CD36	CXCL12	433
CD36	ITGB1	864
CD36	GAPDH	593
CD36	ITGA4	576
CD36	NFE2L2	453
CD36	INS	741
CD36	ITGB2	809
CD36	BCL2	417
CD36	PPARA	952
CD36	IL6	730
CD36	CD8A	737
CD36	CXCR4	432
CD36	ADIPOQ	806
CD36	CD44	714
CD36	TNF	711
CD36	PRKCA	588
CD36	PTPRC	770
CD36	CDH5	587
CD36	TLR5	429
CD36	LYN	987
CD36	NCAM1	716
CD36	CD1D	419
CD36	MRC1	687
CD36	AKT1	596
CD36	PTPN11	566
CD36	ITGB3	861
CD36	SIRPA	750
CD36	SLC2A1	517
CD36	ERVW-1	422
CD36	CD63	456
CD36	CEBPA	645
CD36	CCL3	451
CD36	ITGAM	805
CD36	HIF1A	520
CD36	IL17A	429
CD36	MME	465
CD36	PECAM1	851
CD36	SELL	401
CD36	ACTB	612
LAMP1	CD4	775
LAMP1	TBX21	514
LAMP1	LAG3	521
LAMP1	IL2RB	459
LAMP1	GZMB	773
LAMP1	RPS6KB1	530
LAMP1	CCL2	419
LAMP1	CD38	514
LAMP1	IL2	764
LAMP1	CD69	721
LAMP1	IFNG	803
LAMP1	IL4	532
LAMP1	KLRK1	729
LAMP1	CCR7	605
LAMP1	CD68	915
LAMP1	APOE	453
LAMP1	PXDN	623
LAMP1	GFAP	517
LAMP1	LGALS3	862
LAMP1	TLR2	430
LAMP1	SCARB1	459
LAMP1	TYROBP	405
LAMP1	MAPK3	424
LAMP1	ITGAE	446
LAMP1	IL1B	545
LAMP1	CD81	729
LAMP1	IL7	431
LAMP1	CD80	678
LAMP1	ICAM1	637
LAMP1	SCARB2	647
LAMP1	EGF	475
LAMP1	CD27	631
LAMP1	TP53	476
LAMP1	ERBB2	611
LAMP1	FCGR2A	484
LAMP1	GZMA	540
LAMP1	EGFR	738
LAMP1	IFNA1	479
LAMP1	IL18	541
LAMP1	APP	558
LAMP1	NCR1	705
LAMP1	CCR5	448
LAMP1	VCAM1	657
LAMP1	ALB	650
LAMP1	ANXA5	602
LAMP1	IL15	645
LAMP1	ITGA2	436
LAMP1	CSF2	526
LAMP1	HSPA4	643
LAMP1	IL13	429
LAMP1	IL7R	577
LAMP1	CASP3	562
LAMP1	HAVCR2	603
LAMP1	AOC3	480
LAMP1	CD19	646
LAMP1	CD209	585
LAMP1	CD276	401
LAMP1	CALR	578
LAMP1	HSPA5	540
LAMP1	CD28	663
LAMP1	SELE	461
LAMP1	CD86	724
LAMP1	CD63	986
LAMP1	CD247	457
LAMP1	ITGB1	439
LAMP1	ERVW-1	434
LAMP1	CD8A	795
LAMP1	HSPA8	683
LAMP1	FAS	494
LAMP1	CD274	558
LAMP1	MTOR	997
LAMP1	TLR9	467
LAMP1	PRF1	845
LAMP1	TFRC	855
LAMP1	FCGR2B	470
LAMP1	AKT1	587
LAMP1	MRC1	657
LAMP1	CYBB	567
LAMP1	CD1D	404
LAMP1	NCAM1	772
LAMP1	PTPRC	631
LAMP1	TLR4	461
LAMP1	ITGAL	407
LAMP1	CTNNB1	437
LAMP1	HLA-A	641
LAMP1	CD40	457
LAMP1	NOTCH1	578
LAMP1	FASLG	512
LAMP1	ACTB	679
LAMP1	BECN1	852
LAMP1	GAPDH	669
LAMP1	CD9	526
LAMP1	AIF1	515
LAMP1	ITGA4	721
LAMP1	SELL	620
LAMP1	MYC	458
LAMP1	INS	424
LAMP1	CXCR3	449
LAMP1	BCL2	434
LAMP1	CAV1	583
LAMP1	CTSS	739
LAMP1	PDCD1	483
LAMP1	TNF	725
LAMP1	CD40LG	494
LAMP1	CXCR4	410
LAMP1	CD44	588
LAMP1	CTLA4	515
LAMP1	CD3E	402
LAMP1	SQSTM1	782
LAMP1	IL6	531
LAMP1	KLRD1	610
LAMP1	IL17A	487
LAMP1	HSP90AB1	406
LAMP1	EOMES	511
LAMP1	SRC	425
LAMP1	TLR7	404
LAMP1	ITGAM	702
LAMP1	FOXP3	586
LAMP1	CCL3	424
LAMP1	CCL4	585
LAMP1	FN1	635
GRB2	CD4	436
GRB2	CD22	783
GRB2	TNFRSF1A	855
GRB2	FGF4	755
GRB2	NGFR	762
GRB2	FGF20	770
GRB2	FGF22	759
GRB2	MAPK1	920
GRB2	IL2RB	643
GRB2	GZMB	571
GRB2	MMP2	511
GRB2	TGFB1	543
GRB2	CD79A	737
GRB2	PIK3R2	789
GRB2	HGF	838
GRB2	CSF3	582
GRB2	RPS6KB1	482
GRB2	NFKB1	605
GRB2	IL2	643
GRB2	CCND1	658
GRB2	FGF6	745
GRB2	CDKN1B	827
GRB2	MAPK14	631
GRB2	HBEGF	592
GRB2	IL5	499
GRB2	KLRK1	667
GRB2	FLT3	972
GRB2	PLCG1	999
GRB2	EPO	776
GRB2	PXDN	412
GRB2	LGALS3	476
GRB2	KRAS	931
GRB2	PDGFRA	974
GRB2	CDK4	532
GRB2	VWF	572
GRB2	CDH1	632
GRB2	PDGFRB	999
GRB2	SMAD2	539
GRB2	CREBBP	525
GRB2	ITGA2B	679
GRB2	TYROBP	709
GRB2	MAPK3	868
GRB2	EP300	601
GRB2	CD81	476
GRB2	KDR	970
GRB2	PIK3CA	924
GRB2	CBL	999
GRB2	CD80	583
GRB2	FGF2	663
GRB2	STAT3	892
GRB2	FGF10	759
GRB2	ZAP70	992
GRB2	EGF	995
GRB2	CDK2	608
GRB2	ERBB3	999
GRB2	FGF7	765
GRB2	TP53	766
GRB2	ERBB2	999
GRB2	RPS27A	639
GRB2	FGF18	784
GRB2	EGFR	999
GRB2	FLT1	913
GRB2	APP	945
GRB2	CSF1R	950
GRB2	KIT	998
GRB2	FCER1G	617
GRB2	CALM3	650
GRB2	STAT5B	852
GRB2	IL15	633
GRB2	IL3	622
GRB2	CSF2	557
GRB2	NPM1	919
GRB2	RUNX1	461
GRB2	AXL	931
GRB2	MAP2K1	814
GRB2	CALML6	585
GRB2	IRS1	999
GRB2	FOS	514
GRB2	EIF2AK3	683
GRB2	PRKACA	564
GRB2	CASP3	411
GRB2	FGF5	745
GRB2	CD19	892
GRB2	CALML3	586
GRB2	MET	999
GRB2	ICOS	715
GRB2	FGF8	745
GRB2	HSPA5	434
GRB2	GSK3B	536
GRB2	CD28	999
GRB2	CSF1	785
GRB2	IL3RA	761
GRB2	SOCS3	416
GRB2	PDGFB	526
GRB2	CD86	692
GRB2	SMAD3	582
GRB2	FGF3	745
GRB2	HSP90AA1	835
GRB2	KLRD1	598
GRB2	CAV1	624
GRB2	FGFR3	984
GRB2	PTK2	999
GRB2	STAT5A	854
GRB2	ERBB4	999
GRB2	CD5	652
GRB2	PDGFA	537
GRB2	FYN	980
GRB2	FN1	744
GRB2	NF1	556
GRB2	FCGR2B	571
GRB2	TGFBR2	795
GRB2	FGF17	745
GRB2	TLR9	562
GRB2	STAT1	829
GRB2	MTOR	512
GRB2	CD247	823
GRB2	CD47	560
GRB2	FASLG	635
GRB2	NGF	697
GRB2	NRAS	815
GRB2	PRKACB	559
GRB2	XIAP	482
GRB2	JUN	586
GRB2	HSP90AB1	658
GRB2	PTEN	665
GRB2	MMP9	411
GRB2	ABL1	999
GRB2	CSF3R	845
GRB2	SRC	999
GRB2	IL2RG	556
GRB2	SYK	986
GRB2	BCL2L1	412
GRB2	PRKACG	557
GRB2	PIK3CD	612
GRB2	IL2RA	690
GRB2	TEK	853
GRB2	CALML5	589
GRB2	JAK2	987
GRB2	FGF9	771
GRB2	ALK	965
GRB2	SQSTM1	559
GRB2	RHOA	573
GRB2	FGF13	545
GRB2	HSPA8	693
GRB2	CD8A	408
GRB2	SIRPA	886
GRB2	TYK2	823
GRB2	BRAF	617
GRB2	ITGB3	637
GRB2	B2M	632
GRB2	AKT1	907
GRB2	PTPN11	999
GRB2	TGFBR1	847
GRB2	UBC	662
GRB2	JAK3	632
GRB2	SOCS1	752
GRB2	PTPN6	964
GRB2	ANGPT1	639
GRB2	FGFR2	993
GRB2	NCAM1	670
GRB2	MAPK8	447
GRB2	PTPRC	466
GRB2	JAK1	899
GRB2	VAV1	999
GRB2	FLT3LG	502
GRB2	LYN	866
GRB2	CTNNB1	506
GRB2	PIK3R1	998
GRB2	PRKCA	665
GRB2	NTRK1	993
GRB2	TGFA	768
GRB2	ACTB	814
GRB2	GAPDH	530
GRB2	UBB	565
GRB2	HRAS	938
GRB2	IGF1R	985
GRB2	IGF1	762
GRB2	FGF16	771
GRB2	MYC	732
GRB2	SELL	437
GRB2	BCL2	643
GRB2	INS	855
GRB2	TNF	442
GRB2	SOS1	999
GRB2	FGFR1	961
GRB2	ESR1	819
GRB2	FGF1	623
GRB2	CTLA4	576
GRB2	SHC1	999
GRB2	UBA52	611
GRB2	CALML4	586
GRB2	BTK	984
GRB2	IL6	448
GRB2	SLAMF1	499
GRB2	IGF2	660
GRB2	BDNF	779
GRB2	PIK3CB	775
GRB2	AREG	577
GRB2	CREB1	431
GRB2	KITLG	594
TBX21	CD4	947
TBX21	NCR1	749
TBX21	CD80	835
TBX21	CD163	459
TBX21	CCL21	440
TBX21	CR2	551
TBX21	CCR7	823
TBX21	CSF2	628
TBX21	IFNG	964
TBX21	CCL19	452
TBX21	BCL6	915
TBX21	IFNAR1	414
TBX21	ITGA2	447
TBX21	CD38	584
TBX21	CCL17	412
TBX21	STAT5B	727
TBX21	CD247	570
TBX21	IL33	608
TBX21	SDC1	400
TBX21	PRDM1	805
TBX21	CD1C	509
TBX21	CXCL13	496
TBX21	CD8A	944
TBX21	IFNB1	474
TBX21	IL1R1	486
TBX21	STAT4	908
TBX21	PDCD1LG2	479
TBX21	IFNGR1	632
TBX21	IL5	839
TBX21	RUNX3	991
TBX21	IL21R	662
TBX21	FAS	491
TBX21	CCR5	722
TBX21	CD274	635
TBX21	MTOR	434
TBX21	CXCL8	630
TBX21	CD19	714
TBX21	B2M	401
TBX21	TLR9	534
TBX21	CD276	686
TBX21	PRF1	872
TBX21	CD2	725
TBX21	NOTCH2	440
TBX21	FCGR2B	536
TBX21	AKT1	470
TBX21	IRF1	557
TBX21	BMI1	429
TBX21	TLR3	415
TBX21	KIT	454
TBX21	IL2RG	559
TBX21	ENTPD1	606
TBX21	HAVCR2	701
TBX21	CD1D	626
TBX21	IFNA1	663
TBX21	JAK3	443
TBX21	IL7R	794
TBX21	SOCS1	490
TBX21	RAG1	616
TBX21	CD24	470
TBX21	IRF7	405
TBX21	NOD2	450
TBX21	ICOS	775
TBX21	NCAM1	736
TBX21	AOC3	626
TBX21	JAK1	478
TBX21	PTPRC	765
TBX21	TLR4	556
TBX21	LAG3	746
TBX21	CCRL2	737
TBX21	ITGAL	510
TBX21	GZMB	918
TBX21	KLRK1	748
TBX21	IL3	404
TBX21	CD40	620
TBX21	TLR5	420
TBX21	ANXA5	406
TBX21	CD28	826
TBX21	IL2RA	841
TBX21	CCL20	482
TBX21	IL10RA	557
TBX21	IL22	774
TBX21	STAT6	878
TBX21	TNFRSF4	638
TBX21	FASLG	789
TBX21	ACTB	515
TBX21	NFKB1	493
TBX21	CD68	433
TBX21	GAPDH	515
TBX21	IL1A	507
TBX21	IL18	649
TBX21	STAT5A	734
TBX21	IL4R	665
TBX21	ITGA4	491
TBX21	IL13	852
TBX21	SELL	763
TBX21	GZMA	770
TBX21	IRF8	716
TBX21	ETS1	876
TBX21	IDO1	527
TBX21	ICAM1	447
TBX21	IL9	639
TBX21	CXCR3	831
TBX21	BCL2	498
TBX21	TNFSF13B	492
TBX21	IL2	868
TBX21	IL3RA	403
TBX21	CX3CR1	569
TBX21	LEF1	514
TBX21	PDCD1	700
TBX21	IL1B	782
TBX21	TNF	838
TBX21	NFATC1	525
TBX21	CD44	689
TBX21	ITGAE	694
TBX21	CD40LG	654
TBX21	CXCR4	459
TBX21	CD69	757
TBX21	CTLA4	822
TBX21	SYK	402
TBX21	THY1	518
TBX21	CXCR6	678
TBX21	STAT1	846
TBX21	JAK2	422
TBX21	IL7	653
TBX21	CD86	678
TBX21	NT5E	418
TBX21	CD3E	610
TBX21	IL12RB1	833
TBX21	CXCL9	609
TBX21	NR3C1	543
TBX21	IL6	829
TBX21	SPN	452
TBX21	IL4	887
TBX21	ZAP70	606
TBX21	FCGR2A	475
TBX21	CD83	431
TBX21	SLAMF1	574
TBX21	CCR6	728
TBX21	KLRD1	772
TBX21	SPI1	685
TBX21	CD27	773
TBX21	STAT3	789
TBX21	IL17A	937
TBX21	EP300	674
TBX21	IL6R	473
TBX21	CXCL10	736
TBX21	EOMES	476
TBX21	AREG	447
TBX21	TLR7	513
TBX21	RUNX1	974
TBX21	SOCS3	456
TBX21	IRF4	760
TBX21	SMAD2	411
TBX21	GATA3	997
TBX21	ITGAM	717
TBX21	FOXP3	934
TBX21	CCL2	488
TBX21	TLR2	530
TBX21	CCL3	533
TBX21	IL2RB	813
TBX21	CXCL11	466
TBX21	TGFB1	730
TBX21	CD5	586
TBX21	CXCR5	737
TBX21	SMAD3	655
TBX21	CCL4	634
TBX21	FOXO1	637
TBX21	IL15	885
TRAF6	CD4	620
TRAF6	TNFRSF1A	996
TRAF6	NGFR	988
TRAF6	SIRT1	455
TRAF6	MAPK1	636
TRAF6	HMOX1	599
TRAF6	NFKBIA	966
TRAF6	RELB	708
TRAF6	TGFB1	455
TRAF6	PIK3R2	590
TRAF6	CCL2	542
TRAF6	NFKB1	951
TRAF6	IL2	491
TRAF6	SPI1	420
TRAF6	IFNG	831
TRAF6	MAPK14	664
TRAF6	IL4	530
TRAF6	IRF1	644
TRAF6	PXDN	486
TRAF6	KRAS	500
TRAF6	PDGFRA	695
TRAF6	IL1RN	405
TRAF6	TLR2	909
TRAF6	SMAD2	877
TRAF6	TYROBP	408
TRAF6	MAPK3	570
TRAF6	EP300	429
TRAF6	IL1A	956
TRAF6	IL1B	981
TRAF6	PIK3CA	715
TRAF6	CBL	905
TRAF6	CD80	469
TRAF6	STAT3	887
TRAF6	ICAM1	455
TRAF6	EGF	567
TRAF6	IRF8	841
TRAF6	TP53	954
TRAF6	IFNAR1	503
TRAF6	RPS27A	989
TRAF6	EGFR	860
TRAF6	IFNA1	596
TRAF6	ATM	527
TRAF6	IL18	732
TRAF6	APP	520
TRAF6	CSF1R	423
TRAF6	STAT5B	627
TRAF6	REL	704
TRAF6	ALB	404
TRAF6	TLR3	999
TRAF6	CSF2	455
TRAF6	STAT6	570
TRAF6	RUNX1	661
TRAF6	NOD2	862
TRAF6	CLEC7A	407
TRAF6	HSPA4	946
TRAF6	IL13	598
TRAF6	CEBPB	430
TRAF6	CXCL10	485
TRAF6	FOS	653
TRAF6	CXCL8	726
TRAF6	EIF2AK3	501
TRAF6	CYCS	628
TRAF6	CASP3	548
TRAF6	TLR8	804
TRAF6	GSK3B	994
TRAF6	CD28	407
TRAF6	CSF1	494
TRAF6	SOCS3	753
TRAF6	CD86	573
TRAF6	SMAD3	955
TRAF6	NLRP3	567
TRAF6	FGFR3	667
TRAF6	STAT5A	628
TRAF6	SMAD4	493
TRAF6	HMGB1	450
TRAF6	FYN	948
TRAF6	CASP8	978
TRAF6	CCL20	552
TRAF6	TGFBR2	842
TRAF6	TLR9	982
TRAF6	STAT1	902
TRAF6	MTOR	608
TRAF6	TLR1	787
TRAF6	BECN1	982
TRAF6	PARP1	402
TRAF6	PTGS2	493
TRAF6	MCL1	554
TRAF6	NGF	647
TRAF6	CHUK	999
TRAF6	CD40LG	650
TRAF6	PRKACB	705
TRAF6	XIAP	837
TRAF6	JUN	714
TRAF6	PTEN	484
TRAF6	CD40	999
TRAF6	MMP9	562
TRAF6	SRC	996
TRAF6	TLR4	999
TRAF6	KLF4	474
TRAF6	SYK	936
TRAF6	TNFSF13B	461
TRAF6	BCL2L1	423
TRAF6	FOXP3	435
TRAF6	CYBB	423
TRAF6	RIGI	971
TRAF6	IFNB1	895
TRAF6	TLR7	927
TRAF6	IRF4	903
TRAF6	IL33	841
TRAF6	JAK2	600
TRAF6	SQSTM1	999
TRAF6	IGF1	567
TRAF6	KEAP1	443
TRAF6	MAPK8	972
TRAF6	CXCL1	432
TRAF6	GAPDH	599
TRAF6	NFE2L2	400
TRAF6	IRF7	999
TRAF6	BCL2	695
TRAF6	RELA	867
TRAF6	IL6	825
TRAF6	IL1R1	999
TRAF6	CD8A	514
TRAF6	CREB1	474
TRAF6	UBA52	959
TRAF6	NFATC1	761
TRAF6	PTPN6	942
TRAF6	TNF	998
TRAF6	ESR1	496
TRAF6	FGFR2	681
TRAF6	BRAF	468
TRAF6	PIK3R1	651
TRAF6	LYN	623
TRAF6	IKBKB	999
TRAF6	NTRK1	817
TRAF6	TYK2	469
TRAF6	JAK1	514
TRAF6	TNFAIP3	998
TRAF6	SOCS1	763
TRAF6	IRF3	908
TRAF6	TGFBR1	993
TRAF6	UBC	976
TRAF6	IL22	591
TRAF6	NOTCH1	408
TRAF6	TLR5	969
TRAF6	CTNNB1	606
TRAF6	HSPA8	631
TRAF6	PTPN11	948
TRAF6	AKT1	954
TRAF6	B2M	447
TRAF6	PIK3CB	575
TRAF6	IL17A	693
TRAF6	CCL3	425
TRAF6	ITGAM	432
TRAF6	HIF1A	717
TRAF6	MYC	477
TRAF6	IGF1R	742
TRAF6	UBB	841
TRAF6	ACTB	603
TRAF6	BTK	786
RIGI	CD4	628
RIGI	TNFRSF1A	587
RIGI	NFKBIA	798
RIGI	RELB	434
RIGI	CCL2	619
RIGI	NFKB1	882
RIGI	IL2	506
RIGI	IFNG	693
RIGI	IL4	506
RIGI	TNFSF10	624
RIGI	PLCG1	443
RIGI	IRF1	754
RIGI	PXDN	404
RIGI	TLR2	743
RIGI	MAPK3	571
RIGI	IL1A	589
RIGI	IL1B	743
RIGI	IL7	438
RIGI	CBL	771
RIGI	CD80	529
RIGI	STAT3	537
RIGI	ICAM1	450
RIGI	IRF8	459
RIGI	TP53	424
RIGI	IFNAR1	791
RIGI	RPS27A	983
RIGI	IFNA1	902
RIGI	IL18	664
RIGI	FCER1G	437
RIGI	CCR5	402
RIGI	REL	404
RIGI	IL15	525
RIGI	TLR3	973
RIGI	CSF2	519
RIGI	NOD2	891
RIGI	CLEC7A	546
RIGI	HSPA4	547
RIGI	IL13	410
RIGI	CXCL10	854
RIGI	CXCL8	623
RIGI	CXCL11	611
RIGI	CASP3	425
RIGI	TLR8	791
RIGI	CD209	678
RIGI	CSF1	400
RIGI	SOCS3	466
RIGI	CD86	526
RIGI	NLRP3	817
RIGI	HMGB1	456
RIGI	CASP8	833
RIGI	TLR9	902
RIGI	STAT1	994
RIGI	CXCL9	512
RIGI	TLR1	637
RIGI	IFNGR1	450
RIGI	CTSS	406
RIGI	FCGR1A	594
RIGI	CHUK	806
RIGI	JUN	477
RIGI	CD40	516
RIGI	SRC	536
RIGI	TLR4	815
RIGI	SYK	434
RIGI	TNFSF13B	481
RIGI	CD44	555
RIGI	TNF	739
RIGI	IKBKB	790
RIGI	UBA52	939
RIGI	JAK2	527
RIGI	ACTB	580
RIGI	GAPDH	575
RIGI	UBB	940
RIGI	IDO1	461
RIGI	MYC	440
RIGI	HIF1A	451
RIGI	ERV3-1	425
RIGI	CCL3	549
RIGI	ITGAM	473
RIGI	CCL4	477
RIGI	ERVFRD-1	415
RIGI	SQSTM1	745
RIGI	IL6	738
RIGI	IL17A	513
RIGI	TLR7	920
RIGI	AREG	490
RIGI	RELA	734
RIGI	IFNA2	853
RIGI	IFNB1	961
RIGI	IL1R1	622
RIGI	TYK2	604
RIGI	CD274	540
RIGI	PRF1	402
RIGI	AKT1	435
RIGI	PTPN11	465
RIGI	CXCL1	428
RIGI	CD8A	652
RIGI	ERVW-1	491
RIGI	TLR5	634
RIGI	ACE2	581
RIGI	PRKCA	466
RIGI	UBC	972
RIGI	SOCS1	559
RIGI	TNFAIP3	460
RIGI	IRF3	990
RIGI	IRF7	990
RIGI	JAK1	753
IL2RA	CD4	936
IL2RA	TNFRSF1A	763
IL2RA	LAG3	631
IL2RA	IL2RB	999
IL2RA	GZMB	662
IL2RA	CCL17	415
IL2RA	TGFB1	475
IL2RA	PIK3R2	427
IL2RA	HGF	555
IL2RA	CSF3	837
IL2RA	CCL2	585
IL2RA	CD38	511
IL2RA	NFKB1	644
IL2RA	IL2	999
IL2RA	IL10RA	705
IL2RA	CD69	794
IL2RA	IFNG	967
IL2RA	IL4	984
IL2RA	IL5	912
IL2RA	KLRK1	472
IL2RA	CCR7	777
IL2RA	LIF	706
IL2RA	EPO	708
IL2RA	CRP	689
IL2RA	KRAS	509
IL2RA	NT5E	417
IL2RA	IL1RN	485
IL2RA	ITGAE	488
IL2RA	IL1A	615
IL2RA	IL1B	869
IL2RA	IL7	972
IL2RA	PIK3CA	460
IL2RA	CD80	646
IL2RA	IL11	724
IL2RA	STAT3	659
IL2RA	ICAM1	759
IL2RA	ZAP70	479
IL2RA	EGF	763
IL2RA	CD27	738
IL2RA	IRF8	453
IL2RA	ERBB2	514
IL2RA	GZMA	538
IL2RA	IL9	905
IL2RA	IFNA1	843
IL2RA	IL18	706
IL2RA	THY1	465
IL2RA	CXCL13	426
IL2RA	KIT	400
IL2RA	NCR1	548
IL2RA	CXCR5	553
IL2RA	CCR5	563
IL2RA	STAT5B	989
IL2RA	VCAM1	595
IL2RA	REL	414
IL2RA	IL15	989
IL2RA	IL3	894
IL2RA	CSF2	869
IL2RA	RAG1	669
IL2RA	STAT6	408
IL2RA	RUNX1	896
IL2RA	CCL11	586
IL2RA	IL13	905
IL2RA	CXCL10	692
IL2RA	IL7R	914
IL2RA	CXCL8	677
IL2RA	CXCL11	434
IL2RA	CD34	420
IL2RA	HAVCR2	798
IL2RA	AOC3	418
IL2RA	LEP	709
IL2RA	CD19	614
IL2RA	ICOS	681
IL2RA	CD276	465
IL2RA	CD28	846
IL2RA	CSF1	408
IL2RA	IL3RA	630
IL2RA	PDGFB	702
IL2RA	CD86	599
IL2RA	PDCD1	754
IL2RA	IL21R	833
IL2RA	STAT5A	995
IL2RA	CD5	771
IL2RA	CCR6	691
IL2RA	PDGFA	711
IL2RA	FYN	503
IL2RA	ITGAL	417
IL2RA	CCRL2	529
IL2RA	STAT4	564
IL2RA	CCL20	615
IL2RA	CD163	485
IL2RA	STAT1	638
IL2RA	MTOR	463
IL2RA	CD3E	718
IL2RA	CD247	492
IL2RA	CXCL9	673
IL2RA	FASLG	563
IL2RA	IFNGR1	692
IL2RA	IL6R	831
IL2RA	PRDM1	704
IL2RA	CD2	769
IL2RA	NRAS	495
IL2RA	CD40LG	868
IL2RA	ENTPD1	549
IL2RA	CD40	550
IL2RA	MMP9	486
IL2RA	CXCR3	535
IL2RA	TLR4	404
IL2RA	IL2RG	999
IL2RA	SYK	772
IL2RA	TNFSF13B	611
IL2RA	BCL2L1	552
IL2RA	FOXP3	970
IL2RA	PIK3CD	527
IL2RA	TNFRSF4	664
IL2RA	GATA3	613
IL2RA	INS	615
IL2RA	BCL2	420
IL2RA	CD8A	943
IL2RA	IL4R	751
IL2RA	SELL	650
IL2RA	IL33	635
IL2RA	IDO1	614
IL2RA	MYC	417
IL2RA	RHOA	910
IL2RA	HRAS	475
IL2RA	BCL6	486
IL2RA	JAK2	879
IL2RA	CXCL12	401
IL2RA	PRF1	733
IL2RA	TFRC	475
IL2RA	AKT1	405
IL2RA	SHC1	710
IL2RA	CD274	661
IL2RA	CTLA4	871
IL2RA	CXCR6	648
IL2RA	TNF	876
IL2RA	CD44	756
IL2RA	CXCR4	407
IL2RA	TYK2	792
IL2RA	SOS1	631
IL2RA	FAS	425
IL2RA	SIRPA	426
IL2RA	IFNB1	778
IL2RA	IL1R1	760
IL2RA	JAK1	978
IL2RA	PTPRC	677
IL2RA	TLR7	549
IL2RA	PIK3CB	446
IL2RA	IFNA2	793
IL2RA	RELA	452
IL2RA	IL17A	805
IL2RA	NCAM1	554
IL2RA	EOMES	514
IL2RA	SLAMF1	519
IL2RA	CD1D	413
IL2RA	JAK3	996
IL2RA	PTPN6	575
IL2RA	TNFAIP3	415
IL2RA	SOCS1	407
IL2RA	IL12RB1	779
IL2RA	ADIPOQ	453
IL2RA	IL6	953
IL2RA	IL22	822
IL2RA	PIK3R1	476
IL2RA	CD48	622
IL2RA	CCL4	643
IL2RA	ITGAM	495
IL2RA	CCL3	765
IL2RA	IRF4	595
IL2RA	CTNNB1	412
UBC	CD74	607
UBC	TNFRSF1A	734
UBC	FGF4	539
UBC	NGFR	517
UBC	FGF20	541
UBC	FGF22	541
UBC	NFKBIA	963
UBC	RELB	477
UBC	TGFB1	714
UBC	HGF	548
UBC	CSF3	693
UBC	NFKB1	638
UBC	CCND1	591
UBC	GLI1	547
UBC	FGF6	540
UBC	CDKN1B	967
UBC	HBEGF	540
UBC	FLT3	664
UBC	GFAP	612
UBC	H3-3B	699
UBC	JAG1	457
UBC	KRAS	595
UBC	CCNB1	615
UBC	NOTCH2	536
UBC	MDM2	990
UBC	CDH1	592
UBC	SMAD2	586
UBC	AXIN1	640
UBC	MAPK3	532
UBC	EP300	791
UBC	EPAS1	610
UBC	CBL	994
UBC	FGF2	747
UBC	STAT3	418
UBC	FGF10	550
UBC	ZAP70	823
UBC	EGF	696
UBC	CDK2	913
UBC	ERBB3	549
UBC	FGF7	543
UBC	TP53	921
UBC	ERBB2	598
UBC	RPS27A	998
UBC	FGF18	539
UBC	EGFR	899
UBC	ATM	733
UBC	WNT3A	514
UBC	CSF1R	551
UBC	PPARG	413
UBC	REL	582
UBC	TLR3	559
UBC	NPM1	405
UBC	SHH	522
UBC	RAG1	414
UBC	NOD2	522
UBC	MAP2K1	551
UBC	AXIN2	531
UBC	CEBPB	545
UBC	CASP3	510
UBC	FGF5	556
UBC	MET	569
UBC	FGF8	541
UBC	HSPA5	412
UBC	GSK3B	650
UBC	NOS2	564
UBC	CSF1	550
UBC	SOCS3	525
UBC	SMAD3	559
UBC	H3C13	966
UBC	FGF3	541
UBC	HSP90AA1	735
UBC	FGFR3	505
UBC	H3-5	676
UBC	SMAD4	538
UBC	ERBB4	570
UBC	E2F1	402
UBC	FYN	546
UBC	NF1	559
UBC	TGFBR2	569
UBC	H3C12	966
UBC	FGF17	541
UBC	DNMT1	923
UBC	MTOR	996
UBC	H3-4	830
UBC	PARP1	581
UBC	NGF	534
UBC	NRAS	556
UBC	CHUK	652
UBC	XIAP	883
UBC	JUN	539
UBC	RUNX2	569
UBC	HSP90AB1	763
UBC	PTEN	714
UBC	MMP9	454
UBC	CSF3R	581
UBC	HDAC1	421
UBC	SRC	600
UBC	TLR4	581
UBC	SYK	554
UBC	JAK2	565
UBC	FGF9	541
UBC	SQSTM1	999
UBC	KEAP1	796
UBC	CDK1	595
UBC	AREG	499
UBC	GAPDH	735
UBC	NFE2L2	667
UBC	RUNX3	518
UBC	RELA	709
UBC	CDKN1A	640
UBC	UBA52	999
UBC	FGFR1	651
UBC	FGF13	445
UBC	TNF	998
UBC	FGF16	539
UBC	RHOA	734
UBC	TGFA	526
UBC	HRAS	585
UBC	FGFR2	505
UBC	CDKN2A	683
UBC	BRCA1	888
UBC	LYN	572
UBC	IKBKB	651
UBC	TYK2	532
UBC	HSPA8	810
UBC	HIF1A	950
UBC	CTNNB1	663
UBC	NOTCH1	506
UBC	SEM1	808
UBC	TGFBR1	574
UBC	SOCS1	524
UBC	TNFAIP3	995
UBC	IRF3	595
UBC	JAK1	559
UBC	FLT3LG	790
UBC	B2M	591
UBC	PTPN11	527
UBC	AKT1	444
UBC	H3-7	965
UBC	FGF1	507
UBC	ACTB	825
UBC	UBB	998
MMP7	SNAI2	505
MMP7	CDH17	429
MMP7	NGFR	454
MMP7	TIMP1	925
MMP7	MMP2	961
MMP7	TGFB1	571
MMP7	HGF	437
MMP7	SERPINE1	787
MMP7	CCL2	490
MMP7	COL1A1	665
MMP7	VTN	639
MMP7	CCND1	698
MMP7	IFNG	638
MMP7	HBEGF	768
MMP7	IL4	439
MMP7	SNAI1	595
MMP7	SOX9	405
MMP7	PXDN	469
MMP7	LGALS3	514
MMP7	KRAS	455
MMP7	IL1RN	458
MMP7	FN1	778
MMP7	CXCL11	532
MMP7	CDH2	720
MMP7	WNT5A	448
MMP7	HIF1A	474
MMP7	AXIN1	527
MMP7	SOCS3	478
MMP7	SRC	441
MMP7	EDN1	566
MMP7	HSPA4	713
MMP7	GSK3B	547
MMP7	STAT3	494
MMP7	SPP1	941
MMP7	CXCL10	400
MMP7	JUN	517
MMP7	IL17A	424
MMP7	TP53	774
MMP7	EGF	583
MMP7	CDH1	819
MMP7	IL6	608
MMP7	ADIPOQ	493
MMP7	MET	413
MMP7	ESR1	430
MMP7	CXCR4	449
MMP7	MMP1	878
MMP7	CD44	973
MMP7	THBS1	603
MMP7	CXCL5	436
MMP7	TNF	605
MMP7	IL1B	742
MMP7	CTSS	668
MMP7	LEF1	504
MMP7	BCL2	481
MMP7	ICAM1	423
MMP7	IDO1	445
MMP7	MYC	639
MMP7	IGF1	452
MMP7	IL1A	473
MMP7	HNF4A	584
MMP7	ACTB	511
MMP7	CASP3	476
MMP7	GAPDH	570
MMP7	NTRK1	487
MMP7	PLG	687
MMP7	AXIN2	537
MMP7	CCK	430
MMP7	FASLG	769
MMP7	FGF7	413
MMP7	FGF2	459
MMP7	CTNNB1	824
MMP7	ERBB2	475
MMP7	PTGS2	671
MMP7	IL7R	409
MMP7	WNT3A	450
MMP7	KIT	527
MMP7	PLAU	746
MMP7	CXCL12	468
MMP7	MMP9	883
MMP7	DKK1	450
MMP7	BMI1	560
MMP7	AKT1	597
MMP7	EGFR	563
MMP7	CXCL8	568
MMP7	BRAF	435
MMP7	SELE	475
MMP7	CXCL13	555
MMP7	MMP3	787
MMP7	BMP2	522
MMP7	WNT1	474
MMP7	ALB	470
MMP7	SDC1	751
MMP7	VEGFC	400
MMP7	VCAM1	436
MMP7	RHOA	535
MMP7	CCL19	439
MMP7	CXCL1	657
MMP7	MAPK3	449
MMP7	PTEN	405
MMP7	FOS	554
MMP7	ERBB4	589
CSF2	CX3CL1	953
CSF2	CD4	880
CSF2	TNFRSF1A	542
CSF2	FGF4	592
CSF2	FGF20	596
CSF2	LAG3	553
CSF2	FGF22	600
CSF2	MAPK1	465
CSF2	IL2RB	840
CSF2	GZMB	775
CSF2	NFKBIA	589
CSF2	TIMP1	544
CSF2	MMP2	495
CSF2	CCL22	800
CSF2	CCL17	698
CSF2	RELB	450
CSF2	TGFB1	701
CSF2	PIK3R2	441
CSF2	HGF	584
CSF2	SERPINE1	490
CSF2	MPO	601
CSF2	CSF3	999
CSF2	CCL2	931
CSF2	VTN	486
CSF2	CD38	582
CSF2	NFKB1	730
CSF2	IL2	997
CSF2	SPI1	733
CSF2	IL10RA	797
CSF2	CD69	683
CSF2	FGF6	592
CSF2	IFNG	984
CSF2	MAPK14	415
CSF2	HBEGF	495
CSF2	IL4	963
CSF2	IL5	993
CSF2	TGFB3	473
CSF2	KLRK1	740
CSF2	TNFSF10	480
CSF2	FLT3	813
CSF2	IRF1	731
CSF2	CCR7	690
CSF2	LIF	780
CSF2	CD68	633
CSF2	APOE	513
CSF2	EPO	876
CSF2	PXDN	619
CSF2	LGALS3	418
CSF2	CRP	641
CSF2	KRAS	656
CSF2	PDGFRA	750
CSF2	NT5E	522
CSF2	IL1RN	609
CSF2	CCL21	798
CSF2	TLR2	798
CSF2	VWF	422
CSF2	SCARB1	505
CSF2	CDH1	460
CSF2	PDGFRB	824
CSF2	CD33	643
CSF2	CREBBP	582
CSF2	ITGA2B	402
CSF2	MAPK3	521
CSF2	ITGAE	651
CSF2	IL1A	997
CSF2	IL1B	998
CSF2	EPCAM	416
CSF2	IL7	911
CSF2	KDR	447
CSF2	PIK3CA	513
CSF2	CD80	880
CSF2	FGF2	965
CSF2	IL11	718
CSF2	STAT3	851
CSF2	FGF10	599
CSF2	ICAM1	742
CSF2	SCARB2	480
CSF2	EGF	891
CSF2	NRP1	419
CSF2	CD27	548
CSF2	FGF7	632
CSF2	IRF8	571
CSF2	TP53	718
CSF2	ERBB2	673
CSF2	IFNAR1	819
CSF2	FCGR2A	608
CSF2	GZMA	627
CSF2	IL9	841
CSF2	FGF18	591
CSF2	EGFR	842
CSF2	IFNA1	851
CSF2	IL18	897
CSF2	FLT1	437
CSF2	THY1	524
CSF2	CSF1R	974
CSF2	CXCL13	572
CSF2	PPARG	504
CSF2	KIT	769
CSF2	NCR1	572
CSF2	CXCR5	443
CSF2	CCR5	754
CSF2	STAT5B	935
CSF2	VCAM1	626
CSF2	REL	447
CSF2	CXCR1	476
CSF2	ALB	672
CSF2	CXCL5	821
CSF2	PF4	688
CSF2	CCR1	668
CSF2	ANXA5	594
CSF2	IL15	849
CSF2	ITGA2	414
CSF2	TLR3	670
CSF2	IL3	998
CSF2	CD8A	873
CSF2	TNFSF13B	667
CSF2	ERVW-1	476
CSF2	MMP3	575
CSF2	BCL2	544
CSF2	CXCR3	582
CSF2	PECAM1	525
CSF2	INS	578
CSF2	FGF13	954
CSF2	SDC1	608
CSF2	NRAS	589
CSF2	CD1C	746
CSF2	MYC	507
CSF2	IDO1	681
CSF2	RUNX2	570
CSF2	SELL	659
CSF2	IL33	703
CSF2	VEGFC	407
CSF2	IL4R	843
CSF2	ITGA4	442
CSF2	IL13	934
CSF2	CD247	513
CSF2	STAT5A	937
CSF2	FGF17	591
CSF2	CD34	772
CSF2	PROM1	416
CSF2	AIF1	436
CSF2	HRAS	539
CSF2	IGF1	541
CSF2	CCL19	743
CSF2	FGF16	593
CSF2	PTEN	418
CSF2	FGF9	593
CSF2	FOS	678
CSF2	CASP3	525
CSF2	AXL	409
CSF2	GAPDH	625
CSF2	CD163	647
CSF2	ANGPT2	419
CSF2	CXCL1	931
CSF2	ACTB	695
CSF2	CD3E	449
CSF2	FCGR2B	596
CSF2	AKT1	608
CSF2	CD209	663
CSF2	PTPN11	711
CSF2	CD2	445
CSF2	CD86	850
CSF2	TFRC	447
CSF2	CXCL12	696
CSF2	MMP9	658
CSF2	CCL11	996
CSF2	PLAU	446
CSF2	FGF8	584
CSF2	PRF1	665
CSF2	STAT1	673
CSF2	TLR9	672
CSF2	JAK2	956
CSF2	CD276	688
CSF2	CD19	741
CSF2	CXCR6	608
CSF2	B2M	491
CSF2	SYK	507
CSF2	CSF1	964
CSF2	MTOR	420
CSF2	CD274	748
CSF2	MET	400
CSF2	CXCL8	972
CSF2	FGF1	404
CSF2	CTLA4	750
CSF2	FGF5	595
CSF2	SHC1	537
CSF2	IKBKB	418
CSF2	ENG	433
CSF2	FAS	474
CSF2	SOS1	484
CSF2	TLR1	680
CSF2	IL21R	840
CSF2	TYK2	480
CSF2	CD44	745
CSF2	PIK3CD	566
CSF2	CXCR4	612
CSF2	MMP1	508
CSF2	CD40LG	787
CSF2	TNF	970
CSF2	BCL2L1	626
CSF2	PDCD1	617
CSF2	IFNGR1	783
CSF2	PDCD1LG2	604
CSF2	NLRP3	517
CSF2	STAT4	475
CSF2	IFNB1	830
CSF2	PDGFB	478
CSF2	CTSS	418
CSF2	IL1R1	774
CSF2	CLEC7A	595
CSF2	CALR	474
CSF2	CX3CR1	575
CSF2	IL3RA	949
CSF2	SIRPA	575
CSF2	SELE	543
CSF2	RELA	447
CSF2	FLT3LG	957
CSF2	HSPA4	400
CSF2	IFNA2	868
CSF2	LYN	555
CSF2	TLR4	781
CSF2	TLR7	663
CSF2	RUNX1	941
CSF2	SRC	481
CSF2	FUT4	570
CSF2	FCGR1A	618
CSF2	PIK3CB	491
CSF2	AREG	501
CSF2	ABL1	651
CSF2	JAK1	737
CSF2	PTPRC	765
CSF2	EDN1	641
CSF2	AOC3	545
CSF2	ITGB2	541
CSF2	PRKACA	544
CSF2	IL6R	837
CSF2	CXCL10	911
CSF2	EOMES	416
CSF2	JUN	565
CSF2	NOD2	482
CSF2	ICOS	522
CSF2	BDNF	506
CSF2	NCAM1	628
CSF2	IL17A	888
CSF2	ANGPT1	418
CSF2	SPP1	478
CSF2	PTGS2	648
CSF2	IRF7	646
CSF2	RAG1	508
CSF2	CD24	418
CSF2	ANPEP	441
CSF2	IL7R	851
CSF2	SOCS1	491
CSF2	IGF2	482
CSF2	TNFAIP3	430
CSF2	PTPN6	582
CSF2	CCR6	604
CSF2	IRF3	535
CSF2	NGF	546
CSF2	KLRD1	479
CSF2	CD83	800
CSF2	JAK3	779
CSF2	CD1D	739
CSF2	SLAMF1	467
CSF2	HAVCR2	576
CSF2	IL6	974
CSF2	CYBB	438
CSF2	ENTPD1	476
CSF2	SPN	572
CSF2	IL2RG	808
CSF2	TGFB2	519
CSF2	ARG1	673
CSF2	FGF3	589
CSF2	CXCL9	736
CSF2	CXCL2	823
CSF2	IL12RB1	789
CSF2	MRC1	658
CSF2	TNFRSF4	623
CSF2	FASLG	738
CSF2	FN1	586
CSF2	STAT6	606
CSF2	CEBPA	416
CSF2	HMGB1	523
CSF2	TGFA	601
CSF2	ERVFRD-1	431
CSF2	IL22	802
CSF2	NOS2	564
CSF2	CASP8	429
CSF2	CXCR2	588
CSF2	CCL4	924
CSF2	CCL20	869
CSF2	CD5	519
CSF2	KITLG	852
CSF2	GPT	434
CSF2	PIK3R1	478
CSF2	TLR8	512
CSF2	CXCL11	619
CSF2	CD28	821
CSF2	TLR5	513
CSF2	CSF3R	973
CSF2	CD40	858
CSF2	ACE2	575
CSF2	LEP	593
CSF2	CCL3	935
CSF2	FOXP3	743
CSF2	GATA3	569
CSF2	HLA-A	730
CSF2	TEK	418
CSF2	ITGAM	811
CSF2	CEBPB	471
CSF2	CTNNB1	439
CSF2	CD47	480
CSF2	ERV3-1	432
CSF2	HIF1A	527
CSF2	IRF4	553
CSF2	ITGAL	486
CSF2	CCRL2	614
CSF2	SOCS3	496
FUT4	CD4	807
FUT4	CD22	600
FUT4	GZMB	419
FUT4	CD79A	676
FUT4	MPO	679
FUT4	CSF3	599
FUT4	CCL2	538
FUT4	CD38	700
FUT4	IL2	426
FUT4	IFNG	537
FUT4	NANOG	774
FUT4	IL4	412
FUT4	FLT3	522
FUT4	BMP4	458
FUT4	LIF	545
FUT4	CD68	681
FUT4	GFAP	477
FUT4	PDGFRA	412
FUT4	NT5E	479
FUT4	POU5F1	776
FUT4	SCARB1	651
FUT4	CDH1	430
FUT4	CD33	880
FUT4	ITGA2B	541
FUT4	IL1B	457
FUT4	EPCAM	507
FUT4	KDR	427
FUT4	CD80	447
FUT4	FGF2	585
FUT4	STAT3	475
FUT4	ICAM1	434
FUT4	SCARB2	673
FUT4	EGF	473
FUT4	TP53	447
FUT4	THY1	582
FUT4	CSF1R	418
FUT4	KIT	721
FUT4	ALB	507
FUT4	ANXA5	468
FUT4	IL3	446
FUT4	NPM1	418
FUT4	ANPEP	874
FUT4	RUNX1	432
FUT4	IL7R	406
FUT4	CXCL8	446
FUT4	CD34	861
FUT4	CD19	889
FUT4	CD209	751
FUT4	CXCR2	471
FUT4	SOX2	727
FUT4	CD28	416
FUT4	IL3RA	667
FUT4	SELE	979
FUT4	CD86	487
FUT4	CD5	819
FUT4	ITGAL	409
FUT4	ARG1	583
FUT4	CD2	853
FUT4	TFRC	549
FUT4	ITGB3	507
FUT4	GATA4	418
FUT4	CD274	544
FUT4	ENG	480
FUT4	CD8A	696
FUT4	ITGB1	480
FUT4	SDC1	512
FUT4	CD1C	609
FUT4	BCL6	549
FUT4	CR2	541
FUT4	DNTT	572
FUT4	CD163	526
FUT4	CD40	431
FUT4	WT1	440
FUT4	FCGR1A	672
FUT4	PTPRC	782
FUT4	ABL1	410
FUT4	NES	653
FUT4	NCAM1	788
FUT4	KLF4	653
FUT4	CD24	576
FUT4	CD1D	579
FUT4	CTLA4	482
FUT4	CD44	600
FUT4	CXCR4	510
FUT4	TNF	497
FUT4	BCL2	475
FUT4	PECAM1	571
FUT4	MYC	580
FUT4	IDO1	421
FUT4	SELL	719
FUT4	IL4R	436
FUT4	ITGA4	420
FUT4	PROM1	712
FUT4	CD9	468
FUT4	GAPDH	452
FUT4	ACTB	409
FUT4	PAX6	419
FUT4	ALK	507
FUT4	KITLG	494
FUT4	FOXP3	507
FUT4	ITGAM	794
FUT4	ITGB2	478
FUT4	IL6	513
FUT4	SPN	600
FUT4	LOC102723407	469
FUT4	MME	824
FGF18	CD4	423
FGF18	SNAI2	491
FGF18	CDH17	440
FGF18	FGF4	482
FGF18	NGFR	762
FGF18	FGF20	551
FGF18	FGF22	562
FGF18	MAPK1	587
FGF18	TIMP1	521
FGF18	MMP2	531
FGF18	TGFB1	826
FGF18	PIK3R2	485
FGF18	HGF	874
FGF18	SERPINE1	495
FGF18	CSF3	592
FGF18	CCL2	610
FGF18	COL1A1	416
FGF18	VTN	482
FGF18	NFKB1	423
FGF18	IL2	496
FGF18	CCND1	493
FGF18	GLI1	539
FGF18	FGF6	534
FGF18	IFNG	580
FGF18	NANOG	539
FGF18	HBEGF	655
FGF18	LOX	426
FGF18	IL4	634
FGF18	IL5	465
FGF18	TGFB3	692
FGF18	FLT3	793
FGF18	TWIST1	468
FGF18	PLCG1	604
FGF18	SNAI1	560
FGF18	BMP4	833
FGF18	SOX9	591
FGF18	LIF	619
FGF18	APOE	576
FGF18	EPO	456
FGF18	PXDN	532
FGF18	GFAP	484
FGF18	JAG1	481
FGF18	CRP	400
FGF18	KRAS	713
FGF18	PDGFRA	858
FGF18	NT5E	492
FGF18	POU5F1	685
FGF18	THBS1	490
FGF18	VWF	467
FGF18	CDH1	595
FGF18	PDGFRB	893
FGF18	SMAD2	518
FGF18	AXIN1	420
FGF18	MAPK3	746
FGF18	IL1A	589
FGF18	IL1B	666
FGF18	IL7	474
FGF18	KDR	927
FGF18	PIK3CA	555
FGF18	CBL	597
FGF18	FGF2	704
FGF18	IL11	426
FGF18	WNT5A	477
FGF18	STAT3	548
FGF18	FGF10	551
FGF18	ICAM1	474
FGF18	LEF1	431
FGF18	EGF	988
FGF18	NRP1	821
FGF18	ERBB3	783
FGF18	FGF7	535
FGF18	CDH2	882
FGF18	TP53	530
FGF18	ERBB2	836
FGF18	RPS27A	518
FGF18	IL9	461
FGF18	CTNNB1	686
FGF18	CALML3	595
FGF18	LEP	450
FGF18	CALML6	594
FGF18	PPARG	429
FGF18	CDH5	510
FGF18	NOTCH1	463
FGF18	PIK3R1	500
FGF18	CALML5	594
FGF18	PLG	511
FGF18	NTRK1	887
FGF18	TGFA	585
FGF18	AXIN2	455
FGF18	WNT3A	548
FGF18	TGFBR1	420
FGF18	KIT	848
FGF18	TGFB2	526
FGF18	ANGPT1	588
FGF18	PTGS2	448
FGF18	CALM3	601
FGF18	KLF4	459
FGF18	FGFR2	999
FGF18	NES	593
FGF18	CSF1R	801
FGF18	PTPRC	512
FGF18	PDGFB	653
FGF18	IRS1	528
FGF18	MAP2K1	427
FGF18	ENG	532
FGF18	FGF5	596
FGF18	CXCL8	752
FGF18	MTOR	491
FGF18	CD274	406
FGF18	CSF1	418
FGF18	FLT1	871
FGF18	BRAF	451
FGF18	GATA4	440
FGF18	TLR9	573
FGF18	DKK1	508
FGF18	MMP9	599
FGF18	CXCL12	619
FGF18	FGF8	479
FGF18	CCL11	483
FGF18	EGFR	931
FGF18	AKT1	663
FGF18	PTPN11	627
FGF18	SOX2	594
FGF18	CXCL1	420
FGF18	ANGPT2	516
FGF18	PDGFA	543
FGF18	ERBB4	780
FGF18	FOS	426
FGF18	FGF9	589
FGF18	PTEN	461
FGF18	RHOA	425
FGF18	CD34	596
FGF18	FGF17	453
FGF18	ALB	754
FGF18	VCAM1	475
FGF18	VEGFC	555
FGF18	NRAS	646
FGF18	SDC1	761
FGF18	ITGB1	448
FGF18	WNT1	461
FGF18	BMP2	801
FGF18	MMP3	468
FGF18	ERVW-1	515
FGF18	CD8A	418
FGF18	HIF1A	584
FGF18	ERV3-1	505
FGF18	TEK	848
FGF18	CCL3	483
FGF18	KITLG	514
FGF18	SMAD3	461
FGF18	CCL4	449
FGF18	ERVFRD-1	507
FGF18	FN1	800
FGF18	PAX6	516
FGF18	IL15	451
FGF18	ADIPOQ	600
FGF18	FGF3	587
FGF18	IL6	704
FGF18	FGFR3	998
FGF18	NGF	701
FGF18	IGF2	636
FGF18	SPP1	542
FGF18	IL17A	507
FGF18	BDNF	657
FGF18	SMAD4	442
FGF18	SHH	813
FGF18	JUN	505
FGF18	CXCL10	513
FGF18	AREG	401
FGF18	EDN1	531
FGF18	PIK3CB	459
FGF18	SRC	515
FGF18	GSK3B	461
FGF18	AR	437
FGF18	WNT4	416
FGF18	TNF	655
FGF18	CD44	874
FGF18	MMP1	422
FGF18	CXCR4	517
FGF18	FGFR1	999
FGF18	SOS1	567
FGF18	SHC1	589
FGF18	UBA52	517
FGF18	FGF1	729
FGF18	MET	865
FGF18	ESR1	478
FGF18	THY1	512
FGF18	CALML4	594
FGF18	ACTB	521
FGF18	GAPDH	573
FGF18	CASP3	479
FGF18	CD9	423
FGF18	FGF16	546
FGF18	HRAS	662
FGF18	HNF4A	451
FGF18	UBB	507
FGF18	IGF1	797
FGF18	IGF1R	848
FGF18	PROM1	507
FGF18	AGT	649
FGF18	PF4	590
FGF18	IL13	523
FGF18	RUNX2	590
FGF18	MYC	533
FGF18	INS	822
FGF18	PECAM1	728
FGF18	BCL2	452
CRP	CX3CL1	432
CRP	CD4	790
CRP	TNFRSF1A	697
CRP	FGF20	400
CRP	SIRT1	424
CRP	FGF22	400
CRP	HMOX1	474
CRP	NFKBIA	400
CRP	TIMP1	571
CRP	MMP2	664
CRP	TGFB1	573
CRP	HGF	448
CRP	SERPINE1	793
CRP	MPO	817
CRP	CSF3	712
CRP	CCL2	816
CRP	VTN	646
CRP	CD38	507
CRP	NFKB1	596
CRP	IL2	778
CRP	FGF6	400
CRP	IFNG	798
CRP	IL4	822
CRP	IL5	629
CRP	NR3C1	476
CRP	TGFB3	465
CRP	TNFSF10	446
CRP	CD68	590
CRP	APOE	803
CRP	EPO	750
CRP	PXDN	551
CRP	LGALS3	577
CRP	H3-3B	493
CRP	CXCL11	591
CRP	CD28	478
CRP	CCL20	635
CRP	CCL4	582
CRP	CD5	632
CRP	GPT	919
CRP	IL1RN	868
CRP	H3-5	493
CRP	HMGB1	526
CRP	PLG	807
CRP	IL22	568
CRP	H3-4	493
CRP	IL15	545
CRP	FN1	894
CRP	ALK	415
CRP	DPP4	584
CRP	HIF1A	416
CRP	H3-7	493
CRP	FGF2	418
CRP	FOXP3	538
CRP	TLR2	571
CRP	LEP	914
CRP	CCL3	759
CRP	ITGAM	470
CRP	IL3	419
CRP	FGF7	422
CRP	PPARG	578
CRP	CD40	666
CRP	ACE2	876
CRP	SPP1	530
CRP	CD27	430
CRP	PTGS2	596
CRP	STAT3	574
CRP	ACE	878
CRP	IL6R	725
CRP	JUN	451
CRP	CXCL10	765
CRP	TP53	435
CRP	H3C12	493
CRP	IL17A	751
CRP	BDNF	720
CRP	NCAM1	512
CRP	TLR4	674
CRP	TLR7	540
CRP	FCGR1A	756
CRP	SRC	561
CRP	H3C13	493
CRP	EDN1	691
CRP	PTPRC	475
CRP	JAK1	474
CRP	HSPA4	514
CRP	IFNA2	592
CRP	CXCL9	667
CRP	EGF	416
CRP	TLR3	427
CRP	MME	471
CRP	IL6	968
CRP	ARG1	436
CRP	ADIPOQ	882
CRP	IFNA1	642
CRP	FCGR2A	992
CRP	ITGA2B	418
CRP	CCR5	416
CRP	ESR1	401
CRP	MTOR	418
CRP	CD274	506
CRP	CXCL8	874
CRP	CTLA4	474
CRP	SCARB2	448
CRP	FGF5	400
CRP	CD19	581
CRP	B2M	848
CRP	PPARA	479
CRP	CSF1	581
CRP	MMP9	806
CRP	CXCL12	400
CRP	CCL11	523
CRP	PLAU	411
CRP	TLR9	402
CRP	JAK2	480
CRP	AKT1	530
CRP	FCGR2B	617
CRP	TFRC	640
CRP	IL7	625
CRP	EGFR	416
CRP	IFNB1	514
CRP	IL1R1	628
CRP	CX3CR1	493
CRP	SELE	788
CRP	IRS1	431
CRP	PDCD1	437
CRP	NLRP3	707
CRP	MMP1	516
CRP	CD40LG	633
CRP	IL1B	886
CRP	TNF	938
CRP	APP	680
CRP	PF4	680
CRP	ITGA4	515
CRP	IL13	623
CRP	ALB	928
CRP	FGF17	400
CRP	AGT	707
CRP	SDC1	418
CRP	VWF	772
CRP	IDO1	494
CRP	VCAM1	774
CRP	SELL	437
CRP	IL33	510
CRP	SCARB1	506
CRP	CXCR3	591
CRP	PECAM1	434
CRP	BCL2	431
CRP	ICAM1	789
CRP	INS	891
CRP	IL9	503
CRP	CD8A	766
CRP	TNFSF13B	430
CRP	MMP3	631
CRP	CD163	604
CRP	CXCL1	465
CRP	ANGPT2	488
CRP	MAPK3	419
CRP	GAPDH	450
CRP	CASP3	418
CRP	IL1A	822
CRP	IGF1	760
CRP	FGF16	400
CRP	CD34	506
CRP	IL18	835
PRF1	CD4	940
PRF1	TNFRSF1A	487
PRF1	LAG3	816
PRF1	IL2RB	913
PRF1	GZMB	999
PRF1	CCL22	412
PRF1	TGFB1	533
PRF1	CSF3	435
PRF1	CCL2	580
PRF1	VTN	508
PRF1	CD38	663
PRF1	NFKB1	483
PRF1	IL2	899
PRF1	SPI1	561
PRF1	IL10RA	513
PRF1	CD69	799
PRF1	IFNG	950
PRF1	IL4	699
PRF1	IL5	586
PRF1	KLRK1	932
PRF1	TNFSF10	776
PRF1	IRF1	432
PRF1	CCR7	762
PRF1	CD68	480
PRF1	NT5E	507
PRF1	TLR2	529
PRF1	THBS1	515
PRF1	VWF	519
PRF1	CD33	469
PRF1	TYROBP	539
PRF1	ITGAE	620
PRF1	IL1A	567
PRF1	IL1B	664
PRF1	IL7	634
PRF1	CD80	699
PRF1	STAT3	547
PRF1	ICAM1	573
PRF1	ZAP70	642
PRF1	CD27	767
PRF1	TP53	448
PRF1	ERBB2	475
PRF1	IFNAR1	400
PRF1	FCGR2A	449
PRF1	GZMA	998
PRF1	IL9	447
PRF1	EGFR	418
PRF1	IFNA1	622
PRF1	IL18	669
PRF1	CXCL13	436
PRF1	FCER1G	490
PRF1	NCR1	907
PRF1	CXCR5	529
PRF1	CCR5	667
PRF1	STAT5B	480
PRF1	CXCR1	432
PRF1	ALB	447
PRF1	CCR1	404
PRF1	ANXA5	486
PRF1	IL15	845
PRF1	ITGA2	414
PRF1	TLR3	516
PRF1	RAG1	646
PRF1	IL13	600
PRF1	CXCL10	644
PRF1	IL7R	713
PRF1	CXCL8	588
PRF1	CXCL11	466
PRF1	CD34	477
PRF1	CASP3	527
PRF1	HAVCR2	754
PRF1	TLR8	482
PRF1	AOC3	490
PRF1	CD19	687
PRF1	ICOS	641
PRF1	CXCR2	418
PRF1	CD276	595
PRF1	CALR	541
PRF1	CD28	791
PRF1	IL3RA	434
PRF1	CD86	687
PRF1	PDCD1	700
PRF1	NLRP3	427
PRF1	IL21R	473
PRF1	KLRD1	951
PRF1	STAT5A	496
PRF1	CD5	659
PRF1	CCR6	575
PRF1	HMGB1	444
PRF1	FYN	414
PRF1	FN1	624
PRF1	ITGAL	783
PRF1	ARG1	498
PRF1	CCRL2	589
PRF1	CX3CR1	617
PRF1	STAT4	584
PRF1	CASP8	477
PRF1	FCGR2B	447
PRF1	CCL20	408
PRF1	CD163	602
PRF1	TLR9	554
PRF1	STAT1	576
PRF1	CD3E	697
PRF1	CD247	896
PRF1	CXCL9	639
PRF1	FASLG	992
PRF1	CD1C	497
PRF1	CTSS	709
PRF1	PRDM1	546
PRF1	FCGR1A	421
PRF1	CD2	838
PRF1	CD40LG	678
PRF1	XIAP	429
PRF1	ENTPD1	626
PRF1	CD40	609
PRF1	MMP9	408
PRF1	CXCR3	737
PRF1	TLR4	578
PRF1	IL2RG	697
PRF1	SYK	435
PRF1	FOXP3	837
PRF1	CD83	407
PRF1	TNFRSF4	616
PRF1	GATA3	586
PRF1	IFNB1	506
PRF1	TLR7	526
PRF1	IRF4	438
PRF1	IL33	432
PRF1	CD274	719
PRF1	CXCL1	406
PRF1	CXCL12	453
PRF1	HLA-A	684
PRF1	GAPDH	428
PRF1	ITGA4	482
PRF1	PDCD1LG2	525
PRF1	ITGB2	679
PRF1	BCL2	522
PRF1	RUNX3	567
PRF1	BCL6	459
PRF1	IL6	671
PRF1	CD8A	987
PRF1	CXCR4	496
PRF1	EOMES	839
PRF1	ERV3-1	496
PRF1	CXCR6	698
PRF1	CCL3	628
PRF1	ITGAM	665
PRF1	ERVFRD-1	496
PRF1	CCL4	693
PRF1	CD48	499
PRF1	SLAMF1	454
PRF1	SPN	524
PRF1	IL12RB1	560
PRF1	IL17A	714
PRF1	CD44	570
PRF1	TNF	808
PRF1	CTLA4	850
PRF1	ACTB	440
PRF1	IDO1	649
PRF1	SELL	738
PRF1	IL22	599
PRF1	IRF3	415
PRF1	CD1D	627
PRF1	JAK3	471
PRF1	FLT3LG	429
PRF1	JAK1	446
PRF1	PTPRC	716
PRF1	NCAM1	925
PRF1	FAS	649
PRF1	AKT1	469
PRF1	B2M	510
PRF1	CD63	781
PRF1	ERVW-1	497
HRAS	FGF4	656
HRAS	FGF20	633
HRAS	FGF22	629
HRAS	MAPK1	979
HRAS	IL2RB	423
HRAS	TGFB1	454
HRAS	PIK3R2	930
HRAS	HGF	649
HRAS	RPS6KB1	490
HRAS	NFKB1	725
HRAS	IL2	576
HRAS	CCND1	747
HRAS	FGF6	634
HRAS	CDKN1B	445
HRAS	MAPK14	677
HRAS	HBEGF	596
HRAS	LOX	402
HRAS	IL5	458
HRAS	FLT3	781
HRAS	EPO	584
HRAS	PXDN	425
HRAS	LGALS3	528
HRAS	H3-3B	401
HRAS	KRAS	992
HRAS	PDGFRA	960
HRAS	CDK4	676
HRAS	MDM2	600
HRAS	CCND2	597
HRAS	VWF	560
HRAS	SCARB1	401
HRAS	CDH1	550
HRAS	PDGFRB	962
HRAS	SMAD2	581
HRAS	ITGA2B	533
HRAS	MAPK3	983
HRAS	EP300	595
HRAS	CD81	532
HRAS	EPAS1	410
HRAS	KDR	543
HRAS	PIK3CA	995
HRAS	CBL	455
HRAS	FGF2	686
HRAS	STAT3	505
HRAS	FGF10	635
HRAS	ICAM1	922
HRAS	EGF	869
HRAS	CDK2	644
HRAS	ERBB3	798
HRAS	FGF7	632
HRAS	TP53	925
HRAS	ERBB2	907
HRAS	RPS27A	600
HRAS	EGFR	994
HRAS	ATM	600
HRAS	MYCN	536
HRAS	CSF1R	506
HRAS	PPARG	630
HRAS	KIT	962
HRAS	CALM3	965
HRAS	ALB	440
HRAS	IL3	564
HRAS	NPM1	519
HRAS	RUNX1	424
HRAS	MAP2K1	989
HRAS	CALML6	960
HRAS	IRS1	665
HRAS	FOS	763
HRAS	EIF2AK3	418
HRAS	TERT	641
HRAS	PRKACA	433
HRAS	CASP3	480
HRAS	FGF5	627
HRAS	CALML3	963
HRAS	CD209	527
HRAS	MET	961
HRAS	CALR	414
HRAS	FGF8	626
HRAS	GSK3B	451
HRAS	IL3RA	904
HRAS	CASP9	546
HRAS	PDGFB	707
HRAS	SMAD3	562
HRAS	FGF3	649
HRAS	HSP90AA1	819
HRAS	CAV1	974
HRAS	FGFR3	982
HRAS	PTK2	668
HRAS	SMAD4	714
HRAS	ERBB4	827
HRAS	E2F1	605
HRAS	PDGFA	586
HRAS	FYN	855
HRAS	FN1	801
HRAS	NF1	994
HRAS	CASP8	465
HRAS	TGFBR2	441
HRAS	FGF17	642
HRAS	STAT1	536
HRAS	MTOR	669
HRAS	PARP1	406
HRAS	PTGS2	591
HRAS	IFNGR1	949
HRAS	MCL1	431
HRAS	NGF	517
HRAS	NRAS	932
HRAS	CHUK	566
HRAS	PRKACB	424
HRAS	JUN	778
HRAS	HSP90AB1	443
HRAS	PTEN	823
HRAS	MMP9	413
HRAS	ABL1	782
HRAS	PLAU	640
HRAS	HDAC1	563
HRAS	SRC	994
HRAS	IL2RG	471
HRAS	SYK	932
HRAS	BCL2L1	421
HRAS	PRKACG	421
HRAS	PIK3CD	971
HRAS	WT1	466
HRAS	TEK	599
HRAS	CALML5	963
HRAS	CD274	438
HRAS	JAK2	781
HRAS	FGF9	637
HRAS	CD9	631
HRAS	ALK	966
HRAS	TFRC	530
HRAS	BCL2L11	594
HRAS	KEAP1	470
HRAS	CDK1	422
HRAS	MAPK8	985
HRAS	AREG	622
HRAS	ITGB1	646
HRAS	GAPDH	531
HRAS	NFE2L2	401
HRAS	INS	704
HRAS	BCL2	938
HRAS	RELA	654
HRAS	SOS1	999
HRAS	CDKN1A	675
HRAS	IL6	411
HRAS	UBA52	533
HRAS	IGF2	622
HRAS	FGFR1	962
HRAS	CD44	664
HRAS	TNF	582
HRAS	FGF16	637
HRAS	RHOA	540
HRAS	SHC1	860
HRAS	TGFA	704
HRAS	ESR1	715
HRAS	BDNF	592
HRAS	PIK3CB	963
HRAS	KITLG	594
HRAS	HIF1A	446
HRAS	MYC	871
HRAS	ACTB	534
HRAS	UBB	714
HRAS	IGF1R	949
HRAS	CALML4	960
HRAS	FGF1	596
HRAS	BRCA1	528
HRAS	BTK	610
HRAS	NCAM1	628
HRAS	FGFR2	961
HRAS	ANGPT1	545
HRAS	LYN	772
HRAS	FLT3LG	571
HRAS	VAV1	647
HRAS	JAK1	623
HRAS	SOCS1	455
HRAS	JAK3	729
HRAS	CDKN2A	990
HRAS	NOTCH1	814
HRAS	PIK3R1	990
HRAS	PRKCA	937
HRAS	NTRK1	569
HRAS	CTNNB1	865
HRAS	BRAF	999
HRAS	ITGB3	661
HRAS	AKT1	896
HRAS	PTPN11	926
IRF7	CD74	596
IRF7	CD4	631
IRF7	GZMB	473
IRF7	NFKBIA	716
IRF7	RELB	531
IRF7	CSF3	506
IRF7	CCL2	620
IRF7	NFKB1	853
IRF7	IL2	434
IRF7	SPI1	459
IRF7	IFNG	778
IRF7	IL4	477
IRF7	EGR1	566
IRF7	TNFSF10	507
IRF7	IRF1	606
IRF7	CCR7	604
IRF7	TLR2	784
IRF7	CREBBP	976
IRF7	TYROBP	504
IRF7	EP300	979
IRF7	IL1A	535
IRF7	IL1B	671
IRF7	CD80	525
IRF7	STAT3	700
IRF7	ICAM1	574
IRF7	EGF	443
IRF7	TP53	671
IRF7	IFNAR1	804
IRF7	IFNA1	967
IRF7	IL18	533
IRF7	CSF1R	404
IRF7	CCR5	425
IRF7	REL	470
IRF7	IL15	472
IRF7	TLR3	950
IRF7	STAT6	416
IRF7	NOD2	567
IRF7	CLEC7A	418
IRF7	CEBPB	608
IRF7	CXCL10	801
IRF7	FOS	640
IRF7	CXCL8	580
IRF7	CXCL11	605
IRF7	TLR8	827
IRF7	CD19	418
IRF7	CSF1	439
IRF7	IL3RA	627
IRF7	SOCS3	768
IRF7	CD86	542
IRF7	SMAD3	810
IRF7	NLRP3	503
IRF7	STAT5A	400
IRF7	STAT4	534
IRF7	CASP8	404
IRF7	TLR9	969
IRF7	STAT1	969
IRF7	CXCL9	583
IRF7	TLR1	750
IRF7	IFNGR1	513
IRF7	CHUK	993
IRF7	JUN	989
IRF7	CD40	505
IRF7	TLR4	898
IRF7	SYK	400
IRF7	TNFSF13B	532
IRF7	FOXP3	614
IRF7	IFNA2	959
IRF7	IFNB1	978
IRF7	TLR7	960
IRF7	IRF4	603
IRF7	CD274	434
IRF7	JAK2	462
IRF7	SPP1	925
IRF7	CXCL1	440
IRF7	GAPDH	548
IRF7	CD8A	723
IRF7	BCL6	589
IRF7	AKT1	423
IRF7	PTPN11	474
IRF7	TYK2	643
IRF7	IL1R1	450
IRF7	JAK1	621
IRF7	PTPRC	464
IRF7	IRF3	999
IRF7	TNFAIP3	624
IRF7	SOCS1	731
IRF7	ACE2	443
IRF7	TLR5	576
IRF7	IDO1	427
IRF7	ACTB	528
IRF7	IKBKB	732
IRF7	TNF	702
IRF7	RELA	710
IRF7	IL17A	453
IRF7	CXCL2	536
IRF7	IL6	801
IRF7	CCL4	512
IRF7	ITGAM	539
IRF7	CCL3	525
CHUK	CD4	471
CHUK	TNFRSF1A	999
CHUK	SIRT1	530
CHUK	HMOX1	405
CHUK	NFKBIA	999
CHUK	RELB	995
CHUK	TGFB1	483
CHUK	CCL2	491
CHUK	NFKB1	999
CHUK	IL2	414
CHUK	CCND1	540
CHUK	CDKN1B	507
CHUK	IFNG	518
CHUK	MAPK14	609
CHUK	IL4	408
CHUK	IRF1	436
CHUK	PXDN	570
CHUK	H3-3B	853
CHUK	KRAS	432
CHUK	MDM2	595
CHUK	TLR2	585
CHUK	SMAD2	922
CHUK	CREBBP	824
CHUK	EP300	742
CHUK	IL1A	714
CHUK	IL1B	833
CHUK	PIK3CA	529
CHUK	STAT3	639
CHUK	ICAM1	483
CHUK	EGF	404
CHUK	TP53	914
CHUK	ERBB2	618
CHUK	IFNAR1	401
CHUK	RPS27A	580
CHUK	EGFR	481
CHUK	IFNA1	491
CHUK	ATM	747
CHUK	IL18	460
CHUK	CALM3	657
CHUK	VCAM1	442
CHUK	REL	967
CHUK	ALB	458
CHUK	ANXA5	466
CHUK	TLR3	880
CHUK	RUNX1	443
CHUK	NOD2	780
CHUK	MAP2K1	434
CHUK	HSPA4	715
CHUK	IRS1	953
CHUK	FOS	495
CHUK	CXCL8	575
CHUK	EIF2AK3	919
CHUK	CYCS	431
CHUK	CASP3	669
CHUK	TLR8	684
CHUK	CASP9	686
CHUK	PDGFB	424
CHUK	SMAD3	875
CHUK	H3C13	852
CHUK	HSP90AA1	992
CHUK	NLRP3	481
CHUK	FOXO3	957
CHUK	H3-5	851
CHUK	SMAD4	591
CHUK	CASP8	950
CHUK	H3C12	852
CHUK	TLR9	726
CHUK	STAT1	554
CHUK	MTOR	973
CHUK	TLR1	446
CHUK	H3-4	851
CHUK	PARP1	488
CHUK	PTGS2	613
CHUK	MCL1	403
CHUK	HIF1A	457
CHUK	H3-7	851
CHUK	CREB1	459
CHUK	FOXO1	936
CHUK	HDAC1	531
CHUK	KEAP1	661
CHUK	IL6	713
CHUK	SPP1	768
CHUK	JUN	666
CHUK	HSP90AB1	979
CHUK	IL17A	431
CHUK	TLR7	744
CHUK	SRC	750
CHUK	RELA	999
CHUK	BCL2L1	547
CHUK	NFATC1	401
CHUK	CD40LG	497
CHUK	TNF	999
CHUK	SOS1	424
CHUK	ESR1	735
CHUK	IKBKB	999
CHUK	UBA52	571
CHUK	BTK	917
CHUK	ACTB	670
CHUK	GAPDH	625
CHUK	UBB	579
CHUK	IGF1R	444
CHUK	MYC	879
CHUK	XIAP	772
CHUK	BCL2	813
CHUK	INS	422
CHUK	TNFSF13B	591
CHUK	CTNNB1	757
CHUK	TLR5	452
CHUK	CD40	871
CHUK	PRKCA	633
CHUK	NOTCH1	726
CHUK	TNFAIP3	768
CHUK	IRF3	721
CHUK	TLR4	852
CHUK	IFNB1	618
CHUK	IL1R1	516
CHUK	MMP9	547
CHUK	AKT1	996
CHUK	TFRC	415
CHUK	PTEN	964
CHUK	HSPA8	503
CHUK	CD8A	402
MME	CD4	816
MME	CD22	841
MME	GZMB	425
MME	CD79A	870
MME	MPO	670
MME	CSF3	434
MME	CD38	820
MME	CCND1	717
MME	IFNG	416
MME	FLT3	442
MME	CD68	597
MME	APOE	543
MME	PXDN	474
MME	NT5E	548
MME	SCARB1	433
MME	CDH1	451
MME	PDGFRB	452
MME	CD33	778
MME	ITGA2B	418
MME	ITGAE	507
MME	IL1B	498
MME	CD81	589
MME	EPCAM	448
MME	IL7	409
MME	ICAM1	430
MME	SCARB2	435
MME	CD27	686
MME	TP53	596
MME	ERBB2	423
MME	THY1	616
MME	WNT3A	437
MME	APP	857
MME	CXCL13	506
MME	KIT	745
MME	ACE	882
MME	CXCR5	404
MME	ALB	529
MME	ANPEP	898
MME	RUNX1	512
MME	HSPA4	456
MME	IL7R	405
MME	CD34	841
MME	CD19	954
MME	PGR	609
MME	IL3RA	784
MME	CD5	925
MME	DPP4	962
MME	AGT	957
MME	CR2	795
MME	CD1C	740
MME	PRDM1	564
MME	FCGR1A	746
MME	CD2	770
MME	DNTT	776
MME	PTEN	675
MME	CD40	418
MME	MMP9	468
MME	ABL1	574
MME	ENG	549
MME	TLR4	505
MME	WT1	582
MME	GATA3	466
MME	EDN1	593
MME	IRF4	645
MME	SDC1	714
MME	CD274	418
MME	CD9	867
MME	ALK	568
MME	TFRC	579
MME	ITGB1	682
MME	HLA-A	502
MME	GAPDH	474
MME	ITGA4	401
MME	INS	519
MME	BCL2	793
MME	BCL6	926
MME	IL6	513
MME	CD8A	662
MME	CXCR4	434
MME	ACE2	964
MME	CD44	598
MME	TNF	456
MME	ESR1	549
MME	PTPRC	775
MME	CD1D	586
MME	CD24	638
MME	NCAM1	858
MME	LYN	744
MME	CTNNB1	514
MME	CDKN2A	454
MME	CD63	409
MME	ITGB3	420
MME	B2M	447
MME	AKT1	403
MME	LOC102723407	773
MME	SPN	763
MME	ITGAM	580
MME	ACTB	506
MME	PROM1	455
MME	SELL	439
MME	MYC	623
MME	PECAM1	587
RUNX3	CD4	618
RUNX3	IL2RB	512
RUNX3	GZMB	559
RUNX3	TGFB1	859
RUNX3	MPO	448
RUNX3	IL2	435
RUNX3	SPI1	556
RUNX3	CCND1	855
RUNX3	IL10RA	417
RUNX3	CD69	508
RUNX3	GLI1	458
RUNX3	CDKN1B	512
RUNX3	IFNG	526
RUNX3	NANOG	616
RUNX3	IL4	434
RUNX3	TWIST1	558
RUNX3	SOX9	445
RUNX3	CCR7	473
RUNX3	H3-3B	413
RUNX3	JAG1	811
RUNX3	KRAS	710
RUNX3	MDM2	836
RUNX3	CDH1	520
RUNX3	SMAD2	683
RUNX3	CREBBP	587
RUNX3	ITGAE	473
RUNX3	EP300	948
RUNX3	STAT3	485
RUNX3	LEF1	834
RUNX3	CD27	402
RUNX3	IRF8	498
RUNX3	TP53	936
RUNX3	RPS27A	499
RUNX3	GZMA	407
RUNX3	MYCN	444
RUNX3	STAT5B	405
RUNX3	IL15	416
RUNX3	RUNX1	980
RUNX3	CEBPB	580
RUNX3	IL7R	556
RUNX3	HNF4A	829
RUNX3	CD28	420
RUNX3	SMAD3	954
RUNX3	H3C13	413
RUNX3	IL21R	565
RUNX3	FOXO3	779
RUNX3	H3-5	413
RUNX3	STAT5A	455
RUNX3	SMAD4	740
RUNX3	ITGAL	663
RUNX3	STAT4	487
RUNX3	H3C12	413
RUNX3	DNMT1	502
RUNX3	H3-4	413
RUNX3	PRDM1	625
RUNX3	JUN	593
RUNX3	RUNX2	933
RUNX3	PTEN	432
RUNX3	HDAC1	569
RUNX3	SRC	933
RUNX3	CXCR3	411
RUNX3	FOXP3	698
RUNX3	GATA3	673
RUNX3	IRF4	752
RUNX3	ETS1	647
RUNX3	BCL2L11	712
RUNX3	SPP1	827
RUNX3	ITGA4	655
RUNX3	BCL2	421
RUNX3	TNF	436
RUNX3	CD44	529
RUNX3	NFATC1	673
RUNX3	CDKN1A	846
RUNX3	UBA52	499
RUNX3	ESR1	418
RUNX3	UBB	499
RUNX3	SELL	484
RUNX3	MYC	837
RUNX3	HIF1A	502
RUNX3	H3-7	413
RUNX3	CEBPA	435
RUNX3	IGF2	600
RUNX3	IL12RB1	444
RUNX3	RELA	524
RUNX3	IL17A	414
RUNX3	EOMES	664
RUNX3	AKT1	427
RUNX3	BRAF	480
RUNX3	BCL6	484
RUNX3	CD8A	749
RUNX3	CTNNB1	977
RUNX3	SEM1	400
RUNX3	CDH5	443
RUNX3	NOTCH1	746
RUNX3	CDKN2A	789
RUNX3	SOCS1	679
RUNX3	PTPRC	503
B2M	CD74	808
B2M	CD4	755
B2M	CD22	446
B2M	LAG3	499
B2M	GZMB	479
B2M	NFKBIA	401
B2M	TIMP1	598
B2M	TGFB1	473
B2M	CD79A	431
B2M	PIK3R2	516
B2M	MPO	414
B2M	CSF3	409
B2M	CCL2	536
B2M	COL1A1	404
B2M	CD38	618
B2M	NFKB1	478
B2M	IL2	588
B2M	CCND1	454
B2M	CD69	465
B2M	IFNG	688
B2M	IL4	522
B2M	IL5	405
B2M	KLRK1	805
B2M	PLCG1	557
B2M	IRF1	581
B2M	CCR7	409
B2M	CD68	482
B2M	APOE	803
B2M	EPO	418
B2M	PXDN	675
B2M	H3-3B	439
B2M	JAG1	415
B2M	KRAS	437
B2M	CDK4	404
B2M	TLR2	428
B2M	ITGAV	499
B2M	CD33	434
B2M	CREBBP	557
B2M	TYROBP	809
B2M	EP300	537
B2M	IL1A	456
B2M	IL1B	626
B2M	IL7	428
B2M	PIK3CA	634
B2M	CD80	939
B2M	FGF2	412
B2M	STAT3	498
B2M	ICAM1	677
B2M	ZAP70	733
B2M	EGF	438
B2M	CD27	424
B2M	IRF8	619
B2M	TP53	582
B2M	ERBB2	412
B2M	FCGR2A	548
B2M	RPS27A	431
B2M	GZMA	429
B2M	EGFR	446
B2M	IFNA1	513
B2M	ATM	466
B2M	IL18	497
B2M	THY1	536
B2M	APP	766
B2M	KIT	432
B2M	ACE	440
B2M	CCR5	423
B2M	VCAM1	502
B2M	REL	474
B2M	ALB	987
B2M	ANXA5	457
B2M	IL15	472
B2M	TLR3	414
B2M	STAT6	585
B2M	CXCL10	543
B2M	FOS	414
B2M	CXCL8	722
B2M	CD34	690
B2M	CASP3	427
B2M	HAVCR2	529
B2M	LEP	591
B2M	CD19	593
B2M	CALR	999
B2M	HSPA5	648
B2M	CD28	502
B2M	CD86	603
B2M	H3C13	417
B2M	PDCD1	524
B2M	HSP90AA1	418
B2M	KLRD1	980
B2M	CAV1	511
B2M	H3-5	417
B2M	CD5	692
B2M	FYN	581
B2M	FN1	457
B2M	TJP1	470
B2M	ITGAL	440
B2M	CCL20	459
B2M	CD163	472
B2M	H3C12	424
B2M	STAT1	805
B2M	CD3E	935
B2M	CD247	977
B2M	CXCL9	464
B2M	CD47	497
B2M	H3-4	415
B2M	FASLG	400
B2M	IFNGR1	404
B2M	CD1C	999
B2M	CTSS	690
B2M	FCGR1A	461
B2M	CD2	643
B2M	CD40LG	410
B2M	HSP90AB1	513
B2M	PTEN	416
B2M	CD40	468
B2M	MMP9	406
B2M	TLR4	454
B2M	SYK	619
B2M	TNFSF13B	444
B2M	FOXP3	449
B2M	CYBB	454
B2M	IFNB1	445
B2M	IRF4	404
B2M	SDC1	542
B2M	CD274	628
B2M	JAK2	511
B2M	TFRC	998
B2M	IGF1	416
B2M	GPT	473
B2M	SPP1	640
B2M	AREG	476
B2M	CXCL12	410
B2M	HLA-A	999
B2M	GAPDH	800
B2M	INS	833
B2M	PDCD1LG2	494
B2M	BCL2	510
B2M	BCL6	501
B2M	SOS1	556
B2M	IL6	663
B2M	CD8A	998
B2M	CXCR4	586
B2M	ERV3-1	634
B2M	CD44	617
B2M	TNF	645
B2M	RHOA	415
B2M	SHC1	519
B2M	PTPRC	669
B2M	BDNF	591
B2M	CDKN2A	423
B2M	ERVW-1	641
B2M	ERVFRD-1	633
B2M	PIK3R1	594
B2M	IDO1	448
B2M	HIF1A	431
B2M	VIM	437
B2M	AKT1	446
B2M	PECAM1	486
B2M	CCL3	452
B2M	LOC102723407	712
B2M	SIRPA	403
B2M	MYC	514
B2M	NCAM1	552
B2M	TNFAIP3	454
B2M	CCL4	623
B2M	BTK	700
B2M	CD48	620
B2M	ACTB	813
B2M	CTNNB1	419
B2M	ITGAM	639
B2M	CTLA4	562
B2M	JAK1	550
B2M	CD1D	999
B2M	NOTCH1	628
B2M	SELL	443
B2M	PIK3CB	543
B2M	IL17A	452
B2M	H3-7	415
IL1RN	CX3CL1	404
IL1RN	CD4	510
IL1RN	TNFRSF1A	593
IL1RN	HMOX1	493
IL1RN	NFKBIA	428
IL1RN	TIMP1	439
IL1RN	CCL22	468
IL1RN	RELB	516
IL1RN	TGFB1	534
IL1RN	HGF	436
IL1RN	SERPINE1	457
IL1RN	MPO	408
IL1RN	CSF3	598
IL1RN	CCL2	761
IL1RN	NFKB1	623
IL1RN	IL2	573
IL1RN	IL10RA	461
IL1RN	CD69	421
IL1RN	IFNG	671
IL1RN	MAPK14	453
IL1RN	IL4	740
IL1RN	IL5	657
IL1RN	IRF1	405
IL1RN	CD68	499
IL1RN	APOE	509
IL1RN	IL15	514
IL1RN	TNFRSF4	469
IL1RN	NOS2	408
IL1RN	CCL4	641
IL1RN	CCL20	670
IL1RN	CXCR2	670
IL1RN	CXCL11	646
IL1RN	TLR8	423
IL1RN	TLR5	600
IL1RN	FGF7	425
IL1RN	CCL3	782
IL1RN	LEP	419
IL1RN	TLR2	578
IL1RN	ITGAM	484
IL1RN	FGF2	447
IL1RN	SOCS3	480
IL1RN	CCRL2	453
IL1RN	RELA	534
IL1RN	IFNA2	470
IL1RN	FCGR1A	418
IL1RN	TLR4	752
IL1RN	CXCL10	668
IL1RN	IL6R	612
IL1RN	IL17A	698
IL1RN	NOD2	571
IL1RN	STAT3	701
IL1RN	PTGS2	574
IL1RN	TNFAIP3	456
IL1RN	IGF2	456
IL1RN	IL7R	456
IL1RN	IFNA1	479
IL1RN	CD83	453
IL1RN	FCGR2A	432
IL1RN	IL6	925
IL1RN	ADIPOQ	400
IL1RN	CXCL2	675
IL1RN	FCER1G	473
IL1RN	CXCL9	701
IL1RN	MRC1	438
IL1RN	CD86	422
IL1RN	IL7	501
IL1RN	PLAU	470
IL1RN	CCL11	507
IL1RN	CXCL12	679
IL1RN	MMP9	575
IL1RN	JAK2	417
IL1RN	STAT1	431
IL1RN	CSF1	421
IL1RN	CXCL8	926
IL1RN	CD274	405
IL1RN	CCR5	647
IL1RN	TLR1	437
IL1RN	CD40LG	409
IL1RN	MMP1	613
IL1RN	CXCL5	509
IL1RN	TNF	844
IL1RN	IL1B	968
IL1RN	PDCD1LG2	421
IL1RN	NLRP3	786
IL1RN	IL1R1	999
IL1RN	CXCR1	644
IL1RN	CLEC7A	419
IL1RN	IFNB1	478
IL1RN	CD8A	431
IL1RN	MMP3	451
IL1RN	TNFSF13B	408
IL1RN	FYN	406
IL1RN	CXCL13	557
IL1RN	IL9	447
IL1RN	INS	451
IL1RN	ICAM1	588
IL1RN	IDO1	641
IL1RN	IL33	619
IL1RN	GZMA	433
IL1RN	ALB	403
IL1RN	IL13	702
IL1RN	IL4R	471
IL1RN	IL18	779
IL1RN	IGF1	441
IL1RN	IL1A	990
IL1RN	GAPDH	401
IL1RN	CCR1	741
IL1RN	CXCL1	596
IL1RN	CD163	462
STAT6	CD4	862
STAT6	GZMB	407
STAT6	NFKBIA	474
STAT6	TIMP1	622
STAT6	MMP2	631
STAT6	CCL22	527
STAT6	CCL17	573
STAT6	RELB	458
STAT6	TGFB1	862
STAT6	HGF	623
STAT6	CSF3	409
STAT6	CCL2	709
STAT6	NFKB1	858
STAT6	IL2	826
STAT6	SPI1	735
STAT6	CCND1	704
STAT6	IL10RA	453
STAT6	IFNG	900
STAT6	NANOG	565
STAT6	IL4	997
STAT6	IL5	833
STAT6	NR3C1	572
STAT6	TWIST1	558
STAT6	IRF1	743
STAT6	CCR7	448
STAT6	LIF	634
STAT6	CD68	545
STAT6	PXDN	440
STAT6	PDGFRA	614
STAT6	TLR2	549
STAT6	SCARB1	402
STAT6	PDGFRB	639
STAT6	SMAD2	413
STAT6	CREBBP	957
STAT6	MAPK3	471
STAT6	EP300	945
STAT6	IL1A	518
STAT6	IL1B	694
STAT6	IL7	495
STAT6	CD80	542
STAT6	FGF2	624
STAT6	IL11	514
STAT6	STAT3	899
STAT6	ICAM1	719
STAT6	ZAP70	410
STAT6	IRF8	503
STAT6	TP53	803
STAT6	IFNAR1	593
STAT6	IL9	635
STAT6	EGFR	531
STAT6	IFNA1	505
STAT6	IL18	483
STAT6	CSF1R	495
STAT6	PPARG	833
STAT6	KIT	467
STAT6	STAT5B	923
STAT6	VCAM1	686
STAT6	REL	666
STAT6	IL15	518
STAT6	TLR3	450
STAT6	IL3	487
STAT6	MMP3	642
STAT6	TYK2	964
STAT6	IL21R	407
STAT6	STAT4	932
STAT6	IFNGR1	657
STAT6	PDCD1LG2	493
STAT6	IL1R1	441
STAT6	IFNB1	544
STAT6	PDGFB	590
STAT6	PTPN11	645
STAT6	AKT1	823
STAT6	TLR9	427
STAT6	CCL11	895
STAT6	MMP9	720
STAT6	CSF1	543
STAT6	CD19	464
STAT6	CXCL8	495
STAT6	CD274	714
STAT6	MTOR	417
STAT6	BCL6	870
STAT6	CD34	604
STAT6	PDGFA	547
STAT6	FOS	696
STAT6	PTEN	409
STAT6	SOX2	597
STAT6	CD163	587
STAT6	CD8A	728
STAT6	ITGB1	577
STAT6	IL33	609
STAT6	PRDM1	436
STAT6	FOXO3	607
STAT6	CD40	552
STAT6	LEP	618
STAT6	CTNNB1	457
STAT6	CCRL2	415
STAT6	TGFBR2	420
STAT6	FASLG	654
STAT6	IL22	541
STAT6	TGFA	545
STAT6	NOTCH1	427
STAT6	CD28	480
STAT6	PIK3R1	588
STAT6	IRF3	555
STAT6	PTPN6	417
STAT6	TNFAIP3	415
STAT6	SOCS1	943
STAT6	IL7R	439
STAT6	HAVCR2	401
STAT6	JAK3	990
STAT6	TGFB2	533
STAT6	IL2RG	969
STAT6	MRC1	661
STAT6	LYN	438
STAT6	JAK1	996
STAT6	PTPRC	543
STAT6	TLR4	594
STAT6	KLF4	722
STAT6	ICOS	434
STAT6	PTGS2	717
STAT6	TNF	782
STAT6	CD40LG	514
STAT6	MMP1	593
STAT6	NFATC1	609
STAT6	CD44	409
STAT6	BCL2L1	722
STAT6	MCL1	675
STAT6	CDKN1A	614
STAT6	CD86	586
STAT6	BTK	642
STAT6	JAK2	991
STAT6	STAT1	877
STAT6	PPARA	590
STAT6	SYK	461
STAT6	IKBKB	585
STAT6	CTLA4	481
STAT6	GAPDH	521
STAT6	ACTB	506
STAT6	CAV1	434
STAT6	VIM	594
STAT6	INS	412
STAT6	CXCR3	414
STAT6	PECAM1	449
STAT6	BCL2	766
STAT6	PARP1	461
STAT6	SELL	433
STAT6	MYC	743
STAT6	ETS1	583
STAT6	IDO1	424
STAT6	STAT5A	938
STAT6	IL13	971
STAT6	IL4R	999
STAT6	CEBPB	712
STAT6	ITGAM	795
STAT6	GATA3	971
STAT6	FOXP3	683
STAT6	CCL3	413
STAT6	SOCS3	872
STAT6	HIF1A	744
STAT6	IRF4	975
STAT6	ALK	400
STAT6	HSP90AA1	599
STAT6	NOS2	718
STAT6	CEBPA	402
STAT6	FOXO1	698
STAT6	SMAD3	481
STAT6	CREB1	648
STAT6	ARG1	732
STAT6	IL6	906
STAT6	IL12RB1	470
STAT6	CXCL9	410
STAT6	RELA	493
STAT6	ITGB2	653
STAT6	AREG	479
STAT6	RUNX1	411
STAT6	SRC	573
STAT6	TLR7	430
STAT6	IL17A	877
STAT6	JUN	652
STAT6	CXCL10	472
STAT6	IL6R	714
MYC	CD4	663
MYC	SNAI2	782
MYC	CDH17	600
MYC	CD22	402
MYC	TNFRSF1A	629
MYC	FGF4	591
MYC	FGF20	516
MYC	SIRT1	860
MYC	FGF22	522
MYC	MAPK1	983
MYC	HMOX1	438
MYC	GZMB	446
MYC	NFKBIA	639
MYC	TIMP1	446
MYC	MMP2	634
MYC	RELB	519
MYC	TGFB1	796
MYC	CD79A	545
MYC	HGF	620
MYC	SERPINE1	565
MYC	CSF3	419
MYC	RPS6KB1	670
MYC	CCL2	659
MYC	COL1A1	402
MYC	CD38	700
MYC	NFKB1	917
MYC	IL2	709
MYC	SPI1	576
MYC	CCND1	969
MYC	CD69	423
MYC	GLI1	831
MYC	FGF6	531
MYC	CDKN1B	855
MYC	IFNG	659
MYC	NANOG	949
MYC	MAPK14	710
MYC	HBEGF	642
MYC	LOX	708
MYC	IL4	511
MYC	NR3C1	655
MYC	EGR1	873
MYC	TNFSF10	418
MYC	FLT3	575
MYC	TWIST1	852
MYC	PLCG1	583
MYC	SNAI1	727
MYC	IRF1	489
MYC	BMP4	575
MYC	SOX9	590
MYC	LIF	729
MYC	CD68	402
MYC	EPO	416
MYC	PXDN	784
MYC	GFAP	503
MYC	LGALS3	430
MYC	H3-3B	938
MYC	JAG1	688
MYC	KRAS	872
MYC	CCNB1	872
MYC	NOTCH2	560
MYC	PDGFRA	589
MYC	NT5E	502
MYC	CDK4	966
MYC	MDM2	813
MYC	POU5F1	956
MYC	THBS1	681
MYC	CCND2	701
MYC	SCARB1	434
MYC	CDH1	804
MYC	PDGFRB	674
MYC	SMAD2	982
MYC	AXIN1	798
MYC	CREBBP	945
MYC	MAPK3	986
MYC	EP300	999
MYC	IL1A	514
MYC	IL1B	778
MYC	EPAS1	932
MYC	EPCAM	583
MYC	IL7	432
MYC	KDR	723
MYC	PIK3CA	740
MYC	FGF2	708
MYC	WNT5A	572
MYC	STAT3	985
MYC	FGF10	542
MYC	ICAM1	606
MYC	PPARGC1A	529
MYC	SCARB2	407
MYC	ZAP70	403
MYC	LEF1	893
MYC	EGF	836
MYC	CDK2	960
MYC	ERBB3	731
MYC	FGF7	545
MYC	IRF8	438
MYC	CDH2	712
MYC	TP53	997
MYC	ERBB2	886
MYC	RPS27A	844
MYC	EGFR	875
MYC	IFNA1	514
MYC	ATM	871
MYC	IL18	405
MYC	MYCN	933
MYC	FLT1	418
MYC	THY1	566
MYC	WNT3A	633
MYC	APP	460
MYC	CSF1R	497
MYC	PPARG	588
MYC	KIT	674
MYC	WNT4	401
MYC	CALM3	553
MYC	STAT5B	628
MYC	WNT1	734
MYC	VCAM1	425
MYC	REL	744
MYC	ALB	759
MYC	ANXA5	741
MYC	IL15	426
MYC	IL3	507
MYC	NPM1	896
MYC	SHH	651
MYC	RAG1	476
MYC	MMP3	623
MYC	ANPEP	447
MYC	RUNX1	690
MYC	AXL	484
MYC	MAP2K1	687
MYC	AXIN2	794
MYC	HSPA4	839
MYC	CALML6	481
MYC	IRS1	667
MYC	CEBPB	958
MYC	CXCL10	435
MYC	IL7R	641
MYC	FOS	965
MYC	CXCL8	615
MYC	EIF2AK3	599
MYC	CYCS	660
MYC	TERT	920
MYC	PRKACA	500
MYC	CD34	636
MYC	CASP3	881
MYC	FGF5	556
MYC	HNF4A	921
MYC	CD19	583
MYC	ANGPT2	551
MYC	CALML3	546
MYC	MET	672
MYC	CXCR2	551
MYC	CD276	556
MYC	CALR	484
MYC	FGF8	525
MYC	MMP1	434
MYC	SOX2	958
MYC	HSPA5	541
MYC	GSK3B	996
MYC	CD28	532
MYC	PGR	705
MYC	CSF1	508
MYC	CASP9	717
MYC	SOCS3	514
MYC	PDGFB	505
MYC	CD86	424
MYC	SMAD3	993
MYC	H3C13	910
MYC	FGF3	543
MYC	PDCD1	478
MYC	HSP90AA1	975
MYC	CAV1	558
MYC	FOXO3	874
MYC	FGFR3	520
MYC	H3-5	816
MYC	PTK2	578
MYC	STAT5A	759
MYC	SMAD4	931
MYC	ERBB4	463
MYC	CD5	582
MYC	ESR2	518
MYC	HMGB1	433
MYC	E2F1	995
MYC	PDGFA	417
MYC	FYN	431
MYC	FN1	775
MYC	TJP1	541
MYC	ARG1	467
MYC	NF1	643
MYC	CASP8	790
MYC	TGFBR2	571
MYC	H3C12	936
MYC	FGF17	507
MYC	DNMT1	837
MYC	STAT1	781
MYC	MTOR	730
MYC	CD247	584
MYC	BECN1	537
MYC	CD47	446
MYC	H3-4	840
MYC	PARP1	762
MYC	TGFB2	439
MYC	CR2	410
MYC	PTGS2	715
MYC	FASLG	507
MYC	NES	664
MYC	IL6R	412
MYC	CTSS	547
MYC	MCL1	857
MYC	PRDM1	596
MYC	NGF	418
MYC	NRAS	681
MYC	PRKACB	501
MYC	DNTT	618
MYC	XIAP	635
MYC	JUN	970
MYC	RUNX2	613
MYC	HSP90AB1	890
MYC	PTEN	908
MYC	CD40	480
MYC	MMP9	704
MYC	ABL1	785
MYC	PLAU	708
MYC	ENG	430
MYC	HDAC1	991
MYC	SRC	805
MYC	DKK1	621
MYC	TLR4	473
MYC	KLF4	945
MYC	AR	700
MYC	SYK	451
MYC	BCL2L1	863
MYC	FOXP3	530
MYC	BMI1	878
MYC	PRKACG	497
MYC	BMP2	409
MYC	WT1	651
MYC	GATA3	698
MYC	FOXO1	774
MYC	IFNB1	513
MYC	CALML5	481
MYC	IRF4	768
MYC	SDC1	721
MYC	CD274	667
MYC	JAK2	634
MYC	FGF9	522
MYC	CD9	506
MYC	ALK	896
MYC	SQSTM1	551
MYC	TFRC	596
MYC	ETS1	613
MYC	IGF1	731
MYC	BCL2L11	665
MYC	KEAP1	527
MYC	SPP1	451
MYC	CDK1	755
MYC	MAPK8	666
MYC	AREG	432
MYC	CXCL1	442
MYC	CXCL12	547
MYC	ITGB1	497
MYC	CCK	668
MYC	HLA-A	416
MYC	GAPDH	850
MYC	NFE2L2	961
MYC	INS	714
MYC	PDCD1LG2	429
MYC	ITGB2	536
MYC	BCL2	955
MYC	RELA	852
MYC	BCL6	922
MYC	CDKN1A	981
MYC	PPARA	651
MYC	IL6	730
MYC	CD8A	756
MYC	CXCR4	594
MYC	CREB1	789
MYC	EOMES	402
MYC	NFATC1	527
MYC	IGF2	626
MYC	FGFR1	590
MYC	FGF13	544
MYC	CD44	772
MYC	TNF	702
MYC	FGF16	513
MYC	RHOA	727
MYC	SHC1	683
MYC	TGFA	577
MYC	ESR1	982
MYC	PRKCA	516
MYC	FGFR2	507
MYC	PTPRC	612
MYC	BDNF	442
MYC	SLC2A1	700
MYC	CDKN2A	998
MYC	BRCA1	999
MYC	BRAF	722
MYC	CALML4	481
MYC	ERVW-1	440
MYC	PROM1	668
MYC	CEBPA	904
MYC	PIK3R1	675
MYC	LYN	503
MYC	IKBKB	778
MYC	IDO1	445
MYC	NTRK1	559
MYC	JAK3	657
MYC	GATA4	589
MYC	HSPA8	716
MYC	HIF1A	993
MYC	VIM	547
MYC	TGFBR1	512
MYC	AKT1	928
MYC	PECAM1	515
MYC	IRF3	481
MYC	LOC102723407	922
MYC	IL17A	443
MYC	SPN	446
MYC	KITLG	471
MYC	PAX6	669
MYC	H3-7	843
MYC	ITGAM	500
MYC	ACTB	892
MYC	IGF1R	712
MYC	FGF1	400
MYC	CTLA4	557
MYC	BTK	565
MYC	NCAM1	543
MYC	CD24	581
MYC	JAK1	654
MYC	TNFAIP3	437
MYC	SOCS1	456
MYC	CDH5	460
MYC	NOTCH1	899
MYC	CTNNB1	985
MYC	VEGFC	415
MYC	PTPN11	667
MYC	FAS	621
CREBBP	SNAI2	443
CREBBP	CDH17	474
CREBBP	TNFRSF1A	494
CREBBP	SIRT1	754
CREBBP	MAPK1	803
CREBBP	NFKBIA	741
CREBBP	TGFB1	499
CREBBP	SERPINE1	501
CREBBP	NFKB1	913
CREBBP	SPI1	644
CREBBP	CCND1	986
CREBBP	MAPK14	493
CREBBP	NR3C1	943
CREBBP	EGR1	834
CREBBP	FLT3	405
CREBBP	SNAI1	759
CREBBP	IRF1	587
CREBBP	SOX9	754
CREBBP	EPO	611
CREBBP	H3-3B	985
CREBBP	KRAS	502
CREBBP	NOTCH2	818
CREBBP	MDM2	909
CREBBP	TLR2	433
CREBBP	CDH1	744
CREBBP	SMAD2	986
CREBBP	AXIN1	461
CREBBP	IFNB1	685
CREBBP	STAT4	702
CREBBP	CDK2	918
CREBBP	AKT1	854
CREBBP	EGFR	653
CREBBP	MTOR	412
CREBBP	CXCL8	533
CREBBP	BRAF	465
CREBBP	GATA4	557
CREBBP	CDK1	533
CREBBP	BCL6	671
CREBBP	MAPK3	701
CREBBP	PTEN	552
CREBBP	FOS	943
CREBBP	FYN	525
CREBBP	EPAS1	986
CREBBP	BCL2L11	643
CREBBP	HSPA8	617
CREBBP	APP	781
CREBBP	STAT5B	934
CREBBP	FOXO3	995
CREBBP	NRAS	454
CREBBP	LEP	577
CREBBP	PRKACG	835
CREBBP	PPARG	998
CREBBP	CTNNB1	999
CREBBP	FGF2	630
CREBBP	PPARGC1A	860
CREBBP	H3-5	959
CREBBP	HMGB1	635
CREBBP	E2F1	882
CREBBP	PIK3R1	604
CREBBP	NOTCH1	783
CREBBP	CDKN2A	751
CREBBP	IFNA1	629
CREBBP	JAK3	419
CREBBP	REL	753
CREBBP	TNFAIP3	446
CREBBP	IRF3	999
CREBBP	MAPK8	694
CREBBP	ABL1	578
CREBBP	JAK1	472
CREBBP	LYN	449
CREBBP	ERBB2	625
CREBBP	PRKACA	835
CREBBP	KLF4	867
CREBBP	NFATC1	549
CREBBP	IL1B	589
CREBBP	TNF	431
CREBBP	SOS1	551
CREBBP	FGFR1	923
CREBBP	PIK3CA	697
CREBBP	LEF1	961
CREBBP	AR	960
CREBBP	STAT1	999
CREBBP	JAK2	451
CREBBP	CDKN1A	904
CREBBP	ESR1	993
CREBBP	BRCA1	968
CREBBP	ESR2	492
CREBBP	IKBKB	801
CREBBP	PPARA	838
CREBBP	HNF4A	960
CREBBP	IGF1R	579
CREBBP	ACTB	556
CREBBP	ATM	497
CREBBP	GAPDH	464
CREBBP	BCL2	739
CREBBP	STAT5A	975
CREBBP	AGT	502
CREBBP	ETS1	895
CREBBP	RUNX2	783
CREBBP	PARP1	738
CREBBP	GATA3	801
CREBBP	CEBPB	880
CREBBP	NF1	547
CREBBP	CDH2	934
CREBBP	HIF1A	999
CREBBP	IRF4	463
CREBBP	H3-7	959
CREBBP	SOCS3	474
CREBBP	CEBPA	711
CREBBP	H3-4	986
CREBBP	HDAC1	960
CREBBP	HSP90AA1	415
CREBBP	PAX6	855
CREBBP	CREB1	999
CREBBP	CASP8	544
CREBBP	SMAD3	995
CREBBP	FOXO1	993
CREBBP	DNMT1	482
CREBBP	LOC102723407	424
CREBBP	KEAP1	447
CREBBP	IL6	416
CREBBP	ADIPOQ	559
CREBBP	RUNX1	977
CREBBP	SRC	940
CREBBP	H3C13	979
CREBBP	RELA	999
CREBBP	GSK3B	603
CREBBP	PRKACB	835
CREBBP	IFNA2	555
CREBBP	NFE2L2	942
CREBBP	STAT3	935
CREBBP	SMAD4	917
CREBBP	JUN	994
CREBBP	H3C12	984
CREBBP	TP53	999
CREBBP	BDNF	886
CREBBP	EP300	999
CD44	CD74	999
CD44	CD4	950
CD44	SNAI2	689
CD44	CDH17	531
CD44	CD22	578
CD44	TNFRSF1A	443
CD44	FGF4	923
CD44	NGFR	604
CD44	FGF20	887
CD44	LAG3	589
CD44	FGF22	875
CD44	IL2RB	827
CD44	GZMB	672
CD44	NFKBIA	453
CD44	TIMP1	922
CD44	MMP2	971
CD44	TGFB1	747
CD44	CD79A	471
CD44	HGF	964
CD44	SERPINE1	684
CD44	CSF3	485
CD44	CCL2	815
CD44	COL1A1	987
CD44	VTN	863
CD44	CD38	782
CD44	NFKB1	642
CD44	IL2	806
CD44	SPI1	569
CD44	CCND1	696
CD44	CD69	893
CD44	GLI1	577
CD44	FGF6	874
CD44	IFNG	883
CD44	NANOG	987
CD44	HBEGF	990
CD44	LOX	525
CD44	IL4	807
CD44	IL5	515
CD44	TGFB3	518
CD44	EGR1	618
CD44	KLRK1	523
CD44	TNFSF10	592
CD44	FLT3	506
CD44	TWIST1	959
CD44	SNAI1	721
CD44	BMP4	491
CD44	SOX9	640
CD44	CCR7	718
CD44	LIF	433
CD44	CD68	708
CD44	APOE	937
CD44	PXDN	694
CD44	GFAP	577
CD44	LGALS3	904
CD44	H3-3B	442
CD44	JAG1	590
CD44	KRAS	654
CD44	NOTCH2	556
CD44	PDGFRA	662
CD44	NT5E	901
CD44	CDK4	523
CD44	MDM2	466
CD44	CCL21	466
CD44	POU5F1	819
CD44	TLR2	874
CD44	THBS1	767
CD44	ITGAV	850
CD44	CCND2	512
CD44	VWF	657
CD44	SCARB1	678
CD44	CDH1	927
CD44	PDGFRB	825
CD44	SMAD2	702
CD44	CD33	530
CD44	AXIN1	463
CD44	ITGA2B	702
CD44	TYROBP	521
CD44	MAPK3	751
CD44	ITGAE	710
CD44	EP300	519
CD44	IL1A	716
CD44	IL1B	707
CD44	CD81	757
CD44	EPAS1	769
CD44	EPCAM	971
CD44	IL7	662
CD44	KDR	604
CD44	PIK3CA	632
CD44	CD80	825
CD44	FGF2	993
CD44	WNT5A	660
CD44	STAT3	802
CD44	FGF10	922
CD44	ICAM1	995
CD44	SCARB2	681
CD44	ZAP70	504
CD44	LEF1	787
CD44	EGF	922
CD44	NRP1	464
CD44	CD27	665
CD44	ERBB3	434
CD44	FGF7	889
CD44	CDH2	840
CD44	TP53	876
CD44	ERBB2	999
CD44	FCGR2A	686
CD44	GZMA	401
CD44	EGFR	998
CD44	IFNA1	660
CD44	ATM	434
CD44	IL18	460
CD44	MYCN	418
CD44	FLT1	658
CD44	THY1	895
CD44	WNT3A	492
CD44	APP	823
CD44	CSF1R	519
CD44	PPARG	538
CD44	KIT	794
CD44	WNT4	557
CD44	CALM3	623
CD44	NCR1	677
CD44	CXCR5	745
CD44	CCR5	704
CD44	STAT5B	516
CD44	WNT1	466
CD44	VCAM1	994
CD44	CXCR1	438
CD44	ALB	739
CD44	PF4	551
CD44	CCR1	639
CD44	ANXA5	733
CD44	IL15	770
CD44	ITGA2	727
CD44	TLR3	415
CD44	IL3	588
CD44	SHH	725
CD44	RAG1	646
CD44	MMP3	530
CD44	ANPEP	772
CD44	RUNX1	583
CD44	AXL	663
CD44	AXIN2	546
CD44	HSPA4	606
CD44	CALML6	546
CD44	IRS1	479
CD44	IL13	572
CD44	CXCL10	578
CD44	IL7R	755
CD44	FOS	643
CD44	CXCL8	751
CD44	CXCL11	574
CD44	CYCS	419
CD44	CCL19	587
CD44	PLG	607
CD44	TERT	558
CD44	CD34	912
CD44	CASP3	653
CD44	FGF5	875
CD44	HAVCR2	661
CD44	AOC3	773
CD44	LEP	419
CD44	HNF4A	570
CD44	CD19	851
CD44	CALML3	546
CD44	CD209	549
CD44	MET	995
CD44	ICOS	769
CD44	CXCR2	983
CD44	CD276	528
CD44	FGF8	873
CD44	MMP1	512
CD44	SOX2	792
CD44	GSK3B	574
CD44	CD28	801
CD44	PGR	569
CD44	CSF1	547
CD44	IL3RA	447
CD44	CASP9	451
CD44	SELE	997
CD44	CD86	809
CD44	SMAD3	690
CD44	H3C13	439
CD44	FGF3	874
CD44	PDCD1	597
CD44	HSP90AA1	779
CD44	IL21R	561
CD44	KLRD1	407
CD44	CAV1	632
CD44	FOXO3	402
CD44	H3-5	420
CD44	PTK2	689
CD44	STAT5A	536
CD44	SMAD4	493
CD44	ERBB4	720
CD44	CD5	687
CD44	ESR2	556
CD44	CCR6	593
CD44	FYN	840
CD44	FN1	999
CD44	TJP1	448
CD44	ITGAL	815
CD44	ARG1	407
CD44	CCRL2	548
CD44	NF1	574
CD44	CX3CR1	480
CD44	CASP8	491
CD44	FCGR2B	675
CD44	TGFBR2	649
CD44	CD163	447
CD44	H3C12	434
CD44	FGF17	874
CD44	DNMT1	414
CD44	DPP4	643
CD44	TLR9	427
CD44	STAT1	842
CD44	MTOR	505
CD44	CD3E	662
CD44	CD247	428
CD44	CXCL9	446
CD44	CD47	702
CD44	AGT	593
CD44	H3-4	434
CD44	PARP1	432
CD44	TGFB2	509
CD44	CR2	569
CD44	PTGS2	582
CD44	FASLG	602
CD44	CD1C	635
CD44	NES	888
CD44	IL6R	443
CD44	CTSS	438
CD44	MCL1	497
CD44	PRDM1	520
CD44	FCGR1A	482
CD44	CD2	710
CD44	NGF	415
CD44	NRAS	424
CD44	CD40LG	762
CD44	DNTT	408
CD44	ENTPD1	523
CD44	JUN	600
CD44	RUNX2	794
CD44	HSP90AB1	780
CD44	PTEN	754
CD44	CD40	791
CD44	MMP9	998
CD44	ABL1	404
CD44	PLAU	547
CD44	ENG	896
CD44	SRC	972
CD44	CXCR3	751
CD44	DKK1	481
CD44	TLR4	983
CD44	IL2RG	616
CD44	KLF4	673
CD44	AR	527
CD44	SYK	460
CD44	BCL2L1	583
CD44	FOXP3	855
CD44	BMI1	719
CD44	BMP2	656
CD44	WT1	442
CD44	CD83	600
CD44	TNFRSF4	512
CD44	GATA3	623
CD44	EDN1	448
CD44	FOXO1	418
CD44	TEK	460
CD44	IFNA2	555
CD44	CALML5	547
CD44	TLR7	419
CD44	IRF4	513
CD44	SDC1	927
CD44	IL33	436
CD44	CD274	684
CD44	JAK2	485
CD44	FGF9	875
CD44	CD9	985
CD44	SQSTM1	532
CD44	TFRC	672
CD44	ETS1	461
CD44	IGF1	719
CD44	BCL2L11	446
CD44	SPP1	999
CD44	CDK1	593
CD44	AREG	586
CD44	CXCL1	672
CD44	IL4R	436
CD44	CXCL12	961
CD44	ITGB1	957
CD44	CCK	592
CD44	HLA-A	415
CD44	GAPDH	745
CD44	ITGA4	933
CD44	NFE2L2	413
CD44	INS	677
CD44	PDCD1LG2	566
CD44	ITGB2	879
CD44	BCL2	692
CD44	BCL6	638
CD44	CDKN1A	494
CD44	IL6	821
CD44	IL1R1	428
CD44	CD8A	938
CD44	CXCR4	994
CD44	EOMES	622
CD44	ERV3-1	523
CD44	IGF2	410
CD44	FGFR1	848
CD44	CXCR6	439
CD44	FGF13	693
CD44	AKT1	777
CD44	PTPN11	581
CD44	BRAF	472
CD44	GATA4	401
CD44	ITGB3	838
CD44	FAS	721
CD44	TYK2	424
CD44	SIRPA	518
CD44	SLC2A1	434
CD44	ERVW-1	762
CD44	VEGFC	620
CD44	RHOA	783
CD44	CD63	747
CD44	NTRK1	617
CD44	TGFA	432
CD44	IL22	431
CD44	PRKCA	654
CD44	CDH5	596
CD44	NOTCH1	760
CD44	CDKN2A	614
CD44	CTNNB1	846
CD44	JAK1	435
CD44	PTPRC	931
CD44	VAV1	934
CD44	FLT3LG	474
CD44	LYN	615
CD44	ANGPT1	419
CD44	CD24	898
CD44	FGFR2	709
CD44	NCAM1	712
CD44	CD1D	750
CD44	TGFBR1	849
CD44	MRC1	828
CD44	ESR1	769
CD44	FGF1	612
CD44	BRCA1	505
CD44	CTLA4	687
CD44	CALML4	546
CD44	TNF	822
CD44	PECAM1	949
CD44	VIM	809
CD44	IDO1	533
CD44	SELL	998
CD44	IGF1R	480
CD44	FGF16	874
CD44	PROM1	885
CD44	ACTB	728
CD44	ERVFRD-1	526
CD44	CD48	564
CD44	CCL4	446
CD44	KITLG	712
CD44	CCL3	669
CD44	ITGAM	860
CD44	HIF1A	648
CD44	H3-7	439
CD44	BDNF	429
CD44	IL17A	720
CD44	SLAMF1	516
CD44	IL12RB1	485
CD44	SPN	927
CCK	CD4	488
CCK	SNAI2	542
CCK	SIRT1	543
CCK	HMOX1	556
CCK	NFKBIA	567
CCK	MMP2	633
CCK	TGFB1	634
CCK	RPS6KB1	514
CCK	CCL2	418
CCK	COL1A1	438
CCK	NFKB1	447
CCK	IL2	460
CCK	CCND1	794
CCK	IFNG	544
CCK	NANOG	487
CCK	IL4	488
CCK	TWIST1	437
CCK	SNAI1	611
CCK	SOX9	482
CCK	PXDN	855
CCK	GFAP	514
CCK	H3-3B	448
CCK	KRAS	459
CCK	CCNB1	575
CCK	NT5E	447
CCK	CDK4	624
CCK	MDM2	426
CCK	POU5F1	509
CCK	SCARB1	551
CCK	CDH1	778
CCK	SMAD2	523
CCK	MAPK3	628
CCK	IL1A	436
CCK	IL1B	727
CCK	CD81	402
CCK	KDR	425
CCK	FGF2	590
CCK	STAT3	702
CCK	EGF	738
CCK	CDK2	614
CCK	CDH2	734
CCK	TP53	695
CCK	ERBB2	513
CCK	EGFR	627
CCK	IL18	431
CCK	THY1	544
CCK	WNT3A	425
CCK	PPARG	514
CCK	KIT	423
CCK	ALB	733
CCK	ANXA5	891
CCK	MMP3	450
CCK	FOS	708
CCK	CXCL8	464
CCK	EIF2AK3	597
CCK	CYCS	588
CCK	CD34	544
CCK	CASP3	858
CCK	LEP	882
CCK	SOX2	525
CCK	HSPA5	512
CCK	GSK3B	584
CCK	PGR	403
CCK	CASP9	722
CCK	CD86	401
CCK	SMAD3	496
CCK	H3C13	448
CCK	FGF3	403
CCK	NLRP3	416
CCK	FOXO3	438
CCK	H3-5	483
CCK	PTK2	431
CCK	SMAD4	443
CCK	HMGB1	429
CCK	E2F1	476
CCK	FN1	546
CCK	TJP1	445
CCK	CASP8	557
CCK	H3C12	449
CCK	DNMT1	402
CCK	DPP4	457
CCK	MTOR	571
CCK	BECN1	630
CCK	AGT	817
CCK	H3-4	467
CCK	PARP1	603
CCK	PTGS2	510
CCK	MCL1	442
CCK	NGF	411
CCK	DNTT	645
CCK	ENTPD1	426
CCK	JUN	577
CCK	RUNX2	640
CCK	PTEN	624
CCK	MMP9	716
CCK	ENG	447
CCK	SRC	462
CCK	TLR4	540
CCK	BCL2L1	507
CCK	BMP2	496
CCK	FOXO1	437
CCK	CD274	448
CCK	JAK2	513
CCK	CD9	440
CCK	SQSTM1	463
CCK	IGF1	533
CCK	KEAP1	427
CCK	GPT	480
CCK	SPP1	549
CCK	CDK1	511
CCK	ITGB1	512
CCK	H3-7	449
CCK	HIF1A	628
CCK	CREB1	443
CCK	IL6	719
CCK	ADIPOQ	506
CCK	BDNF	504
CCK	IL17A	441
CCK	NFE2L2	501
CCK	CXCR4	430
CCK	NFATC1	445
CCK	TNF	688
CCK	BTK	583
CCK	CDKN1A	414
CCK	PPARA	407
CCK	ESR1	536
CCK	PROM1	507
CCK	IGF1R	443
CCK	GAPDH	881
CCK	ACTB	816
CCK	BCL2	833
CCK	PECAM1	589
CCK	INS	843
CCK	CTNNB1	739
CCK	CDKN2A	418
CCK	PRKCA	438
CCK	NOTCH1	480
CCK	MRC1	400
CCK	PTPRC	477
CCK	AKT1	791
CCK	RHOA	430
CCK	CD63	493
CCK	CD8A	433
JAK2	CD4	635
JAK2	SNAI2	401
JAK2	TNFRSF1A	702
JAK2	LAG3	408
JAK2	SIRT1	436
JAK2	MAPK1	794
JAK2	HMOX1	430
JAK2	IL2RB	937
JAK2	GZMB	405
JAK2	NFKBIA	570
JAK2	MMP2	523
JAK2	RELB	427
JAK2	TGFB1	594
JAK2	PIK3R2	923
JAK2	HGF	641
JAK2	MPO	408
JAK2	CSF3	988
JAK2	CCL2	602
JAK2	CD38	487
JAK2	NFKB1	657
JAK2	IL2	896
JAK2	CCND1	852
JAK2	IL10RA	778
JAK2	CDKN1B	725
JAK2	IFNG	998
JAK2	IL4	856
JAK2	IL5	889
JAK2	KLRK1	573
JAK2	FLT3	426
JAK2	PLCG1	967
JAK2	SNAI1	470
JAK2	IRF1	668
JAK2	CCR7	750
JAK2	LIF	725
JAK2	CD68	407
JAK2	EPO	990
JAK2	PXDN	555
JAK2	H3-3B	474
JAK2	JAG1	591
JAK2	KRAS	850
JAK2	NOTCH2	435
JAK2	PDGFRA	929
JAK2	CDK4	571
JAK2	MDM2	483
JAK2	TLR2	533
JAK2	CCND2	711
JAK2	CDH1	520
JAK2	PDGFRB	954
JAK2	SMAD2	476
JAK2	CD33	454
JAK2	ITGA2B	423
JAK2	MAPK3	783
JAK2	EP300	456
JAK2	IL1A	567
JAK2	IL1B	806
JAK2	EPAS1	406
JAK2	IL7	897
JAK2	KDR	926
JAK2	PIK3CA	980
JAK2	CBL	790
JAK2	CD80	506
JAK2	FGF2	670
JAK2	IL11	755
JAK2	STAT3	999
JAK2	ICAM1	513
JAK2	ZAP70	499
JAK2	EGF	588
JAK2	ERBB3	955
JAK2	IRF8	464
JAK2	CDH2	544
JAK2	TP53	728
JAK2	ERBB2	966
JAK2	IFNAR1	965
JAK2	RPS27A	557
JAK2	IL9	658
JAK2	EGFR	986
JAK2	IFNA1	876
JAK2	ATM	546
JAK2	IL18	501
JAK2	PPARG	689
JAK2	KIT	707
JAK2	CALM3	582
JAK2	NCR1	500
JAK2	CXCR5	700
JAK2	CCR5	898
JAK2	STAT5B	999
JAK2	VCAM1	480
JAK2	REL	498
JAK2	CXCR1	764
JAK2	ALB	530
JAK2	CCR1	749
JAK2	ANXA5	570
JAK2	IL15	618
JAK2	TLR3	450
JAK2	IL3	978
JAK2	NPM1	644
JAK2	RUNX1	689
JAK2	NOD2	449
JAK2	AXL	915
JAK2	MAP2K1	757
JAK2	CALML6	791
JAK2	IRS1	996
JAK2	IL13	845
JAK2	CEBPB	442
JAK2	CXCL10	577
JAK2	IL7R	900
JAK2	FOS	715
JAK2	CXCL8	758
JAK2	CXCL11	405
JAK2	CYCS	465
JAK2	PLG	475
JAK2	TERT	596
JAK2	PRKACA	526
JAK2	CD34	625
JAK2	CASP3	691
JAK2	HAVCR2	423
JAK2	TLR8	483
JAK2	LEP	966
JAK2	CD19	443
JAK2	CALML3	795
JAK2	MET	920
JAK2	CXCR2	791
JAK2	CALR	797
JAK2	SOX2	404
JAK2	GSK3B	510
JAK2	CD28	425
JAK2	CSF1	461
JAK2	IL3RA	879
JAK2	CASP9	530
JAK2	SOCS3	999
JAK2	CD86	472
JAK2	SMAD3	478
JAK2	H3C13	469
JAK2	PDCD1	471
JAK2	HSP90AA1	791
JAK2	NLRP3	424
JAK2	IL21R	731
JAK2	CAV1	781
JAK2	FOXO3	452
JAK2	FGFR3	921
JAK2	H3-5	469
JAK2	PTK2	962
JAK2	STAT5A	999
JAK2	SMAD4	535
JAK2	CCR6	764
JAK2	HMGB1	404
JAK2	FYN	777
JAK2	FN1	824
JAK2	ARG1	406
JAK2	CCRL2	424
JAK2	NF1	549
JAK2	CX3CR1	824
JAK2	STAT4	977
JAK2	CASP8	523
JAK2	CD163	431
JAK2	H3C12	470
JAK2	DNMT1	480
JAK2	TLR9	409
JAK2	STAT1	999
JAK2	MTOR	742
JAK2	CXCL9	488
JAK2	CD47	400
JAK2	AGT	539
JAK2	H3-4	608
JAK2	PARP1	493
JAK2	PTGS2	528
JAK2	FASLG	441
JAK2	IFNGR1	999
JAK2	IL6R	963
JAK2	MCL1	635
JAK2	FCGR1A	444
JAK2	NRAS	852
JAK2	XIAP	454
JAK2	JUN	621
JAK2	HSP90AB1	675
JAK2	PTEN	794
JAK2	CD40	471
JAK2	MMP9	621
JAK2	CSF3R	983
JAK2	HDAC1	611
JAK2	SRC	917
JAK2	CXCR3	754
JAK2	TLR4	793
JAK2	IL2RG	958
JAK2	SYK	851
JAK2	TNFSF13B	469
JAK2	BCL2L1	763
JAK2	FOXP3	477
JAK2	PIK3CD	938
JAK2	CYBB	604
JAK2	WT1	521
JAK2	GATA3	574
JAK2	FOXO1	478
JAK2	IFNA2	828
JAK2	IFNB1	845
JAK2	CALML5	795
JAK2	TLR7	509
JAK2	IRF4	448
JAK2	CD274	690
JAK2	BRCA1	571
JAK2	CTLA4	648
JAK2	ESR1	538
JAK2	UBA52	524
JAK2	SHC1	993
JAK2	CALML4	791
JAK2	CXCR6	708
JAK2	CDKN1A	640
JAK2	CXCR4	874
JAK2	TNF	801
JAK2	SOS1	674
JAK2	FGFR1	472
JAK2	IL4R	977
JAK2	IDO1	500
JAK2	BCL2	720
JAK2	PECAM1	410
JAK2	INS	618
JAK2	ACTB	636
JAK2	GAPDH	631
JAK2	IGF1R	981
JAK2	IGF1	829
JAK2	UBB	548
JAK2	CREB1	680
JAK2	KITLG	654
JAK2	CEBPA	550
JAK2	ALK	936
JAK2	H3-7	469
JAK2	HIF1A	784
JAK2	CCL3	420
JAK2	ITGAM	512
JAK2	NFE2L2	447
JAK2	IL17A	599
JAK2	PIK3CB	935
JAK2	RELA	652
JAK2	LOC102723407	474
JAK2	IL12RB1	998
JAK2	IL6	995
JAK2	ADIPOQ	427
JAK2	BRAF	585
JAK2	CXCL12	541
JAK2	PTPN11	998
JAK2	AKT1	732
JAK2	TFRC	413
JAK2	IL1R1	436
JAK2	SIRPA	646
JAK2	PDCD1LG2	652
JAK2	FAS	422
JAK2	TYK2	997
JAK2	FGF13	480
JAK2	BCL2L11	643
JAK2	CD8A	621
JAK2	HSPA8	437
JAK2	CXCL1	416
JAK2	RHOA	512
JAK2	BCL6	484
JAK2	PIK3R1	987
JAK2	NOTCH1	641
JAK2	CDKN2A	599
JAK2	IL22	693
JAK2	CTNNB1	644
JAK2	ACE2	409
JAK2	FGFR2	921
JAK2	MAPK8	518
JAK2	PTPRC	728
JAK2	JAK1	999
JAK2	VAV1	894
JAK2	LYN	931
JAK2	JAK3	975
JAK2	SOCS1	999
JAK2	TNFAIP3	416
JAK2	IRF3	465
JAK2	PTPN6	984
EGFR	CD74	436
EGFR	CD4	640
EGFR	SNAI2	695
EGFR	CDH17	820
EGFR	TNFRSF1A	864
EGFR	FGF4	922
EGFR	NGFR	659
EGFR	FGF20	927
EGFR	LAG3	520
EGFR	SIRT1	498
EGFR	FGF22	926
EGFR	MAPK1	612
EGFR	HMOX1	419
EGFR	GZMB	653
EGFR	NFKBIA	688
EGFR	TIMP1	521
EGFR	MMP2	693
EGFR	RELB	404
EGFR	TGFB1	975
EGFR	CD79A	416
EGFR	PIK3R2	993
EGFR	HGF	980
EGFR	SERPINE1	699
EGFR	CSF3	857
EGFR	CCL2	725
EGFR	COL1A1	655
EGFR	VTN	611
EGFR	NFKB1	837
EGFR	IL2	851
EGFR	CCND1	841
EGFR	GLI1	566
EGFR	FGF6	924
EGFR	CDKN1B	736
EGFR	IFNG	876
EGFR	NANOG	547
EGFR	MAPK14	799
EGFR	HBEGF	999
EGFR	LOX	710
EGFR	IL4	820
EGFR	IL5	762
EGFR	NR3C1	870
EGFR	TGFB3	404
EGFR	EGR1	687
EGFR	KLRK1	471
EGFR	TNFSF10	446
EGFR	FLT3	591
EGFR	TWIST1	592
EGFR	PLCG1	997
EGFR	SNAI1	711
EGFR	BMP4	516
EGFR	SOX9	585
EGFR	LIF	765
EGFR	CD68	449
EGFR	APOE	608
EGFR	EPO	790
EGFR	PXDN	763
EGFR	GFAP	562
EGFR	LGALS3	964
EGFR	H3-3B	766
EGFR	JAG1	563
EGFR	KRAS	997
EGFR	CCNB1	804
EGFR	NOTCH2	744
EGFR	PDGFRA	986
EGFR	NT5E	603
EGFR	MDM2	897
EGFR	POU5F1	575
EGFR	TLR2	933
EGFR	THBS1	708
EGFR	ITGAV	686
EGFR	CCND2	628
EGFR	VWF	424
EGFR	SCARB1	401
EGFR	CDH1	999
EGFR	PDGFRB	998
EGFR	SMAD2	736
EGFR	CD33	418
EGFR	AXIN1	656
EGFR	MAPK3	528
EGFR	EP300	588
EGFR	IL1A	701
EGFR	IL1B	873
EGFR	CD81	886
EGFR	EPAS1	821
EGFR	EPCAM	923
EGFR	IL7	762
EGFR	KDR	805
EGFR	PIK3CA	999
EGFR	CBL	999
EGFR	CD80	447
EGFR	FGF2	957
EGFR	IL11	868
EGFR	WNT5A	545
EGFR	STAT3	998
EGFR	FGF10	926
EGFR	ICAM1	877
EGFR	PPARGC1A	456
EGFR	ZAP70	879
EGFR	LEF1	463
EGFR	EGF	999
EGFR	NRP1	489
EGFR	CDK2	566
EGFR	ERBB3	999
EGFR	FGF7	927
EGFR	CDH2	780
EGFR	TP53	943
EGFR	ERBB2	999
EGFR	FCGR2A	628
EGFR	RPS27A	769
EGFR	IL9	724
EGFR	AKT1	792
EGFR	BMI1	523
EGFR	PTPN11	999
EGFR	CD2	487
EGFR	TFRC	832
EGFR	MMP9	827
EGFR	CXCL12	897
EGFR	CCL11	578
EGFR	FGF8	920
EGFR	PLAU	589
EGFR	TLR9	411
EGFR	DKK1	535
EGFR	CD276	485
EGFR	BRAF	601
EGFR	CD19	520
EGFR	ITGB3	650
EGFR	FLT1	607
EGFR	CSF1	941
EGFR	CDK1	849
EGFR	CCR5	578
EGFR	CXCL8	792
EGFR	MTOR	802
EGFR	CD274	870
EGFR	FGF5	922
EGFR	FAS	630
EGFR	TYK2	821
EGFR	MAP2K1	579
EGFR	IRS1	939
EGFR	IFNGR1	504
EGFR	PDCD1LG2	580
EGFR	IFNB1	877
EGFR	PDGFB	968
EGFR	IL1R1	596
EGFR	SLC2A1	704
EGFR	HSPA8	932
EGFR	CD8A	697
EGFR	WNT1	453
EGFR	BMP2	455
EGFR	ERVW-1	679
EGFR	MMP3	737
EGFR	FYN	873
EGFR	BCL2L11	621
EGFR	ITGB1	966
EGFR	CXCL13	532
EGFR	SDC1	697
EGFR	NRAS	991
EGFR	FGF13	871
EGFR	VCAM1	532
EGFR	VEGFC	837
EGFR	IL33	552
EGFR	APP	889
EGFR	STAT5B	997
EGFR	CD247	506
EGFR	ALB	808
EGFR	FOXO3	629
EGFR	FGF17	922
EGFR	CD34	523
EGFR	ITGA2	567
EGFR	RHOA	903
EGFR	ERBB4	996
EGFR	FOS	940
EGFR	FGF9	928
EGFR	PTEN	969
EGFR	DNTT	425
EGFR	PDGFA	964
EGFR	CD163	409
EGFR	CXCL1	455
EGFR	CD63	867
EGFR	ANGPT2	859
EGFR	NCR1	454
EGFR	SOX2	758
EGFR	AXIN2	441
EGFR	TNFRSF4	418
EGFR	TGFBR2	606
EGFR	E2F1	734
EGFR	FASLG	680
EGFR	NTRK1	628
EGFR	H3-5	604
EGFR	TGFA	999
EGFR	HMGB1	449
EGFR	PLG	473
EGFR	IL22	749
EGFR	CALML5	810
EGFR	CDKN2A	910
EGFR	GPT	479
EGFR	PIK3R1	998
EGFR	PRKCA	932
EGFR	CDH5	736
EGFR	NOTCH1	877
EGFR	ANXA5	745
EGFR	CD28	657
EGFR	PRKACG	427
EGFR	PPARG	843
EGFR	CALML6	809
EGFR	CD40	588
EGFR	ACE2	583
EGFR	CALML3	811
EGFR	LEP	839
EGFR	HLA-A	493
EGFR	IL3	783
EGFR	CASP9	753
EGFR	CTNNB1	998
EGFR	CD47	702
EGFR	HSPA5	862
EGFR	FLT3LG	716
EGFR	LYN	859
EGFR	WT1	505
EGFR	MAPK8	830
EGFR	TERT	697
EGFR	TLR4	739
EGFR	FCGR1A	674
EGFR	CSF1R	697
EGFR	VAV1	874
EGFR	JAK1	970
EGFR	PTPRC	749
EGFR	ABL1	861
EGFR	TJP1	717
EGFR	ACE	419
EGFR	FGFR2	608
EGFR	PRKACA	707
EGFR	NES	582
EGFR	CALM3	859
EGFR	KLF4	485
EGFR	NCAM1	656
EGFR	ANGPT1	850
EGFR	PTGS2	836
EGFR	CD24	806
EGFR	SOCS1	728
EGFR	PTPN6	919
EGFR	NPM1	546
EGFR	CD1D	783
EGFR	IFNA1	819
EGFR	JAK3	956
EGFR	REL	405
EGFR	HAVCR2	521
EGFR	KIT	428
EGFR	TGFB2	711
EGFR	TGFBR1	675
EGFR	TLR3	729
EGFR	WNT3A	585
EGFR	BTK	449
EGFR	MCL1	675
EGFR	CDKN1A	752
EGFR	CD86	432
EGFR	STAT1	975
EGFR	CALML4	809
EGFR	PPARA	431
EGFR	SYK	484
EGFR	FGF1	887
EGFR	ESR1	988
EGFR	MET	996
EGFR	CTLA4	697
EGFR	BRCA1	800
EGFR	ESR2	755
EGFR	SHC1	999
EGFR	IKBKB	559
EGFR	UBA52	577
EGFR	SOS1	999
EGFR	FGFR1	479
EGFR	PIK3CD	942
EGFR	CD40LG	472
EGFR	MMP1	694
EGFR	CXCR4	627
EGFR	TNF	890
EGFR	BCL2L1	847
EGFR	MYCN	594
EGFR	PDCD1	705
EGFR	CALR	469
EGFR	CXCR1	617
EGFR	AR	864
EGFR	VIM	655
EGFR	CAV1	999
EGFR	PECAM1	595
EGFR	BCL2	839
EGFR	INS	992
EGFR	ETS1	545
EGFR	IDO1	507
EGFR	RUNX2	607
EGFR	XIAP	636
EGFR	PARP1	751
EGFR	ITGA4	518
EGFR	IL13	809
EGFR	STAT5A	998
EGFR	AGT	551
EGFR	IL18	400
EGFR	PROM1	801
EGFR	HNF4A	530
EGFR	UBB	603
EGFR	IGF1	991
EGFR	IGF1R	989
EGFR	FGF16	927
EGFR	CD9	873
EGFR	GAPDH	955
EGFR	CASP3	747
EGFR	AXL	792
EGFR	BECN1	837
EGFR	ACTB	839
EGFR	ATM	681
EGFR	HDAC1	765
EGFR	HSP90AA1	999
EGFR	H3-4	589
EGFR	IL15	793
EGFR	FN1	944
EGFR	PAX6	525
EGFR	ALK	505
EGFR	ERVFRD-1	673
EGFR	CASP8	737
EGFR	SMAD3	589
EGFR	CXCR2	463
EGFR	FOXO1	706
EGFR	KITLG	950
EGFR	CREB1	576
EGFR	NF1	847
EGFR	FOXP3	507
EGFR	GATA3	512
EGFR	TEK	487
EGFR	CEBPB	554
EGFR	ITGAM	406
EGFR	PGR	830
EGFR	ERV3-1	673
EGFR	IRF4	525
EGFR	HIF1A	934
EGFR	H3-7	600
EGFR	SOCS3	841
EGFR	RELA	701
EGFR	GSK3B	574
EGFR	PRKACB	426
EGFR	HSPA4	954
EGFR	IFNA2	778
EGFR	PIK3CB	993
EGFR	SRC	999
EGFR	AREG	999
EGFR	H3C13	626
EGFR	EDN1	648
EGFR	ITGB2	720
EGFR	IL6R	678
EGFR	SMAD4	735
EGFR	SHH	777
EGFR	JUN	871
EGFR	CXCL10	447
EGFR	H3C12	660
EGFR	IL17A	479
EGFR	HSP90AB1	998
EGFR	BDNF	877
EGFR	SPP1	812
EGFR	NFE2L2	691
EGFR	CYCS	605
EGFR	ANPEP	405
EGFR	DNMT1	514
EGFR	IGF2	854
EGFR	NGF	892
EGFR	PTK2	999
EGFR	IL6	979
EGFR	FGFR3	449
EGFR	FGF3	928
EGFR	LOC102723407	922
EGFR	KEAP1	746
ITGAM	CX3CL1	729
ITGAM	CD74	576
ITGAM	CD4	943
ITGAM	CD22	743
ITGAM	TNFRSF1A	646
ITGAM	NGFR	400
ITGAM	LAG3	585
ITGAM	HMOX1	468
ITGAM	IL2RB	609
ITGAM	GZMB	733
ITGAM	NFKBIA	573
ITGAM	TIMP1	437
ITGAM	MMP2	405
ITGAM	CCL22	576
ITGAM	CCL17	555
ITGAM	RELB	478
ITGAM	TGFB1	687
ITGAM	CD79A	701
ITGAM	PIK3R2	903
ITGAM	HGF	472
ITGAM	SERPINE1	499
ITGAM	MPO	823
ITGAM	CSF3	791
ITGAM	CCL2	796
ITGAM	COL1A1	414
ITGAM	VTN	704
ITGAM	CD38	808
ITGAM	NFKB1	618
ITGAM	IL2	721
ITGAM	SPI1	977
ITGAM	IL10RA	656
ITGAM	CD69	805
ITGAM	IFNG	920
ITGAM	HBEGF	579
ITGAM	LOX	669
ITGAM	IL4	794
ITGAM	IL5	672
ITGAM	TGFB3	418
ITGAM	KLRK1	599
ITGAM	TNFSF10	425
ITGAM	FLT3	727
ITGAM	IRF1	489
ITGAM	CCR7	741
ITGAM	CD68	896
ITGAM	APOE	699
ITGAM	EPO	406
ITGAM	PXDN	634
ITGAM	GFAP	715
ITGAM	LGALS3	571
ITGAM	H3-3B	406
ITGAM	KRAS	400
ITGAM	NOTCH2	420
ITGAM	PDGFRA	496
ITGAM	NT5E	796
ITGAM	CCL21	514
ITGAM	TLR2	893
ITGAM	THBS1	414
ITGAM	ITGAV	638
ITGAM	SCARB1	776
ITGAM	CDH1	448
ITGAM	PDGFRB	483
ITGAM	CD33	850
ITGAM	ITGA2B	916
ITGAM	TYROBP	737
ITGAM	MAPK3	697
ITGAM	ITGAE	650
ITGAM	IL1A	700
ITGAM	IL1B	853
ITGAM	CD81	665
ITGAM	EPCAM	734
ITGAM	IL7	583
ITGAM	KDR	521
ITGAM	PIK3CA	916
ITGAM	CD80	843
ITGAM	FGF2	551
ITGAM	STAT3	828
ITGAM	FGF10	406
ITGAM	ICAM1	999
ITGAM	SCARB2	778
ITGAM	ZAP70	410
ITGAM	EGF	505
ITGAM	NRP1	449
ITGAM	CD27	738
ITGAM	FGF7	413
ITGAM	IRF8	733
ITGAM	TP53	481
ITGAM	IFNAR1	707
ITGAM	FCGR2A	882
ITGAM	GZMA	494
ITGAM	IL9	481
ITGAM	IFNA1	634
ITGAM	IL18	632
ITGAM	FLT1	663
ITGAM	THY1	998
ITGAM	APP	600
ITGAM	CSF1R	865
ITGAM	CXCL13	483
ITGAM	PPARG	567
ITGAM	KIT	797
ITGAM	FCER1G	782
ITGAM	NCR1	727
ITGAM	CXCR5	592
ITGAM	CCR5	840
ITGAM	STAT5B	532
ITGAM	VCAM1	991
ITGAM	REL	414
ITGAM	CXCR1	633
ITGAM	ALB	727
ITGAM	CXCL5	526
ITGAM	PF4	830
ITGAM	CCR1	711
ITGAM	ANXA5	796
ITGAM	IL15	645
ITGAM	ITGA2	635
ITGAM	TLR3	606
ITGAM	IL3	629
ITGAM	RAG1	648
ITGAM	ANPEP	916
ITGAM	RUNX1	526
ITGAM	NOD2	610
ITGAM	AXL	423
ITGAM	CCL11	540
ITGAM	CLEC7A	656
ITGAM	HSPA4	577
ITGAM	IL13	828
ITGAM	CEBPB	481
ITGAM	CXCL10	774
ITGAM	IL7R	760
ITGAM	FOS	460
ITGAM	CXCL8	681
ITGAM	CXCL11	479
ITGAM	CCL19	525
ITGAM	CD34	872
ITGAM	CASP3	608
ITGAM	HAVCR2	643
ITGAM	TLR8	649
ITGAM	AOC3	854
ITGAM	LEP	420
ITGAM	CD19	912
ITGAM	CD209	961
ITGAM	ICOS	625
ITGAM	CXCR2	712
ITGAM	CD276	625
ITGAM	CALR	402
ITGAM	CD28	670
ITGAM	NOS2	613
ITGAM	CSF1	781
ITGAM	IL3RA	752
ITGAM	SOCS3	497
ITGAM	SELE	762
ITGAM	CD86	913
ITGAM	H3C13	404
ITGAM	PDCD1	621
ITGAM	NLRP3	582
ITGAM	KLRD1	520
ITGAM	H3-5	404
ITGAM	PTK2	723
ITGAM	STAT5A	571
ITGAM	CD5	812
ITGAM	CCR6	594
ITGAM	HMGB1	690
ITGAM	PDGFA	458
ITGAM	FN1	853
ITGAM	ITGAL	994
ITGAM	ARG1	795
ITGAM	CCRL2	653
ITGAM	CX3CR1	827
ITGAM	STAT4	465
ITGAM	CASP8	418
ITGAM	FCGR2B	916
ITGAM	CCL20	519
ITGAM	TGFBR2	415
ITGAM	CD163	819
ITGAM	H3C12	404
ITGAM	TLR9	797
ITGAM	STAT1	876
ITGAM	CD3E	800
ITGAM	CD247	472
ITGAM	CXCL9	652
ITGAM	TLR1	748
ITGAM	CD47	589
ITGAM	AGT	409
ITGAM	H3-4	404
ITGAM	CR2	665
ITGAM	PTGS2	590
ITGAM	FASLG	715
ITGAM	IFNGR1	470
ITGAM	CD1C	705
ITGAM	NES	453
ITGAM	IL6R	465
ITGAM	CTSS	567
ITGAM	PRDM1	619
ITGAM	FCGR1A	851
ITGAM	CD2	666
ITGAM	CD40LG	894
ITGAM	DNTT	505
ITGAM	ENTPD1	619
ITGAM	JUN	474
ITGAM	RUNX2	470
ITGAM	PTEN	414
ITGAM	CD40	784
ITGAM	MMP9	713
ITGAM	ABL1	420
ITGAM	CSF3R	684
ITGAM	ENG	795
ITGAM	SRC	811
ITGAM	CXCR3	785
ITGAM	DKK1	512
ITGAM	TLR4	920
ITGAM	IL2RG	692
ITGAM	KLF4	438
ITGAM	SYK	593
ITGAM	TNFSF13B	589
ITGAM	AIF1	843
ITGAM	FOXP3	855
ITGAM	PIK3CD	930
ITGAM	CYBB	778
ITGAM	CD83	619
ITGAM	TNFRSF4	531
ITGAM	GATA3	594
ITGAM	TEK	545
ITGAM	IFNA2	407
ITGAM	IFNB1	620
ITGAM	TLR7	807
ITGAM	IRF4	607
ITGAM	SDC1	727
ITGAM	IL33	604
ITGAM	CD274	731
ITGAM	CD9	603
ITGAM	TFRC	610
ITGAM	IGF1	488
ITGAM	GPT	478
ITGAM	SPP1	494
ITGAM	CXCL1	702
ITGAM	IL4R	630
ITGAM	CXCL12	676
ITGAM	ITGB1	974
ITGAM	GAPDH	714
ITGAM	ITGA4	797
ITGAM	INS	587
ITGAM	PDCD1LG2	617
ITGAM	ITGB2	999
ITGAM	BCL2	524
ITGAM	RELA	488
ITGAM	BCL6	500
ITGAM	PPARA	537
ITGAM	IL6	897
ITGAM	IL1R1	589
ITGAM	CD8A	940
ITGAM	CXCR4	715
ITGAM	EOMES	526
ITGAM	NFATC1	403
ITGAM	PTPN6	400
ITGAM	ERV3-1	659
ITGAM	CXCR6	471
ITGAM	TNF	909
ITGAM	PTPRC	971
ITGAM	BDNF	476
ITGAM	ERVW-1	659
ITGAM	ERVFRD-1	659
ITGAM	PROM1	483
ITGAM	CXCL2	702
ITGAM	CEBPA	550
ITGAM	PIK3R1	910
ITGAM	LYN	647
ITGAM	IKBKB	430
ITGAM	IDO1	790
ITGAM	HIF1A	549
ITGAM	SLAMF1	710
ITGAM	IL22	606
ITGAM	CD63	618
ITGAM	AKT1	611
ITGAM	ITGB3	871
ITGAM	MRC1	931
ITGAM	PECAM1	836
ITGAM	FLT3LG	711
ITGAM	IL12RB1	435
ITGAM	IRF3	452
ITGAM	VAV1	502
ITGAM	CCL3	711
ITGAM	LOC102723407	405
ITGAM	SIRPA	726
ITGAM	VEGFC	418
ITGAM	NCAM1	727
ITGAM	TNFAIP3	417
ITGAM	CD24	668
ITGAM	CCL4	676
ITGAM	BTK	521
ITGAM	CD48	685
ITGAM	ACTB	723
ITGAM	CTNNB1	442
ITGAM	KITLG	730
ITGAM	TLR5	698
ITGAM	SOCS1	423
ITGAM	H3-7	404
ITGAM	SPN	749
ITGAM	PIK3CB	915
ITGAM	IL17A	783
ITGAM	CTLA4	679
ITGAM	SELL	929
ITGAM	CDH5	520
ITGAM	NOTCH1	412
ITGAM	CD1D	695
ITGAM	JAK1	415
ITGAM	FAS	556
IL2RG	CD74	414
IL2RG	CD4	884
IL2RG	TNFRSF1A	496
IL2RG	LAG3	425
IL2RG	IL2RB	999
IL2RG	GZMB	564
IL2RG	CD79A	400
IL2RG	PIK3R2	400
IL2RG	HGF	478
IL2RG	CSF3	753
IL2RG	CCL2	489
IL2RG	CD38	524
IL2RG	IL2	999
IL2RG	SPI1	404
IL2RG	IL10RA	683
IL2RG	CD69	636
IL2RG	IFNG	910
IL2RG	IL4	999
IL2RG	IL5	849
IL2RG	KLRK1	542
IL2RG	FLT3	612
IL2RG	CCR7	606
IL2RG	LIF	716
IL2RG	EPO	737
IL2RG	KRAS	510
IL2RG	CD33	415
IL2RG	IL1A	561
IL2RG	IL1B	608
IL2RG	IL7	999
IL2RG	PIK3CA	478
IL2RG	CD80	524
IL2RG	FGF2	500
IL2RG	IL11	731
IL2RG	STAT3	947
IL2RG	ICAM1	599
IL2RG	ZAP70	547
IL2RG	EGF	723
IL2RG	CD27	616
IL2RG	GZMA	436
IL2RG	IL9	998
IL2RG	IFNA1	778
IL2RG	IL18	426
IL2RG	CXCL13	588
IL2RG	KIT	476
IL2RG	FCER1G	405
IL2RG	NCR1	580
IL2RG	CXCR5	579
IL2RG	CCR5	532
IL2RG	STAT5B	976
IL2RG	IL15	999
IL2RG	IL3	802
IL2RG	RAG1	787
IL2RG	IRS1	460
IL2RG	IL13	932
IL2RG	IL7R	999
IL2RG	CD34	614
IL2RG	LEP	687
IL2RG	CD19	631
IL2RG	ICOS	520
IL2RG	CXCR2	428
IL2RG	CD28	597
IL2RG	IL3RA	658
IL2RG	PDGFB	673
IL2RG	CD86	487
IL2RG	PDCD1	420
IL2RG	IL21R	996
IL2RG	KLRD1	474
IL2RG	STAT5A	977
IL2RG	CD5	548
IL2RG	PDGFA	668
IL2RG	FYN	539
IL2RG	ITGAL	524
IL2RG	CCRL2	401
IL2RG	STAT4	690
IL2RG	STAT1	820
IL2RG	CD3E	689
IL2RG	CD247	595
IL2RG	CXCL9	617
IL2RG	IFNGR1	533
IL2RG	IL6R	619
IL2RG	CD2	789
IL2RG	NRAS	479
IL2RG	CD40LG	540
IL2RG	CD40	608
IL2RG	CXCR3	487
IL2RG	IRF4	431
IL2RG	GATA3	439
IL2RG	FOXP3	754
IL2RG	CCL4	596
IL2RG	CD48	535
IL2RG	IL6	832
IL2RG	SPN	439
IL2RG	IL12RB1	466
IL2RG	SLAMF1	419
IL2RG	IL17A	458
IL2RG	EOMES	466
IL2RG	IFNA2	722
IL2RG	ITGB2	700
IL2RG	TLR7	424
IL2RG	PIK3CB	458
IL2RG	SOS1	463
IL2RG	TNF	549
IL2RG	PIK3CD	552
IL2RG	CXCR4	450
IL2RG	SYK	670
IL2RG	CXCR6	535
IL2RG	SHC1	630
IL2RG	CTLA4	537
IL2RG	BTK	559
IL2RG	SELL	721
IL2RG	IL4R	999
IL2RG	BCL2	442
IL2RG	PIK3R1	472
IL2RG	TNFRSF4	449
IL2RG	IL22	837
IL2RG	CYBB	419
IL2RG	PTPN6	657
IL2RG	JAK3	999
IL2RG	NCAM1	454
IL2RG	FLT3LG	438
IL2RG	JAK1	999
IL2RG	PTPRC	783
IL2RG	VAV1	558
IL2RG	IFNB1	733
IL2RG	IL1R1	544
IL2RG	TYK2	814
IL2RG	CD274	441
IL2RG	TFRC	551
IL2RG	RHOA	911
IL2RG	CD8A	859
DPP4	CD4	774
DPP4	SIRT1	413
DPP4	TIMP1	605
DPP4	CCL22	462
DPP4	TGFB1	475
DPP4	SERPINE1	451
DPP4	CSF3	495
DPP4	CCL2	714
DPP4	CD38	474
DPP4	NFKB1	402
DPP4	IL2	483
DPP4	CD69	427
DPP4	IFNG	575
DPP4	IL4	411
DPP4	CCR7	402
DPP4	APOE	454
DPP4	EPO	401
DPP4	LGALS3	576
DPP4	NT5E	514
DPP4	SCARB1	416
DPP4	IL1A	430
DPP4	IL1B	581
DPP4	CD81	476
DPP4	EPCAM	400
DPP4	STAT3	419
DPP4	ICAM1	631
DPP4	SCARB2	619
DPP4	NRP1	592
DPP4	CDK2	450
DPP4	TP53	656
DPP4	ERBB2	475
DPP4	FCGR2A	478
DPP4	IFNA1	405
DPP4	IL18	419
DPP4	THY1	471
DPP4	PPARG	623
DPP4	ACE	874
DPP4	CCR5	442
DPP4	VCAM1	669
DPP4	ALB	778
DPP4	ITGA2	421
DPP4	ANPEP	931
DPP4	CCL11	673
DPP4	IRS1	464
DPP4	CXCL10	777
DPP4	CXCL8	456
DPP4	CXCL11	689
DPP4	PLG	904
DPP4	PRKACA	423
DPP4	CD34	511
DPP4	CASP3	447
DPP4	LEP	589
DPP4	CD209	533
DPP4	MET	457
DPP4	MMP1	536
DPP4	HSPA5	597
DPP4	CD28	602
DPP4	CD86	560
DPP4	CAV1	991
DPP4	CD5	618
DPP4	FN1	983
DPP4	TJP1	512
DPP4	FCGR2B	476
DPP4	ENTPD1	455
DPP4	CD24	472
DPP4	FGFR2	428
DPP4	NCAM1	650
DPP4	TLR4	445
DPP4	PTPRC	990
DPP4	PRKACG	423
DPP4	ACE2	999
DPP4	CDKN2A	528
DPP4	GPT	598
DPP4	CD63	595
DPP4	CR2	405
DPP4	ITGB1	967
DPP4	CD8A	625
DPP4	ERVW-1	730
DPP4	IL1R1	498
DPP4	SIRPA	426
DPP4	ENG	610
DPP4	MMP9	468
DPP4	CXCL12	832
DPP4	AKT1	527
DPP4	CD2	688
DPP4	TFRC	699
DPP4	CXCL9	529
DPP4	CXCL2	754
DPP4	IL6	694
DPP4	ADIPOQ	608
DPP4	SLAMF1	525
DPP4	IGF2	537
DPP4	IL17A	442
DPP4	PRKACB	419
DPP4	ERV3-1	689
DPP4	FOXP3	416
DPP4	CCL3	608
DPP4	ERVFRD-1	693
DPP4	ACTB	404
DPP4	CD9	882
DPP4	GAPDH	425
DPP4	IGF1	434
DPP4	PROM1	447
DPP4	ITGA4	607
DPP4	AGT	599
DPP4	PECAM1	646
DPP4	CXCR3	432
DPP4	INS	906
DPP4	CTSS	494
DPP4	CXCR4	985
DPP4	TNF	589
DPP4	CTLA4	405
DPP4	IKBKB	449
DPP4	PPARA	478
CCL3	CX3CL1	733
CCL3	CD74	442
CCL3	CD4	880
CCL3	TNFRSF1A	691
CCL3	FGF4	479
CCL3	FGF20	489
CCL3	LAG3	506
CCL3	FGF22	489
CCL3	HMOX1	407
CCL3	IL2RB	418
CCL3	GZMB	669
CCL3	NFKBIA	752
CCL3	TIMP1	555
CCL3	MMP2	616
CCL3	CCL22	524
CCL3	CCL17	510
CCL3	RELB	405
CCL3	TGFB1	633
CCL3	HGF	523
CCL3	SERPINE1	484
CCL3	MPO	587
CCL3	CSF3	929
CCL3	CCL2	576
CCL3	COL1A1	574
CCL3	CD38	660
CCL3	NFKB1	749
CCL3	IL2	876
CCL3	SPI1	437
CCL3	IL10RA	506
CCL3	CD69	698
CCL3	FGF6	502
CCL3	IFNG	947
CCL3	HBEGF	400
CCL3	IL4	827
CCL3	IL5	833
CCL3	EGR1	459
CCL3	KLRK1	501
CCL3	TNFSF10	479
CCL3	IRF1	682
CCL3	CCR7	953
CCL3	LIF	668
CCL3	CD68	653
CCL3	APOE	692
CCL3	PXDN	451
CCL3	GFAP	402
CCL3	LGALS3	420
CCL3	TLR2	787
CCL3	CCND2	717
CCL3	SCARB1	433
CCL3	CD33	427
CCL3	TYROBP	511
CCL3	MAPK3	453
CCL3	ITGAE	453
CCL3	IL1A	923
CCL3	IL1B	972
CCL3	IL7	856
CCL3	CD80	706
CCL3	FGF2	628
CCL3	IL11	493
CCL3	STAT3	858
CCL3	FGF10	488
CCL3	ICAM1	740
CCL3	SCARB2	432
CCL3	EGF	582
CCL3	NRP1	437
CCL3	CD27	469
CCL3	FGF7	527
CCL3	IRF8	473
CCL3	IFNAR1	455
CCL3	FCGR2A	496
CCL3	GZMA	509
CCL3	IL9	798
CCL3	IFNA1	727
CCL3	IL18	860
CCL3	FLT1	447
CCL3	CSF1R	712
CCL3	CXCL13	864
CCL3	PPARG	433
CCL3	KIT	548
CCL3	FCER1G	483
CCL3	NCR1	456
CCL3	CXCR5	906
CCL3	CCR5	999
CCL3	VCAM1	673
CCL3	CXCR1	981
CCL3	ALB	543
CCL3	CXCL5	823
CCL3	PF4	734
CCL3	CCR1	999
CCL3	IL15	809
CCL3	TLR3	617
CCL3	IL3	754
CCL3	MMP3	506
CCL3	NOD2	461
CCL3	CCL11	507
CCL3	CLEC7A	533
CCL3	IL13	895
CCL3	CEBPB	565
CCL3	CXCL10	951
CCL3	IL7R	685
CCL3	FOS	657
CCL3	CXCL8	977
CCL3	CXCL11	851
CCL3	CCL19	831
CCL3	CD34	632
CCL3	CASP3	446
CCL3	FGF5	479
CCL3	HAVCR2	553
CCL3	TLR8	573
CCL3	LEP	505
CCL3	CD19	584
CCL3	CD209	498
CCL3	ICOS	435
CCL3	CXCR2	984
CCL3	CD276	460
CCL3	FGF8	477
CCL3	MMP1	450
CCL3	CD28	517
CCL3	NOS2	457
CCL3	CSF1	728
CCL3	IL3RA	430
CCL3	SOCS3	502
CCL3	SELE	591
CCL3	CD86	748
CCL3	FGF3	479
CCL3	PDCD1	471
CCL3	NLRP3	596
CCL3	IL21R	599
CCL3	KLRD1	450
CCL3	CCR6	973
CCL3	HMGB1	456
CCL3	FN1	621
CCL3	ITGAL	439
CCL3	ARG1	581
CCL3	CCRL2	951
CCL3	CX3CR1	970
CCL3	FCGR2B	526
CCL3	CCL20	970
CCL3	CD163	643
CCL3	FGF17	480
CCL3	TLR9	591
CCL3	STAT1	593
CCL3	CXCL9	884
CCL3	TLR1	510
CCL3	AGT	432
CCL3	TGFB2	404
CCL3	PTGS2	781
CCL3	FASLG	561
CCL3	CD1C	470
CCL3	IL6R	488
CCL3	CTSS	469
CCL3	FCGR1A	516
CCL3	NGF	487
CCL3	CD40LG	799
CCL3	ENTPD1	425
CCL3	JUN	585
CCL3	CD40	842
CCL3	MMP9	664
CCL3	CXCR3	997
CCL3	TLR4	815
CCL3	SYK	464
CCL3	TNFSF13B	541
CCL3	AIF1	554
CCL3	FOXP3	582
CCL3	CYBB	453
CCL3	CD83	823
CCL3	TNFRSF4	438
CCL3	IFNA2	651
CCL3	IFNB1	686
CCL3	TLR7	634
CCL3	IRF4	424
CCL3	IL33	618
CCL3	CD274	605
CCL3	FGF9	489
CCL3	IGF1	443
CCL3	GPT	432
CCL3	SPP1	492
CCL3	AREG	578
CCL3	CXCL1	948
CCL3	IL4R	419
CCL3	CXCL12	823
CCL3	GAPDH	570
CCL3	ITGA4	435
CCL3	INS	455
CCL3	ITGB2	525
CCL3	BCL2	753
CCL3	RELA	616
CCL3	BCL6	697
CCL3	IL6	962
CCL3	IL1R1	702
CCL3	CD8A	873
CCL3	CXCR4	993
CCL3	EOMES	558
CCL3	ACE2	644
CCL3	ADIPOQ	585
CCL3	CXCR6	934
CCL3	FGF13	505
CCL3	TNF	988
CCL3	FGF16	489
CCL3	TGFA	705
CCL3	PTPRC	668
CCL3	BDNF	432
CCL3	ERVW-1	427
CCL3	CXCL2	939
CCL3	IDO1	537
CCL3	HIF1A	440
CCL3	SLAMF1	435
CCL3	IL22	632
CCL3	AKT1	677
CCL3	MRC1	602
CCL3	PECAM1	528
CCL3	FLT3LG	564
CCL3	IRF3	505
CCL3	TNFAIP3	595
CCL3	SOCS1	419
CCL3	CD1D	429
CCL3	JAK1	400
CCL3	NCAM1	519
CCL3	TLR5	472
CCL3	FAS	404
CCL3	IL17A	847
CCL3	CCL4	997
CCL3	KITLG	505
CCL3	CD48	420
CCL3	IGF1R	468
CCL3	ACTB	481
CCL3	SELL	576
CCL3	BTK	463
CCL3	CTLA4	547
IRF1	CD74	501
IRF1	CD4	630
IRF1	TNFRSF1A	455
IRF1	LAG3	440
IRF1	GZMB	525
IRF1	NFKBIA	681
IRF1	RELB	589
IRF1	TGFB1	438
IRF1	SERPINE1	486
IRF1	CCL2	786
IRF1	NFKB1	709
IRF1	IL2	512
IRF1	SPI1	974
IRF1	IL10RA	406
IRF1	CD69	459
IRF1	IFNG	917
IRF1	IL4	741
IRF1	IL5	674
IRF1	EGR1	520
IRF1	TNFSF10	470
IRF1	NFE2L2	401
IRF1	STAT3	900
IRF1	IL6R	403
IRF1	JUN	919
IRF1	CXCL10	875
IRF1	TP53	519
IRF1	H3C12	419
IRF1	IL17A	481
IRF1	HSP90AB1	540
IRF1	EP300	984
IRF1	TLR7	793
IRF1	RUNX1	709
IRF1	SRC	466
IRF1	H3C13	426
IRF1	CBL	580
IRF1	ITGB2	404
IRF1	RELA	651
IRF1	GSK3B	465
IRF1	IFNA2	847
IRF1	CXCL9	818
IRF1	CXCL2	459
IRF1	IL12RB1	673
IRF1	IL6	691
IRF1	CREB1	684
IRF1	PDGFRB	449
IRF1	CXCL11	615
IRF1	CASP8	502
IRF1	CCL4	704
IRF1	CEBPA	535
IRF1	NOS2	452
IRF1	HDAC1	985
IRF1	HSP90AA1	662
IRF1	H3-4	416
IRF1	H3-3B	424
IRF1	IL15	554
IRF1	HIF1A	692
IRF1	IRF4	611
IRF1	H3-7	416
IRF1	SOCS3	789
IRF1	FOXP3	627
IRF1	TLR2	615
IRF1	GATA3	462
IRF1	CEBPB	721
IRF1	CSF3R	427
IRF1	IL4R	414
IRF1	IL13	629
IRF1	STAT5A	551
IRF1	CDK4	477
IRF1	ETS1	493
IRF1	IDO1	630
IRF1	GZMA	474
IRF1	IRF8	983
IRF1	CXCR3	452
IRF1	BCL2	409
IRF1	ICAM1	662
IRF1	TNFSF13B	454
IRF1	ACTB	552
IRF1	ATM	658
IRF1	CD68	437
IRF1	GAPDH	538
IRF1	CASP3	656
IRF1	IL1A	544
IRF1	IGF1	497
IRF1	IL18	521
IRF1	CTLA4	470
IRF1	BRCA1	560
IRF1	IKBKB	451
IRF1	SYK	417
IRF1	STAT1	999
IRF1	CDKN1A	403
IRF1	CD86	514
IRF1	CTSS	481
IRF1	PDCD1	642
IRF1	NLRP3	443
IRF1	CD40LG	427
IRF1	CXCR4	416
IRF1	IL1B	711
IRF1	TNF	751
IRF1	TLR1	468
IRF1	PTGS2	485
IRF1	ERBB2	460
IRF1	NOD2	443
IRF1	TLR4	818
IRF1	CSF1R	568
IRF1	JAK1	789
IRF1	PTPRC	600
IRF1	PDGFRA	434
IRF1	LYN	641
IRF1	TLR3	809
IRF1	NPM1	417
IRF1	IFNA1	910
IRF1	JAK3	455
IRF1	REL	713
IRF1	IL7R	443
IRF1	TNFAIP3	634
IRF1	SOCS1	821
IRF1	PTPN6	414
IRF1	IRF3	718
IRF1	TLR8	603
IRF1	CD28	400
IRF1	CCL20	422
IRF1	H3-5	416
IRF1	FASLG	408
IRF1	HLA-A	509
IRF1	IL3	637
IRF1	TLR5	432
IRF1	PPARG	605
IRF1	CD40	551
IRF1	MDM2	970
IRF1	STAT5B	512
IRF1	IL11	468
IRF1	PRDM1	742
IRF1	VCAM1	407
IRF1	CD8A	666
IRF1	CXCL1	474
IRF1	CD80	480
IRF1	FOS	726
IRF1	CCR7	433
IRF1	BCL6	449
IRF1	IFNAR1	702
IRF1	CCR5	463
IRF1	CD274	674
IRF1	CXCL8	575
IRF1	CSF1	463
IRF1	MMP9	407
IRF1	TLR9	701
IRF1	CDK2	420
IRF1	AKT1	499
IRF1	PTPN11	441
IRF1	IFNB1	934
IRF1	CLEC7A	418
IRF1	IL1R1	427
IRF1	STAT4	725
IRF1	PDCD1LG2	491
IRF1	IFNGR1	671
IRF1	FAS	502
IRF1	TYK2	619
MAPK14	CD4	690
MAPK14	TNFRSF1A	432
MAPK14	SIRT1	437
MAPK14	MAPK1	995
MAPK14	HMOX1	453
MAPK14	NFKBIA	829
MAPK14	TGFB1	632
MAPK14	SERPINE1	527
MAPK14	CCL2	635
MAPK14	NFKB1	864
MAPK14	IL2	436
MAPK14	CCND1	576
MAPK14	CDKN1B	432
MAPK14	IFNG	769
MAPK14	CALML4	451
MAPK14	CCNB1	406
MAPK14	ESR1	954
MAPK14	ESR2	921
MAPK14	IKBKB	696
MAPK14	SHC1	424
MAPK14	MCL1	598
MAPK14	CDKN1A	591
MAPK14	CD86	477
MAPK14	STAT1	783
MAPK14	BCL2L1	762
MAPK14	PXDN	513
MAPK14	SOS1	550
MAPK14	PIK3CA	552
MAPK14	IL1B	782
MAPK14	TNF	839
MAPK14	CDK4	501
MAPK14	ETS1	447
MAPK14	PARP1	422
MAPK14	IL13	511
MAPK14	AGT	475
MAPK14	BCL2	701
MAPK14	ICAM1	436
MAPK14	INS	757
MAPK14	GAPDH	589
MAPK14	CASP3	817
MAPK14	ACTB	573
MAPK14	ATM	722
MAPK14	IL18	521
MAPK14	IL1A	656
MAPK14	IGF1	640
MAPK14	IGF1R	422
MAPK14	SMAD3	486
MAPK14	CASP8	641
MAPK14	FOXO1	935
MAPK14	CREB1	706
MAPK14	PDGFRB	451
MAPK14	HSP90AA1	558
MAPK14	HDAC1	437
MAPK14	H3-3B	665
MAPK14	FN1	452
MAPK14	NOS2	409
MAPK14	PGR	920
MAPK14	SMAD2	503
MAPK14	HIF1A	693
MAPK14	CDH2	651
MAPK14	TLR2	693
MAPK14	GATA3	466
MAPK14	CEBPB	961
MAPK14	SMAD4	622
MAPK14	KDR	620
MAPK14	JUN	992
MAPK14	TP53	994
MAPK14	H3C12	663
MAPK14	IL17A	561
MAPK14	HSP90AB1	615
MAPK14	EP300	741
MAPK14	NFE2L2	459
MAPK14	APOE	541
MAPK14	STAT3	718
MAPK14	CYCS	485
MAPK14	RELA	798
MAPK14	GSK3B	626
MAPK14	HSPA4	447
MAPK14	PIK3CB	591
MAPK14	SRC	818
MAPK14	H3C13	662
MAPK14	CBL	610
MAPK14	IL6	848
MAPK14	CDH1	439
MAPK14	IL4	591
MAPK14	EGF	489
MAPK14	SQSTM1	672
MAPK14	NR3C1	582
MAPK14	NGF	408
MAPK14	ZAP70	951
MAPK14	PTK2	941
MAPK14	BRAF	455
MAPK14	CDK1	552
MAPK14	CXCL8	645
MAPK14	MTOR	554
MAPK14	AKT1	990
MAPK14	BMI1	693
MAPK14	PTPN11	489
MAPK14	MMP9	532
MAPK14	CDK2	543
MAPK14	IFNB1	409
MAPK14	PDGFB	489
MAPK14	CLEC7A	471
MAPK14	IL1R1	569
MAPK14	SELE	553
MAPK14	TYK2	510
MAPK14	MAP2K1	970
MAPK14	STAT5B	554
MAPK14	ALB	472
MAPK14	FOXO3	949
MAPK14	CD8A	527
MAPK14	FYN	749
MAPK14	BCL2L11	521
MAPK14	EGR1	610
MAPK14	FOS	985
MAPK14	PTEN	531
MAPK14	MAPK3	989
MAPK14	CD80	487
MAPK14	RHOA	702
MAPK14	CALML5	466
MAPK14	CDKN2A	944
MAPK14	FLT3	452
MAPK14	PRKCA	517
MAPK14	TLR8	406
MAPK14	ANXA5	447
MAPK14	NOTCH1	545
MAPK14	TGFBR2	505
MAPK14	CASP9	633
MAPK14	CTNNB1	838
MAPK14	PPARGC1A	950
MAPK14	FGF2	425
MAPK14	HSPA5	402
MAPK14	PPARG	484
MAPK14	CALML6	444
MAPK14	CD40	561
MAPK14	CALML3	470
MAPK14	ACE	571
MAPK14	CALM3	478
MAPK14	NOD2	630
MAPK14	PTGS2	774
MAPK14	ERBB2	491
MAPK14	MAPK8	955
MAPK14	TLR4	762
MAPK14	VAV1	423
MAPK14	PTPRC	560
MAPK14	ABL1	635
MAPK14	CYBB	788
MAPK14	TGFBR1	761
MAPK14	KRAS	807
MAPK14	PTPN6	470
MAPK14	JAK3	551
SOX9	SNAI2	910
SOX9	FGF4	592
SOX9	NGFR	462
SOX9	FGF20	555
SOX9	SIRT1	624
SOX9	FGF22	532
SOX9	TIMP1	406
SOX9	TGFB1	655
SOX9	COL1A1	715
SOX9	CCND1	590
SOX9	GLI1	618
SOX9	FGF6	533
SOX9	NANOG	673
SOX9	LOX	444
SOX9	TGFB3	681
SOX9	EGR1	445
SOX9	TWIST1	732
SOX9	SNAI1	731
SOX9	BMP4	722
SOX9	GATA4	977
SOX9	JAG1	617
SOX9	FGF5	543
SOX9	GFAP	580
SOX9	BMI1	536
SOX9	AKT1	571
SOX9	NOTCH2	555
SOX9	FGF8	601
SOX9	CXCL12	446
SOX9	MMP9	489
SOX9	DKK1	541
SOX9	ENG	589
SOX9	FGF13	547
SOX9	ALB	587
SOX9	FGF17	524
SOX9	MMP3	592
SOX9	BMP2	816
SOX9	WNT1	528
SOX9	EPAS1	493
SOX9	ITGB1	512
SOX9	FGF9	907
SOX9	PTEN	472
SOX9	FOS	456
SOX9	CD63	423
SOX9	MAPK3	527
SOX9	CD34	586
SOX9	RHOA	430
SOX9	CDKN2A	439
SOX9	NOTCH1	722
SOX9	AXIN2	639
SOX9	TGFBR2	429
SOX9	H3-5	453
SOX9	FGF2	657
SOX9	CTNNB1	982
SOX9	PRKACG	929
SOX9	PPARG	608
SOX9	FGF7	596
SOX9	NES	629
SOX9	PRKACA	930
SOX9	TJP1	462
SOX9	FGFR2	528
SOX9	KLF4	608
SOX9	PTGS2	415
SOX9	ERBB2	440
SOX9	CD24	542
SOX9	WT1	908
SOX9	PDGFRA	625
SOX9	PTPRC	529
SOX9	JAK1	462
SOX9	TGFB2	667
SOX9	KIT	453
SOX9	KRAS	514
SOX9	TGFBR1	427
SOX9	WNT3A	645
SOX9	THY1	618
SOX9	ESR2	589
SOX9	ESR1	517
SOX9	FGF1	404
SOX9	NT5E	572
SOX9	MYCN	567
SOX9	PXDN	544
SOX9	WNT10B	427
SOX9	WNT4	714
SOX9	AR	515
SOX9	FGFR1	440
SOX9	CXCR4	494
SOX9	NFATC1	674
SOX9	IL1B	596
SOX9	TNF	478
SOX9	ETS1	428
SOX9	RUNX2	980
SOX9	VIM	663
SOX9	BCL2	427
SOX9	PECAM1	520
SOX9	INS	715
SOX9	CASP3	524
SOX9	GAPDH	692
SOX9	ACTB	614
SOX9	FGF10	628
SOX9	PROM1	619
SOX9	POU5F1	693
SOX9	EPCAM	610
SOX9	IGF1	581
SOX9	IGF1R	593
SOX9	HNF4A	603
SOX9	FGF16	552
SOX9	SMAD3	778
SOX9	KITLG	405
SOX9	CREB1	423
SOX9	PDGFRB	445
SOX9	H3-3B	462
SOX9	H3-4	452
SOX9	PAX6	773
SOX9	FN1	545
SOX9	CEBPA	690
SOX9	SMAD2	677
SOX9	WNT5A	719
SOX9	H3-7	453
SOX9	HIF1A	581
SOX9	AXIN1	454
SOX9	CDH2	564
SOX9	CEBPB	434
SOX9	GATA3	419
SOX9	JUN	701
SOX9	SMAD4	686
SOX9	SHH	705
SOX9	EP300	940
SOX9	H3C12	453
SOX9	TP53	577
SOX9	STAT3	631
SOX9	SPP1	659
SOX9	GSK3B	730
SOX9	PRKACB	930
SOX9	HSPA4	626
SOX9	RUNX1	490
SOX9	H3C13	453
SOX9	CDH1	738
SOX9	FGFR3	536
SOX9	IL6	669
SOX9	FGF3	544
SOX9	EGF	586
SOX9	IGF2	414
AREG	CD4	482
AREG	NGFR	694
AREG	TIMP1	413
AREG	MMP2	550
AREG	TGFB1	583
AREG	HGF	483
AREG	SERPINE1	612
AREG	CCL2	647
AREG	IL2	401
AREG	CCND1	435
AREG	IFNG	506
AREG	HBEGF	785
AREG	IL4	535
AREG	IL5	614
AREG	EGR1	630
AREG	FLT3	709
AREG	PLCG1	550
AREG	KRAS	766
AREG	NOTCH2	522
AREG	PDGFRA	737
AREG	CDH1	463
AREG	PDGFRB	758
AREG	MAPK3	488
AREG	IL1A	505
AREG	IL1B	551
AREG	KDR	754
AREG	PIK3CA	609
AREG	CBL	617
AREG	FGF2	479
AREG	STAT3	486
AREG	FGF10	422
AREG	ICAM1	947
AREG	EGF	998
AREG	ERBB3	993
AREG	FGF7	675
AREG	TP53	435
AREG	ERBB2	959
AREG	RPS27A	499
AREG	IL9	569
AREG	ATM	467
AREG	IL18	426
AREG	FLT1	742
AREG	CSF1R	711
AREG	KIT	767
AREG	CCL11	555
AREG	AXIN2	499
AREG	HSPA4	444
AREG	IL13	631
AREG	IL7R	418
AREG	FOS	662
AREG	CXCL8	545
AREG	FGF5	581
AREG	MET	804
AREG	ICOS	515
AREG	FGF8	578
AREG	PGR	623
AREG	FGF3	579
AREG	CAV1	524
AREG	FGFR3	700
AREG	PTK2	506
AREG	ERBB4	992
AREG	CCL20	604
AREG	PTGS2	594
AREG	NRAS	667
AREG	JUN	426
AREG	MMP9	449
AREG	SRC	684
AREG	FOXP3	448
AREG	WT1	524
AREG	GATA3	582
AREG	TEK	708
AREG	IL33	687
AREG	FGF9	603
AREG	CD9	531
AREG	IGF1	447
AREG	SOS1	491
AREG	FGFR1	802
AREG	TNF	520
AREG	ESR1	668
AREG	SHC1	565
AREG	UBA52	499
AREG	UBB	499
AREG	IGF1R	792
AREG	GAPDH	452
AREG	INS	415
AREG	IL6	604
AREG	ADIPOQ	420
AREG	CXCL2	452
AREG	IL17A	601
AREG	AKT1	581
AREG	PTPN11	491
AREG	BRAF	418
AREG	CXCL1	500
AREG	CD8A	447
AREG	CTNNB1	421
AREG	NTRK1	839
AREG	TGFA	960
AREG	IL22	533
AREG	PIK3R1	443
AREG	TGFBR1	457
AREG	FGFR2	824
AREG	NCAM1	506
CCR1	CX3CL1	905
CCR1	CD74	457
CCR1	CD4	708
CCR1	TNFRSF1A	609
CCR1	GZMB	448
CCR1	CCL22	950
CCR1	CCL17	942
CCR1	TGFB1	472
CCR1	HGF	558
CCR1	CCL2	999
CCR1	NFKB1	614
CCR1	IL2	467
CCR1	SPI1	694
CCR1	IL10RA	708
CCR1	CD69	438
CCR1	IFNG	646
CCR1	IL4	688
CCR1	IL5	723
CCR1	CCR7	947
CCR1	CD68	698
CCR1	PDGFRA	464
CCR1	CCL21	945
CCR1	TLR2	590
CCR1	PDGFRB	483
CCR1	CD33	439
CCR1	TYROBP	731
CCR1	IL1A	510
CCR1	IL1B	764
CCR1	KDR	487
CCR1	CD80	566
CCR1	STAT3	716
CCR1	ICAM1	532
CCR1	IRF8	469
CCR1	FCGR2A	536
CCR1	IL9	424
CCR1	IL18	437
CCR1	CSF1R	711
CCR1	CXCL13	929
CCR1	PPARG	521
CCR1	KIT	461
CCR1	FCER1G	737
CCR1	CXCR5	757
CCR1	CCR5	998
CCR1	VCAM1	507
CCR1	CXCR1	945
CCR1	CXCL5	853
CCR1	PF4	895
CCR1	IL15	415
CCR1	TLR8	592
CCR1	CXCL11	919
CCR1	CCL20	973
CCR1	CCL4	999
CCR1	CXCR2	866
CCR1	FOXP3	475
CCR1	CSF3R	631
CCR1	CD40	498
CCR1	CCRL2	896
CCR1	ITGAL	459
CCR1	FCGR1A	574
CCR1	SRC	614
CCR1	TLR4	725
CCR1	TLR7	517
CCR1	ITGB2	743
CCR1	PTPRC	602
CCR1	PTGS2	418
CCR1	CXCL10	994
CCR1	IL6R	577
CCR1	IL17A	467
CCR1	JAK3	736
CCR1	CD83	430
CCR1	HAVCR2	462
CCR1	IL7R	532
CCR1	CCR6	927
CCR1	CXCL2	936
CCR1	CXCL9	957
CCR1	MRC1	420
CCR1	IL12RB1	530
CCR1	CYBB	579
CCR1	IL6	753
CCR1	ARG1	441
CCR1	CCL11	996
CCR1	MMP9	571
CCR1	CXCL12	946
CCR1	STAT1	415
CCR1	FCGR2B	616
CCR1	CD3E	484
CCR1	BTK	423
CCR1	CD86	699
CCR1	CTLA4	419
CCR1	CD274	401
CCR1	CXCL8	997
CCR1	CXCR6	771
CCR1	CD19	480
CCR1	CSF1	651
CCR1	CD40LG	445
CCR1	CXCR4	939
CCR1	TNF	644
CCR1	TLR1	690
CCR1	CLEC7A	461
CCR1	IL1R1	415
CCR1	CTSS	436
CCR1	SELE	530
CCR1	CX3CR1	770
CCR1	STAT4	400
CCR1	CXCR3	966
CCR1	PECAM1	423
CCR1	CD8A	599
CCR1	TNFSF13B	556
CCR1	ITGA4	419
CCR1	IL13	484
CCR1	IL4R	518
CCR1	AGT	582
CCR1	CD1C	427
CCR1	SELL	508
CCR1	IGF1	522
CCR1	CCL19	912
CCR1	CD34	435
CCR1	AIF1	690
CCR1	CD63	473
CCR1	CXCL1	980
CCR1	CD163	579
CCR1	FOS	517
CCR1	AXL	449
THY1	CD4	753
THY1	SNAI2	408
THY1	FGF4	528
THY1	NGFR	705
THY1	FGF20	520
THY1	FGF22	509
THY1	TIMP1	632
THY1	MMP2	461
THY1	TGFB1	657
THY1	CD79A	741
THY1	HGF	619
THY1	CSF3	507
THY1	CCL2	690
THY1	COL1A1	807
THY1	CD38	708
THY1	IL2	625
THY1	CCND1	601
THY1	CD69	581
THY1	FGF6	509
THY1	IFNG	690
THY1	NANOG	729
THY1	LOX	414
THY1	IL4	563
THY1	IL5	472
THY1	TGFB3	581
THY1	FLT3	500
THY1	SNAI1	403
THY1	BMP4	477
THY1	CCR7	401
THY1	CD68	704
THY1	APOE	545
THY1	PXDN	621
THY1	GFAP	619
THY1	PDGFRA	649
THY1	NT5E	919
THY1	POU5F1	738
THY1	ITGAV	683
THY1	VWF	593
THY1	SCARB1	401
THY1	CDH1	510
THY1	PDGFRB	801
THY1	SMAD2	432
THY1	CD33	579
THY1	MAPK3	418
THY1	ITGAE	482
THY1	IL1A	480
THY1	IL1B	597
THY1	CD81	603
THY1	EPCAM	779
THY1	IL7	507
THY1	KDR	620
THY1	CBL	580
THY1	CD80	583
THY1	FGF2	726
THY1	STAT3	487
THY1	FGF10	527
THY1	ICAM1	611
THY1	SCARB2	405
THY1	EGF	715
THY1	CD27	431
THY1	FGF7	593
THY1	CDH2	492
THY1	TP53	506
THY1	FCGR2A	469
THY1	FLT1	431
THY1	CD24	710
THY1	RAG1	551
THY1	ANGPT1	474
THY1	ICOS	436
THY1	NCAM1	777
THY1	KLF4	582
THY1	NES	729
THY1	PTPRC	913
THY1	AOC3	573
THY1	CSF1R	421
THY1	TLR4	405
THY1	TERT	400
THY1	FLT3LG	447
THY1	MRC1	426
THY1	KIT	789
THY1	IL7R	608
THY1	ANXA5	579
THY1	NOTCH1	449
THY1	CD28	473
THY1	CDH5	733
THY1	IL22	617
THY1	PLG	489
THY1	FASLG	400
THY1	ITGAL	460
THY1	CD47	420
THY1	CTNNB1	572
THY1	IL3	478
THY1	PPARG	512
THY1	CD40	535
THY1	FGF17	519
THY1	ALB	699
THY1	APP	694
THY1	IL33	466
THY1	VCAM1	727
THY1	FGF13	478
THY1	ITGB1	893
THY1	FYN	645
THY1	ERVW-1	447
THY1	BMP2	514
THY1	CD8A	743
THY1	SOX2	710
THY1	NCR1	497
THY1	CD63	614
THY1	FGF9	507
THY1	CD34	915
THY1	ITGA2	573
THY1	FGF5	512
THY1	CD274	480
THY1	CXCL8	472
THY1	CSF1	413
THY1	ITGB3	623
THY1	GATA4	507
THY1	CD19	836
THY1	FGF8	506
THY1	CXCL12	673
THY1	MMP9	652
THY1	TFRC	699
THY1	BMI1	418
THY1	AKT1	517
THY1	FCGR2B	479
THY1	FAS	481
THY1	ENG	941
THY1	ANPEP	776
THY1	SPP1	624
THY1	BDNF	648
THY1	IL17A	574
THY1	ITGB2	979
THY1	FGF3	519
THY1	SPN	512
THY1	IL6	650
THY1	SLAMF1	442
THY1	NGF	514
THY1	CD48	413
THY1	CREB1	452
THY1	KITLG	636
THY1	CD5	603
THY1	ERVFRD-1	475
THY1	PAX6	419
THY1	FN1	638
THY1	HIF1A	447
THY1	ERV3-1	475
THY1	GATA3	508
THY1	TEK	509
THY1	FOXP3	620
THY1	ITGA4	566
THY1	IL13	492
THY1	RUNX2	678
THY1	SELL	581
THY1	IDO1	544
THY1	ETS1	683
THY1	INS	610
THY1	BCL2	452
THY1	PECAM1	878
THY1	VIM	658
THY1	ACTB	610
THY1	CASP3	499
THY1	GAPDH	658
THY1	CD9	678
THY1	FGF16	507
THY1	IGF1	554
THY1	AIF1	455
THY1	PROM1	791
THY1	CTLA4	414
THY1	CD86	583
THY1	CD3E	807
THY1	CX3CR1	452
THY1	IL3RA	477
THY1	TNF	619
THY1	CXCR4	633
CD163	CX3CL1	654
CD163	CD74	516
CD163	CD4	806
CD163	CD22	620
CD163	TNFRSF1A	409
CD163	LAG3	531
CD163	HMOX1	631
CD163	GZMB	652
CD163	NFKBIA	420
CD163	TIMP1	421
CD163	MMP2	456
CD163	CCL22	677
CD163	CCL17	634
CD163	TGFB1	600
CD163	CD79A	569
CD163	HGF	406
CD163	MPO	554
CD163	CSF3	420
CD163	CCL2	784
CD163	CD38	568
CD163	NFKB1	513
CD163	IL2	532
CD163	SPI1	416
CD163	IL10RA	535
CD163	CD69	663
CD163	IFNG	751
CD163	IL4	746
CD163	CCR7	775
CD163	CD68	919
CD163	APOE	493
CD163	PXDN	545
CD163	GFAP	456
CD163	LGALS3	477
CD163	NT5E	427
CD163	TLR2	835
CD163	THBS1	457
CD163	VWF	534
CD163	SCARB1	602
CD163	CD33	685
CD163	TYROBP	652
CD163	ITGAE	620
CD163	IL1A	590
CD163	IL1B	840
CD163	CD81	414
CD163	CD80	788
CD163	STAT3	637
CD163	ICAM1	540
CD163	SCARB2	608
CD163	CD27	453
CD163	IRF8	480
CD163	TP53	419
CD163	FCGR2A	704
CD163	GZMA	529
CD163	IFNA1	479
CD163	IL18	537
CD163	CSF1R	929
CD163	CXCL13	499
CD163	PPARG	499
CD163	KIT	438
CD163	FCER1G	594
CD163	NCR1	578
CD163	CCR5	711
CD163	VCAM1	583
CD163	CXCR1	418
CD163	ALB	597
CD163	CXCL5	468
CD163	PF4	426
CD163	IL15	495
CD163	TLR3	466
CD163	MMP3	433
CD163	AXL	448
CD163	CCL11	444
CD163	CLEC7A	585
CD163	IL13	710
CD163	CXCL10	691
CD163	IL7R	453
CD163	CXCL8	627
CD163	CXCL11	672
CD163	CCL19	465
CD163	CD34	640
CD163	HAVCR2	647
CD163	TLR8	698
CD163	CD19	595
CD163	CD209	741
CD163	CXCR2	467
CD163	CD276	475
CD163	CD28	495
CD163	NOS2	518
CD163	CSF1	734
CD163	IL3RA	543
CD163	SOCS3	447
CD163	SELE	443
CD163	CD86	832
CD163	PDCD1	675
CD163	NLRP3	499
CD163	CD5	647
CD163	CCR6	403
CD163	HMGB1	402
CD163	PDGFA	495
CD163	FN1	601
CD163	ARG1	780
CD163	CCRL2	478
CD163	CX3CR1	790
CD163	FCGR2B	752
CD163	CCL20	463
CD163	CD274	718
CD163	BRAF	422
CD163	TLR9	433
CD163	CXCL12	603
CD163	MMP9	666
CD163	CD2	727
CD163	TFRC	441
CD163	AKT1	458
CD163	SIRPA	613
CD163	IFNB1	455
CD163	IL1R1	443
CD163	PDCD1LG2	547
CD163	IL33	435
CD163	SDC1	422
CD163	CD1C	735
CD163	CD8A	797
CD163	CXCL1	502
CD163	CD63	486
CD163	CR2	514
CD163	BCL6	400
CD163	CD47	536
CD163	CD40	590
CD163	TLR5	458
CD163	PTGS2	490
CD163	NCAM1	585
CD163	PTPRC	841
CD163	TLR4	814
CD163	FCGR1A	792
CD163	MRC1	930
CD163	CYBB	565
CD163	ENTPD1	508
CD163	CD1D	688
CD163	CTLA4	618
CD163	CXCR6	421
CD163	STAT1	591
CD163	CD3E	496
CD163	CTSS	449
CD163	TNF	750
CD163	CXCR4	675
CD163	CD40LG	681
CD163	TLR1	496
CD163	IL4R	481
CD163	ITGA4	584
CD163	SELL	481
CD163	IDO1	613
CD163	INS	484
CD163	BCL2	410
CD163	PECAM1	708
CD163	CXCR3	472
CD163	TNFSF13B	550
CD163	ACTB	452
CD163	GAPDH	521
CD163	CD9	445
CD163	IGF1	428
CD163	AIF1	735
CD163	CCL4	632
CD163	HIF1A	465
CD163	IRF4	443
CD163	GATA3	400
CD163	FOXP3	790
CD163	SPP1	461
CD163	IL17A	592
CD163	ITGB2	567
CD163	TLR7	684
CD163	CXCL9	781
CD163	CXCL2	450
CD163	IL6	964
CD163	SPN	424
CD163	CD83	668
PF4	CX3CL1	713
PF4	CD4	463
PF4	FGF4	604
PF4	FGF20	590
PF4	FGF22	591
PF4	TIMP1	447
PF4	CCL22	414
PF4	CCL17	996
PF4	TGFB1	665
PF4	HGF	499
PF4	SERPINE1	507
PF4	MPO	500
PF4	CSF3	445
PF4	CCL2	998
PF4	VTN	627
PF4	FGF6	592
PF4	IFNG	553
PF4	IL4	459
PF4	CCR7	765
PF4	APOE	623
PF4	CCL21	998
PF4	TLR2	453
PF4	THBS1	729
PF4	VWF	932
PF4	ITGA2B	789
PF4	IL1A	507
PF4	IL1B	622
PF4	FGF2	527
PF4	FGF10	589
PF4	ICAM1	524
PF4	EGF	625
PF4	NRP1	476
PF4	FGF7	608
PF4	FCGR2A	895
PF4	IL18	428
PF4	APP	508
PF4	CXCL13	946
PF4	CXCR5	739
PF4	CCR5	940
PF4	VCAM1	479
PF4	CXCR1	876
PF4	ALB	766
PF4	CXCL5	527
PF4	CXCL12	999
PF4	MMP9	472
PF4	FGF8	589
PF4	CCL11	997
PF4	FCGR2B	474
PF4	CXCL8	999
PF4	FGF1	543
PF4	FGF5	589
PF4	ITGB3	587
PF4	CXCR6	755
PF4	CXCR4	895
PF4	CD40LG	626
PF4	TNF	714
PF4	CX3CR1	797
PF4	SELE	475
PF4	PECAM1	470
PF4	CXCR3	999
PF4	CD8A	443
PF4	IL13	444
PF4	FGF17	592
PF4	AGT	627
PF4	CCL19	705
PF4	FGF16	591
PF4	CD34	440
PF4	ANGPT2	400
PF4	CXCL1	698
PF4	FGF9	590
PF4	HMGB1	779
PF4	TGFA	483
PF4	PLG	581
PF4	FN1	770
PF4	CXCL11	999
PF4	CXCR2	939
PF4	CCL4	752
PF4	CCL20	998
PF4	LEP	517
PF4	IL3	416
PF4	CD40	400
PF4	ACE2	483
PF4	TLR4	661
PF4	SRC	620
PF4	RUNX1	810
PF4	PTPRC	429
PF4	ITGB2	583
PF4	ANGPT1	494
PF4	CXCL10	999
PF4	BDNF	479
PF4	IL17A	407
PF4	CCR6	725
PF4	CXCL9	999
PF4	CXCL2	996
PF4	TLR3	518
PF4	IL6	626
PF4	FGF3	589
IRF3	CD4	633
IRF3	TNFRSF1A	486
IRF3	HMOX1	455
IRF3	GZMB	402
IRF3	NFKBIA	686
IRF3	RELB	492
IRF3	TGFB1	538
IRF3	CCL2	582
IRF3	NFKB1	881
IRF3	IL2	479
IRF3	SPI1	410
IRF3	IFNG	798
IRF3	IL4	536
IRF3	PXDN	503
IRF3	H3-3B	445
IRF3	TLR2	876
IRF3	SMAD2	466
IRF3	MAPK3	486
IRF3	EP300	999
IRF3	IL1A	588
IRF3	IL1B	736
IRF3	CD81	463
IRF3	CBL	421
IRF3	CD80	498
IRF3	IL11	440
IRF3	STAT3	595
IRF3	ICAM1	417
IRF3	TP53	529
IRF3	IFNAR1	848
IRF3	RPS27A	668
IRF3	IFNA1	972
IRF3	ATM	624
IRF3	IL18	612
IRF3	PPARG	572
IRF3	CCR5	409
IRF3	STAT5B	479
IRF3	REL	513
IRF3	ALB	456
IRF3	TLR3	978
IRF3	NOD2	620
IRF3	CLEC7A	414
IRF3	HSPA4	579
IRF3	IL13	406
IRF3	CXCL10	759
IRF3	FOS	435
IRF3	CXCL8	622
IRF3	CXCL11	424
IRF3	TERT	462
IRF3	CASP3	503
IRF3	TLR8	730
IRF3	HNF4A	539
IRF3	CD209	636
IRF3	GSK3B	560
IRF3	CSF1	428
IRF3	CASP9	449
IRF3	SOCS3	459
IRF3	CD86	535
IRF3	SMAD3	559
IRF3	H3C13	445
IRF3	HSP90AA1	916
IRF3	NLRP3	591
IRF3	H3-5	436
IRF3	STAT5A	468
IRF3	SMAD4	427
IRF3	HMGB1	841
IRF3	STAT4	516
IRF3	CASP8	549
IRF3	H3C12	432
IRF3	TLR9	895
IRF3	STAT1	914
IRF3	CXCL9	520
IRF3	TLR1	623
IRF3	BECN1	460
IRF3	H3-4	436
IRF3	IFNGR1	502
IRF3	XIAP	489
IRF3	JUN	998
IRF3	HSP90AB1	844
IRF3	CD40	633
IRF3	SRC	450
IRF3	TLR4	947
IRF3	SYK	462
IRF3	FOXP3	421
IRF3	FOXO1	749
IRF3	IFNA2	903
IRF3	IFNB1	985
IRF3	TLR7	886
IRF3	CD274	447
IRF3	SQSTM1	688
IRF3	MAPK8	573
IRF3	CXCL1	432
IRF3	GAPDH	751
IRF3	BCL2	433
IRF3	RELA	757
IRF3	IL6	750
IRF3	IL1R1	543
IRF3	CD8A	647
IRF3	CREB1	695
IRF3	UBA52	532
IRF3	ACE2	547
IRF3	TNF	745
IRF3	PTPRC	423
IRF3	IKBKB	870
IRF3	TYK2	746
IRF3	AKT1	671
IRF3	PTPN11	539
IRF3	SOCS1	716
IRF3	TNFAIP3	422
IRF3	JAK1	659
IRF3	TLR5	609
IRF3	CTNNB1	862
IRF3	UBB	557
IRF3	ACTB	631
IRF3	IL17A	482
IRF3	H3-7	436
IRF3	CCL4	432
IL2	CX3CL1	743
IL2	CD74	437
IL2	CD4	975
IL2	CD22	524
IL2	TNFRSF1A	740
IL2	FGF4	497
IL2	FGF20	484
IL2	LAG3	744
IL2	FGF22	480
IL2	MAPK1	411
IL2	HMOX1	461
IL2	IL2RB	999
IL2	GZMB	887
IL2	NFKBIA	585
IL2	TIMP1	487
IL2	MMP2	472
IL2	CCL22	736
IL2	CCL17	741
IL2	RELB	447
IL2	TGFB1	763
IL2	PIK3R2	477
IL2	HGF	518
IL2	SERPINE1	417
IL2	MPO	514
IL2	CSF3	962
IL2	CCL2	853
IL2	CD38	691
IL2	NFKB1	804
IL2	PDGFRB	757
IL2	CXCL11	605
IL2	CD48	451
IL2	CREB1	479
IL2	KITLG	544
IL2	CXCR5	681
IL2	CD5	738
IL2	FOXO1	476
IL2	CCL4	824
IL2	CASP8	491
IL2	SMAD3	472
IL2	CXCR2	479
IL2	NOS2	530
IL2	ERVFRD-1	524
IL2	FN1	804
IL2	IL15	958
IL2	HDAC1	676
IL2	HSP90AA1	439
IL2	SOCS3	514
IL2	IRF4	821
IL2	HIF1A	583
IL2	SMAD2	414
IL2	ERV3-1	526
IL2	GATA3	716
IL2	TLR2	670
IL2	FOXP3	991
IL2	CSF3R	735
IL2	CYCS	488
IL2	APOE	431
IL2	STAT3	828
IL2	FGF6	680
IL2	SPP1	455
IL2	CD27	844
IL2	HSP90AB1	428
IL2	BDNF	479
IL2	IL17A	984
IL2	TP53	741
IL2	CXCL10	857
IL2	EOMES	647
IL2	JUN	734
IL2	KDR	440
IL2	IL6R	900
IL2	ITGB2	530
IL2	RUNX1	848
IL2	SRC	571
IL2	PIK3CB	503
IL2	TLR7	647
IL2	IFNA2	892
IL2	PRKACB	415
IL2	HSPA4	516
IL2	RELA	839
IL2	IL12RB1	906
IL2	CXCL2	545
IL2	NR3C1	622
IL2	LOC102723407	944
IL2	FCER1G	472
IL2	CXCL9	738
IL2	EGF	814
IL2	ADIPOQ	433
IL2	FGF3	495
IL2	ARG1	632
IL2	SPN	511
IL2	IL4	999
IL2	CDH1	438
IL2	IL6	999
IL2	FCGR2A	620
IL2	ZAP70	794
IL2	SLAMF1	499
IL2	CD83	615
IL2	NGF	507
IL2	KLRD1	680
IL2	CCR6	751
IL2	SHC1	831
IL2	IKBKB	462
IL2	CTLA4	943
IL2	CD69	906
IL2	ESR1	433
IL2	FGF1	518
IL2	SYK	837
IL2	CXCR6	527
IL2	CALML4	477
IL2	STAT1	797
IL2	CD86	879
IL2	MCL1	418
IL2	IL7	997
IL2	CD3E	586
IL2	NT5E	676
IL2	BTK	477
IL2	CD209	525
IL2	CX3CR1	523
IL2	IL3RA	898
IL2	CXCR1	418
IL2	CALR	440
IL2	NLRP3	478
IL2	PDCD1	850
IL2	PXDN	634
IL2	BCL2L1	912
IL2	CXCL5	556
IL2	IL1B	999
IL2	TNF	957
IL2	CXCR4	680
IL2	CD40LG	924
IL2	MMP1	441
IL2	ITGAE	665
IL2	NFATC1	775
IL2	PIK3CD	624
IL2	PIK3CA	555
IL2	TLR1	491
IL2	SOS1	513
IL2	AGT	449
IL2	STAT5A	956
IL2	ITGA4	621
IL2	IL13	934
IL2	IL4R	932
IL2	GZMA	737
IL2	SELL	820
IL2	IDO1	808
IL2	INS	735
IL2	IL9	991
IL2	ICAM1	800
IL2	BCL2	758
IL2	CXCR3	721
IL2	PECAM1	532
IL2	TNFSF13B	595
IL2	ACTB	634
IL2	CASP3	596
IL2	GAPDH	813
IL2	CD68	542
IL2	FGF16	639
IL2	EPCAM	489
IL2	IGF1	509
IL2	TGFB3	447
IL2	IL1A	997
IL2	AIF1	402
IL2	FGF10	655
IL2	IL18	815
IL2	ANXA5	662
IL2	CD28	965
IL2	TLR8	532
IL2	PIK3R1	530
IL2	GPT	637
IL2	FLT3	638
IL2	CCL20	648
IL2	CALML5	477
IL2	CDKN2A	401
IL2	IL22	860
IL2	IL10RA	820
IL2	PLG	588
IL2	HMGB1	511
IL2	TGFA	567
IL2	FASLG	824
IL2	TGFBR2	592
IL2	TNFRSF4	740
IL2	ITGAL	594
IL2	CCRL2	644
IL2	FGF2	740
IL2	CD47	473
IL2	CTNNB1	527
IL2	CASP9	446
IL2	IL3	998
IL2	HLA-A	713
IL2	KLRK1	847
IL2	LEP	573
IL2	CALML3	477
IL2	PLCG1	541
IL2	MDM2	675
IL2	ACE2	963
IL2	PPARG	484
IL2	CALML6	477
IL2	CD40	847
IL2	FGF7	692
IL2	LOX	578
IL2	TLR5	666
IL2	PRKACG	416
IL2	CD24	469
IL2	RAG1	755
IL2	PTGS2	607
IL2	ERBB2	609
IL2	ANGPT1	536
IL2	ICOS	854
IL2	NCAM1	856
IL2	NOD2	463
IL2	CALM3	477
IL2	PRKACA	415
IL2	ACE	505
IL2	JAK1	989
IL2	PTPRC	794
IL2	ABL1	418
IL2	VAV1	649
IL2	AOC3	726
IL2	CSF1R	646
IL2	FCGR1A	545
IL2	TLR4	731
IL2	MAPK8	420
IL2	WT1	443
IL2	PDGFRA	733
IL2	FLT3LG	631
IL2	MRC1	517
IL2	TLR3	766
IL2	KRAS	759
IL2	LGALS3	413
IL2	ENTPD1	662
IL2	TGFB2	512
IL2	KIT	571
IL2	TNFSF10	528
IL2	HAVCR2	737
IL2	REL	699
IL2	IFNA1	881
IL2	JAK3	999
IL2	CD1D	693
IL2	PTPN6	618
IL2	SOCS1	564
IL2	IL7R	978
IL2	HBEGF	578
IL2	FGF5	661
IL2	CXCL8	985
IL2	MTOR	612
IL2	CD274	854
IL2	CCR5	758
IL2	FLT1	598
IL2	CSF1	663
IL2	BRAF	542
IL2	CD19	824
IL2	CD276	828
IL2	TLR9	777
IL2	CCL11	861
IL2	FGF8	495
IL2	PLAU	542
IL2	CXCL12	619
IL2	MMP9	601
IL2	TFRC	743
IL2	CD2	729
IL2	PTPN11	480
IL2	FCGR2B	620
IL2	AKT1	692
IL2	SELE	579
IL2	SLC2A1	488
IL2	SIRPA	460
IL2	IL1R1	749
IL2	CLEC7A	479
IL2	IFNB1	730
IL2	PDCD1LG2	699
IL2	IFNGR1	863
IL2	STAT4	766
IL2	IL5	999
IL2	TYROBP	432
IL2	MAP2K1	401
IL2	IL21R	939
IL2	TYK2	700
IL2	FAS	669
IL2	ENG	400
IL2	EPO	549
IL2	LIF	482
IL2	FGF17	487
IL2	ALB	718
IL2	CD247	818
IL2	IL11	735
IL2	STAT5B	956
IL2	APP	588
IL2	IL33	825
IL2	VCAM1	624
IL2	CD1C	605
IL2	FGF13	626
IL2	SDC1	488
IL2	NRAS	602
IL2	PRDM1	616
IL2	CXCL13	584
IL2	BCL2L11	642
IL2	FYN	661
IL2	CCND1	595
IL2	ERVW-1	592
IL2	MMP3	471
IL2	CD8A	971
IL2	NRP1	447
IL2	CD80	903
IL2	MAPK3	593
IL2	NCR1	836
IL2	CXCL1	716
IL2	FGF9	505
IL2	PTEN	515
IL2	FOS	828
IL2	CR2	676
IL2	CCL21	570
IL2	CCL19	586
IL2	CCR7	785
IL2	IFNG	990
IL2	BCL6	628
IL2	IFNAR1	809
IL2	CD33	737
IL2	CD34	630
IL2	ITGA2	483
TGFBR2	CD4	547
TGFBR2	SNAI2	544
TGFBR2	CDH17	584
TGFBR2	GZMB	414
TGFBR2	TIMP1	454
TGFBR2	MMP2	502
TGFBR2	TGFB1	999
TGFBR2	PIK3R2	789
TGFBR2	HGF	469
TGFBR2	SERPINE1	599
TGFBR2	CSF3	445
TGFBR2	CCL2	416
TGFBR2	COL1A1	667
TGFBR2	NFKB1	460
TGFBR2	SPI1	475
TGFBR2	CCND1	513
TGFBR2	IFNG	509
TGFBR2	LOX	503
TGFBR2	IL4	411
TGFBR2	TGFB3	999
TGFBR2	EGR1	540
TGFBR2	TNFSF10	504
TGFBR2	TWIST1	450
TGFBR2	SNAI1	585
TGFBR2	BMP4	580
TGFBR2	PXDN	435
TGFBR2	LGALS3	565
TGFBR2	JAG1	447
TGFBR2	KRAS	648
TGFBR2	CCNB1	679
TGFBR2	NOTCH2	418
TGFBR2	PDGFRA	569
TGFBR2	CDK4	414
TGFBR2	THBS1	522
TGFBR2	ITGAV	434
TGFBR2	CDH1	646
TGFBR2	PDGFRB	481
TGFBR2	SMAD2	998
TGFBR2	AXIN1	434
TGFBR2	EP300	611
TGFBR2	IL1B	492
TGFBR2	EPAS1	412
TGFBR2	EPCAM	536
TGFBR2	KDR	519
TGFBR2	PIK3CA	515
TGFBR2	CBL	960
TGFBR2	FGF2	657
TGFBR2	STAT3	565
TGFBR2	FGF10	416
TGFBR2	EGF	512
TGFBR2	NRP1	782
TGFBR2	CDK2	510
TGFBR2	FGF7	633
TGFBR2	CDH2	518
TGFBR2	TP53	618
TGFBR2	ERBB2	495
TGFBR2	IFNAR1	438
TGFBR2	FCGR2A	543
TGFBR2	RPS27A	547
TGFBR2	IL9	405
TGFBR2	IFNA1	420
TGFBR2	ATM	631
TGFBR2	MYCN	595
TGFBR2	CSF1R	683
TGFBR2	PPARG	403
TGFBR2	CXCR1	542
TGFBR2	ALB	424
TGFBR2	AXIN2	433
TGFBR2	FOS	416
TGFBR2	CXCL11	698
TGFBR2	TERT	452
TGFBR2	CASP3	416
TGFBR2	SMAD3	998
TGFBR2	HSP90AA1	959
TGFBR2	CAV1	510
TGFBR2	PTK2	579
TGFBR2	SMAD4	996
TGFBR2	FN1	722
TGFBR2	NF1	436
TGFBR2	CASP8	420
TGFBR2	ALK	947
TGFBR2	FOXO1	442
TGFBR2	FOXP3	507
TGFBR2	HIF1A	595
TGFBR2	IRF4	481
TGFBR2	PIK3CB	579
TGFBR2	SRC	854
TGFBR2	EDN1	418
TGFBR2	JUN	521
TGFBR2	IL6R	587
TGFBR2	HSP90AB1	920
TGFBR2	IL6	530
TGFBR2	SQSTM1	648
TGFBR2	CDKN1A	465
TGFBR2	STAT1	459
TGFBR2	CTLA4	687
TGFBR2	ESR1	634
TGFBR2	UBA52	524
TGFBR2	SHC1	927
TGFBR2	SOS1	668
TGFBR2	FGFR1	410
TGFBR2	CXCR4	456
TGFBR2	TNF	813
TGFBR2	VIM	414
TGFBR2	PECAM1	488
TGFBR2	CXCR3	408
TGFBR2	BCL2	634
TGFBR2	INS	414
TGFBR2	ETS1	426
TGFBR2	RUNX2	464
TGFBR2	IL4R	581
TGFBR2	AGT	401
TGFBR2	IGF1	490
TGFBR2	UBB	531
TGFBR2	GAPDH	556
TGFBR2	ACTB	547
TGFBR2	TNFRSF4	500
TGFBR2	TGFA	409
TGFBR2	CDKN2A	534
TGFBR2	PIK3R1	772
TGFBR2	NOTCH1	561
TGFBR2	ACE2	403
TGFBR2	CD40	565
TGFBR2	CTNNB1	802
TGFBR2	FCGR1A	522
TGFBR2	TLR4	445
TGFBR2	PTPRC	482
TGFBR2	JAK1	515
TGFBR2	KLF4	413
TGFBR2	PTGS2	421
TGFBR2	TGFB2	999
TGFBR2	TGFBR1	999
TGFBR2	AKT1	570
TGFBR2	MMP9	596
TGFBR2	CXCL12	420
TGFBR2	ITGB3	680
TGFBR2	CD274	683
TGFBR2	ENG	997
TGFBR2	IL1R1	596
TGFBR2	CD8A	519
TGFBR2	BMP2	508
TGFBR2	ITGB1	478
TGFBR2	NRAS	443
TGFBR2	FGF13	603
TGFBR2	RHOA	952
TGFBR2	PTEN	622
CDH2	SNAI2	891
CDH2	CDH17	708
CDH2	FGF4	881
CDH2	FGF20	882
CDH2	FGF22	882
CDH2	TIMP1	461
CDH2	MMP2	834
CDH2	TGFB1	738
CDH2	HGF	545
CDH2	SERPINE1	454
CDH2	RPS6KB1	442
CDH2	COL1A1	611
CDH2	VTN	448
CDH2	NFKB1	479
CDH2	CCND1	726
CDH2	GLI1	476
CDH2	FGF6	881
CDH2	NANOG	681
CDH2	LOX	473
CDH2	TGFB3	486
CDH2	TWIST1	823
CDH2	SNAI1	932
CDH2	BMP4	496
CDH2	PXDN	726
CDH2	GFAP	491
CDH2	LGALS3	593
CDH2	H3-3B	488
CDH2	JAG1	534
CDH2	KRAS	514
CDH2	CCNB1	513
CDH2	NOTCH2	440
CDH2	PDGFRA	410
CDH2	NT5E	432
CDH2	CDK4	564
CDH2	MDM2	403
CDH2	POU5F1	689
CDH2	THBS1	585
CDH2	ITGAV	419
CDH2	CDH1	995
CDH2	PDGFRB	494
CDH2	SMAD2	707
CDH2	AXIN1	835
CDH2	MAPK3	629
CDH2	IL1B	444
CDH2	EPCAM	669
CDH2	KDR	502
CDH2	FGF2	627
CDH2	WNT5A	567
CDH2	STAT3	663
CDH2	FGF10	882
CDH2	ICAM1	449
CDH2	LEF1	527
CDH2	EGF	784
CDH2	NRP1	497
CDH2	CDK2	533
CDH2	ERBB3	443
CDH2	FGF7	882
CDH2	MCL1	551
CDH2	CDKN1A	425
CDH2	ESR1	575
CDH2	MET	750
CDH2	FGF1	575
CDH2	BRCA1	400
CDH2	FGFR1	946
CDH2	CXCR4	544
CDH2	MMP1	444
CDH2	TNF	492
CDH2	BCL2L1	447
CDH2	AR	482
CDH2	VIM	785
CDH2	CAV1	656
CDH2	BCL2	665
CDH2	PECAM1	576
CDH2	INS	539
CDH2	RUNX2	437
CDH2	PARP1	513
CDH2	ITGA4	527
CDH2	PROM1	646
CDH2	HNF4A	573
CDH2	IGF1R	556
CDH2	IGF1	481
CDH2	FGF16	882
CDH2	CD9	552
CDH2	CASP3	664
CDH2	AXL	484
CDH2	GAPDH	808
CDH2	EIF2AK3	474
CDH2	ACTB	784
CDH2	H3-4	488
CDH2	PAX6	534
CDH2	FN1	860
CDH2	SMAD3	640
CDH2	CREB1	591
CDH2	TEK	471
CDH2	PGR	451
CDH2	HIF1A	628
CDH2	H3-7	488
CDH2	GSK3B	667
CDH2	SRC	773
CDH2	H3C13	488
CDH2	SHH	554
CDH2	SMAD4	751
CDH2	JUN	527
CDH2	H3C12	488
CDH2	TP53	658
CDH2	BDNF	409
CDH2	SPP1	653
CDH2	DNMT1	403
CDH2	NGF	442
CDH2	PTK2	603
CDH2	FGFR3	400
CDH2	IL6	546
CDH2	FGF3	881
CDH2	AKT1	787
CDH2	BMI1	577
CDH2	CXCL12	596
CDH2	MMP9	787
CDH2	PLAU	422
CDH2	FGF8	885
CDH2	DKK1	465
CDH2	BRAF	468
CDH2	CDK1	465
CDH2	MTOR	464
CDH2	CD274	446
CDH2	CXCL8	422
CDH2	FGF5	883
CDH2	ENG	407
CDH2	MAP2K1	436
CDH2	WNT1	485
CDH2	MMP3	494
CDH2	BMP2	400
CDH2	ITGB1	818
CDH2	FGF13	504
CDH2	VCAM1	470
CDH2	VEGFC	432
CDH2	APP	411
CDH2	ALB	632
CDH2	FGF17	881
CDH2	ITGA2	558
CDH2	CD34	460
CDH2	RHOA	779
CDH2	ERBB4	445
CDH2	PTEN	754
CDH2	FGF9	882
CDH2	FOS	400
CDH2	SOX2	690
CDH2	AXIN2	478
CDH2	E2F1	400
CDH2	H3-5	488
CDH2	NTRK1	412
CDH2	CDKN2A	457
CDH2	PIK3R1	513
CDH2	CDH5	898
CDH2	NOTCH1	601
CDH2	ANXA5	611
CDH2	CASP9	492
CDH2	CTNNB1	999
CDH2	ABL1	659
CDH2	PTPRC	560
CDH2	TJP1	909
CDH2	FGFR2	461
CDH2	NES	610
CDH2	NCAM1	967
CDH2	KLF4	509
CDH2	ANGPT1	428
CDH2	ERBB2	735
CDH2	CD24	596
CDH2	KIT	576
CDH2	TGFB2	546
CDH2	TGFBR1	571
CDH2	WNT3A	549
PRKACA	SIRT1	540
PRKACA	MAPK1	929
PRKACA	NFKBIA	965
PRKACA	TGFB1	500
PRKACA	RPS6KB1	934
PRKACA	CCL2	419
PRKACA	VTN	426
PRKACA	NFKB1	944
PRKACA	CCND1	483
PRKACA	GLI1	966
PRKACA	IFNG	447
PRKACA	IL5	513
PRKACA	NR3C1	700
PRKACA	EGR1	456
PRKACA	APOE	618
PRKACA	PXDN	574
PRKACA	H3-3B	409
PRKACA	KRAS	435
PRKACA	AXIN1	402
PRKACA	MAPK3	959
PRKACA	EP300	851
PRKACA	IL1A	428
PRKACA	IL1B	601
PRKACA	KDR	470
PRKACA	CBL	442
PRKACA	FGF2	580
PRKACA	STAT3	497
PRKACA	PPARGC1A	708
PRKACA	EGF	552
PRKACA	TP53	524
PRKACA	APP	480
PRKACA	PPARG	577
PRKACA	CALM3	989
PRKACA	ALB	612
PRKACA	ITGA2	908
PRKACA	IL3	507
PRKACA	SHH	529
PRKACA	MAP2K1	929
PRKACA	HSPA4	606
PRKACA	CALML6	988
PRKACA	IRS1	464
PRKACA	CEBPB	445
PRKACA	FOS	959
PRKACA	CYCS	571
PRKACA	VIM	448
PRKACA	CAV1	922
PRKACA	INS	738
PRKACA	BCL2	706
PRKACA	RUNX2	937
PRKACA	AGT	591
PRKACA	HNF4A	570
PRKACA	IGF1R	921
PRKACA	IGF1	549
PRKACA	CASP3	537
PRKACA	GAPDH	627
PRKACA	ACTB	619
PRKACA	CDKN1A	474
PRKACA	PPARA	946
PRKACA	CALML4	989
PRKACA	ESR1	956
PRKACA	FGF1	480
PRKACA	ESR2	943
PRKACA	TNF	587
PRKACA	NFATC1	927
PRKACA	BCL2L1	408
PRKACA	IL3RA	400
PRKACA	AR	939
PRKACA	RELA	992
PRKACA	GSK3B	990
PRKACA	PRKACB	987
PRKACA	H3C13	419
PRKACA	EDN1	526
PRKACA	H3C12	409
PRKACA	HSP90AB1	669
PRKACA	BDNF	648
PRKACA	JUN	963
PRKACA	NGF	584
PRKACA	PTK2	911
PRKACA	ADIPOQ	452
PRKACA	IL6	602
PRKACA	FN1	432
PRKACA	H3-4	419
PRKACA	HSP90AA1	794
PRKACA	HDAC1	673
PRKACA	CEBPA	556
PRKACA	SMAD3	637
PRKACA	FOXO1	974
PRKACA	CREB1	996
PRKACA	NF1	676
PRKACA	PGR	937
PRKACA	HIF1A	608
PRKACA	H3-7	419
PRKACA	BCL2L11	501
PRKACA	ITGB1	914
PRKACA	FYN	548
PRKACA	FOXO3	938
PRKACA	RHOA	967
PRKACA	PTEN	482
PRKACA	MMP9	421
PRKACA	BRAF	922
PRKACA	MTOR	674
PRKACA	TLR4	448
PRKACA	TJP1	403
PRKACA	PTGS2	585
PRKACA	H3-5	419
PRKACA	CALML5	989
PRKACA	PRKCA	423
PRKACA	PRKACG	965
PRKACA	LEP	642
PRKACA	CALML3	989
PRKACA	CTNNB1	957
HMGB1	CX3CL1	428
HMGB1	CD4	611
HMGB1	TNFRSF1A	639
HMGB1	SIRT1	660
HMGB1	MAPK1	792
HMGB1	HMOX1	570
HMGB1	NFKBIA	483
HMGB1	MMP2	429
HMGB1	TGFB1	506
HMGB1	MPO	774
HMGB1	CSF3	418
HMGB1	CCL2	641
HMGB1	NFKB1	923
HMGB1	SPI1	479
HMGB1	IFNG	792
HMGB1	IL4	546
HMGB1	NR3C1	451
HMGB1	CD68	445
HMGB1	PXDN	543
HMGB1	GFAP	569
HMGB1	H3-3B	501
HMGB1	POU5F1	579
HMGB1	TLR2	998
HMGB1	ITGAV	745
HMGB1	VWF	634
HMGB1	SCARB1	613
HMGB1	MAPK3	739
HMGB1	EP300	456
HMGB1	IL1A	898
HMGB1	IL1B	970
HMGB1	CD80	533
HMGB1	FGF2	407
HMGB1	STAT3	580
HMGB1	ICAM1	582
HMGB1	SCARB2	595
HMGB1	TP53	997
HMGB1	RPS27A	411
HMGB1	IFNA1	479
HMGB1	IL18	670
HMGB1	APP	583
HMGB1	PPARG	432
HMGB1	VCAM1	710
HMGB1	ALB	553
HMGB1	ANXA5	476
HMGB1	TLR3	952
HMGB1	NPM1	495
HMGB1	RAG1	887
HMGB1	CCL11	589
HMGB1	HSPA4	619
HMGB1	IL13	475
HMGB1	CXCL10	517
HMGB1	FOS	447
HMGB1	CXCL8	610
HMGB1	CYCS	498
HMGB1	PLG	921
HMGB1	CASP3	755
HMGB1	HAVCR2	991
HMGB1	TLR8	451
HMGB1	CXCR2	416
HMGB1	CALR	865
HMGB1	HSPA5	492
HMGB1	PGR	599
HMGB1	CASP9	456
HMGB1	SELE	472
HMGB1	CD86	548
HMGB1	H3C13	457
HMGB1	PDCD1	654
HMGB1	HSP90AA1	703
HMGB1	NLRP3	609
HMGB1	H3-5	461
HMGB1	ITGB3	759
HMGB1	CDK1	478
HMGB1	CD274	549
HMGB1	MTOR	476
HMGB1	AKT1	598
HMGB1	CXCL12	984
HMGB1	MMP9	593
HMGB1	TLR9	997
HMGB1	IL1R1	688
HMGB1	IFNB1	547
HMGB1	SDC1	921
HMGB1	IL33	690
HMGB1	CD8A	638
HMGB1	HSPA8	724
HMGB1	CXCL1	456
HMGB1	RHOA	411
HMGB1	CDKN2A	543
HMGB1	GPT	515
HMGB1	FASLG	428
HMGB1	CD47	406
HMGB1	CTNNB1	510
HMGB1	TLR5	896
HMGB1	CD40	462
HMGB1	PTGS2	652
HMGB1	CD24	991
HMGB1	TLR4	999
HMGB1	PTPRC	445
HMGB1	CYBB	456
HMGB1	CTLA4	503
HMGB1	ESR1	557
HMGB1	IKBKB	405
HMGB1	STAT1	658
HMGB1	TLR1	741
HMGB1	CXCR4	932
HMGB1	TNF	753
HMGB1	IDO1	432
HMGB1	PARP1	638
HMGB1	BCL2	602
HMGB1	INS	465
HMGB1	GAPDH	740
HMGB1	BECN1	999
HMGB1	ACTB	643
HMGB1	AIF1	465
HMGB1	CASP8	496
HMGB1	H3-4	443
HMGB1	HDAC1	553
HMGB1	FN1	502
HMGB1	H3-7	442
HMGB1	HIF1A	517
HMGB1	FOXP3	471
HMGB1	JUN	555
HMGB1	HSP90AB1	689
HMGB1	BDNF	423
HMGB1	IL17A	577
HMGB1	H3C12	511
HMGB1	NFE2L2	503
HMGB1	RELA	720
HMGB1	SRC	401
HMGB1	TLR7	897
HMGB1	ITGB2	584
HMGB1	IL6	792
HMGB1	ARG1	431
HMGB1	CXCL9	404
SIRT1	CD4	448
SIRT1	MMP9	597
SIRT1	CDK2	621
SIRT1	AKT1	873
SIRT1	RPS6KB1	712
SIRT1	BMI1	600
SIRT1	MTOR	937
SIRT1	CXCL8	482
SIRT1	CDK1	654
SIRT1	MAP2K1	416
SIRT1	SLC2A1	456
SIRT1	IRS1	823
SIRT1	CCND1	721
SIRT1	EPAS1	690
SIRT1	BCL2L11	527
SIRT1	EGR1	406
SIRT1	HSPA8	669
SIRT1	CD8A	401
SIRT1	MMP3	400
SIRT1	APP	572
SIRT1	FOXO3	999
SIRT1	ALB	611
SIRT1	CD38	943
SIRT1	VCAM1	485
SIRT1	SCARB1	678
SIRT1	IFNG	596
SIRT1	GLI1	475
SIRT1	BCL6	830
SIRT1	MAPK3	580
SIRT1	SOX2	452
SIRT1	FOS	713
SIRT1	PTEN	757
SIRT1	H3-5	836
SIRT1	E2F1	924
SIRT1	PIK3R1	456
SIRT1	ANXA5	543
SIRT1	NOTCH1	542
SIRT1	CDKN2A	616
SIRT1	CALML5	428
SIRT1	GPT	510
SIRT1	CALML3	428
SIRT1	LEP	624
SIRT1	PRKACG	540
SIRT1	CALML6	416
SIRT1	PPARG	998
SIRT1	ACE2	438
SIRT1	MDM2	699
SIRT1	SERPINE1	457
SIRT1	HSPA5	513
SIRT1	CASP9	559
SIRT1	CTNNB1	902
SIRT1	PPARGC1A	999
SIRT1	FGF2	411
SIRT1	TERT	595
SIRT1	MAPK8	727
SIRT1	TLR4	609
SIRT1	MMP2	449
SIRT1	JAK1	465
SIRT1	HMOX1	733
SIRT1	PTGS2	592
SIRT1	ACE	489
SIRT1	CDKN1B	554
SIRT1	CALM3	429
SIRT1	SNAI1	437
SIRT1	KLF4	482
SIRT1	NPM1	516
SIRT1	NFKBIA	541
SIRT1	REL	622
SIRT1	KRAS	452
SIRT1	CYBB	546
SIRT1	STAT1	635
SIRT1	NANOG	418
SIRT1	CDKN1A	719
SIRT1	MCL1	589
SIRT1	CCNB1	592
SIRT1	ESR1	733
SIRT1	SCARB2	661
SIRT1	ESR2	479
SIRT1	BRCA1	777
SIRT1	IKBKB	458
SIRT1	CALML4	421
SIRT1	PPARA	906
SIRT1	CXCR4	522
SIRT1	TNF	706
SIRT1	IL1B	719
SIRT1	PIK3CA	480
SIRT1	AR	728
SIRT1	BCL2L1	548
SIRT1	PXDN	639
SIRT1	MYCN	692
SIRT1	NLRP3	532
SIRT1	BCL2	744
SIRT1	ICAM1	494
SIRT1	INS	910
SIRT1	VIM	430
SIRT1	AGT	602
SIRT1	CDK4	493
SIRT1	PARP1	844
SIRT1	XIAP	424
SIRT1	RUNX2	525
SIRT1	HNF4A	691
SIRT1	IL1A	447
SIRT1	IGF1R	569
SIRT1	IGF1	824
SIRT1	IL18	475
SIRT1	POU5F1	430
SIRT1	FGF10	595
SIRT1	BECN1	700
SIRT1	NFKB1	983
SIRT1	ATM	856
SIRT1	EIF2AK3	472
SIRT1	ACTB	790
SIRT1	GAPDH	892
SIRT1	CASP3	725
SIRT1	CEBPA	713
SIRT1	HSP90AA1	803
SIRT1	HDAC1	993
SIRT1	H3-4	836
SIRT1	H3-3B	922
SIRT1	FN1	434
SIRT1	TGFB1	594
SIRT1	CREB1	781
SIRT1	SMAD3	703
SIRT1	CASP8	447
SIRT1	FOXO1	999
SIRT1	FOXP3	726
SIRT1	CCL2	575
SIRT1	CEBPB	511
SIRT1	HIF1A	927
SIRT1	H3-7	836
SIRT1	SMAD2	504
SIRT1	SRC	454
SIRT1	H3C13	914
SIRT1	EDN1	432
SIRT1	RELA	995
SIRT1	PRKACB	542
SIRT1	HSPA4	672
SIRT1	GSK3B	758
SIRT1	NFE2L2	737
SIRT1	STAT3	817
SIRT1	APOE	584
SIRT1	CYCS	718
SIRT1	KDR	524
SIRT1	SMAD4	569
SIRT1	JUN	927
SIRT1	TP53	999
SIRT1	H3C12	920
SIRT1	EP300	972
SIRT1	BDNF	652
SIRT1	HSP90AB1	688
SIRT1	DNMT1	922
SIRT1	EGF	400
SIRT1	SQSTM1	707
SIRT1	NR3C1	415
SIRT1	KEAP1	611
SIRT1	IL6	726
SIRT1	CDH1	512
SIRT1	IL4	403
SIRT1	ADIPOQ	862
HMOX1	CD4	519
HMOX1	TNFRSF1A	435
HMOX1	CD68	583
HMOX1	CASP3	806
HMOX1	GAPDH	759
HMOX1	ACTB	785
HMOX1	EIF2AK3	578
HMOX1	BECN1	580
HMOX1	NFKB1	652
HMOX1	AIF1	528
HMOX1	IL18	514
HMOX1	IGF1	482
HMOX1	IL1A	591
HMOX1	PARP1	528
HMOX1	RUNX2	590
HMOX1	IDO1	533
HMOX1	AGT	612
HMOX1	IL13	855
HMOX1	CAV1	678
HMOX1	ICAM1	675
HMOX1	INS	640
HMOX1	BCL2	856
HMOX1	PECAM1	430
HMOX1	NLRP3	892
HMOX1	BCL2L1	594
HMOX1	PXDN	696
HMOX1	TNF	792
HMOX1	IL1B	817
HMOX1	MMP1	461
HMOX1	PPARA	576
HMOX1	IKBKB	443
HMOX1	ESR1	409
HMOX1	SCARB2	461
HMOX1	CDKN1A	476
HMOX1	STAT1	537
HMOX1	ARG1	476
HMOX1	ADIPOQ	527
HMOX1	IL6	810
HMOX1	IL4	878
HMOX1	KEAP1	934
HMOX1	EGF	400
HMOX1	SQSTM1	684
HMOX1	NGF	441
HMOX1	H3C12	481
HMOX1	TP53	630
HMOX1	BDNF	627
HMOX1	HSP90AB1	462
HMOX1	IL17A	478
HMOX1	KDR	405
HMOX1	CXCL10	429
HMOX1	JUN	798
HMOX1	CYCS	827
HMOX1	NFE2L2	989
HMOX1	SPP1	411
HMOX1	APOE	572
HMOX1	STAT3	849
HMOX1	RELA	400
HMOX1	HSPA4	778
HMOX1	GSK3B	618
HMOX1	H3C13	483
HMOX1	EDN1	735
HMOX1	SRC	456
HMOX1	SMAD2	401
HMOX1	MPO	640
HMOX1	HIF1A	701
HMOX1	H3-7	483
HMOX1	CEBPB	432
HMOX1	TLR2	496
HMOX1	CCL2	697
HMOX1	FOXP3	636
HMOX1	CASP8	665
HMOX1	SMAD3	430
HMOX1	FOXO1	465
HMOX1	TGFB1	646
HMOX1	CREB1	557
HMOX1	FN1	479
HMOX1	H3-4	483
HMOX1	HSP90AA1	462
HMOX1	H3-3B	474
HMOX1	NOS2	716
HMOX1	DNTT	509
HMOX1	PTEN	450
HMOX1	FOS	531
HMOX1	SOX2	434
HMOX1	CD80	581
HMOX1	MAPK3	629
HMOX1	CXCL1	407
HMOX1	IFNG	633
HMOX1	VCAM1	620
HMOX1	SCARB1	489
HMOX1	VWF	413
HMOX1	APP	512
HMOX1	FOXO3	504
HMOX1	ALB	683
HMOX1	MMP3	447
HMOX1	CD8A	658
HMOX1	EGR1	425
HMOX1	CCND1	464
HMOX1	EPAS1	616
HMOX1	IRS1	446
HMOX1	HGF	442
HMOX1	SELE	518
HMOX1	IFNB1	400
HMOX1	EPO	597
HMOX1	CXCL8	622
HMOX1	MTOR	527
HMOX1	TFRC	598
HMOX1	AKT1	796
HMOX1	GFAP	451
HMOX1	CXCL12	435
HMOX1	TIMP1	454
HMOX1	MMP9	656
HMOX1	KIT	515
HMOX1	CYBB	712
HMOX1	MRC1	453
HMOX1	NFKBIA	675
HMOX1	ACE	447
HMOX1	TJP1	482
HMOX1	PTGS2	789
HMOX1	MMP2	506
HMOX1	PTPRC	410
HMOX1	TLR4	719
HMOX1	MAPK8	506
HMOX1	CTNNB1	489
HMOX1	FGF2	464
HMOX1	PPARGC1A	654
HMOX1	CASP9	612
HMOX1	HSPA5	564
HMOX1	SERPINE1	638
HMOX1	PPARG	784
HMOX1	LOX	402
HMOX1	LEP	424
HMOX1	GPT	674
HMOX1	ANXA5	627
HMOX1	FASLG	616
HMOX1	H3-5	483
ITGB3	CX3CL1	658
ITGB3	CD4	489
ITGB3	SNAI2	440
ITGB3	NGFR	487
ITGB3	MAPK1	728
ITGB3	MMP2	588
ITGB3	TGFB1	764
ITGB3	SERPINE1	519
ITGB3	MPO	493
ITGB3	COL1A1	932
ITGB3	VTN	999
ITGB3	CD38	441
ITGB3	LOX	600
ITGB3	TGFB3	636
ITGB3	EGR1	441
ITGB3	PLCG1	465
ITGB3	SNAI1	437
ITGB3	CD68	514
ITGB3	PXDN	456
ITGB3	LGALS3	577
ITGB3	KRAS	621
ITGB3	PDGFRA	683
ITGB3	TLR2	547
ITGB3	THBS1	984
ITGB3	ITGAV	999
ITGB3	VWF	998
ITGB3	SCARB1	689
ITGB3	CDH1	462
ITGB3	PDGFRB	727
ITGB3	CD33	551
ITGB3	ITGA2B	999
ITGB3	MAPK3	758
ITGB3	ITGAE	678
ITGB3	IL1B	478
ITGB3	CD81	415
ITGB3	EPCAM	432
ITGB3	KDR	979
ITGB3	CD80	517
ITGB3	FGF2	656
ITGB3	ICAM1	808
ITGB3	SCARB2	689
ITGB3	EGF	489
ITGB3	NRP1	569
ITGB3	ERBB2	420
ITGB3	FCGR2A	609
ITGB3	APP	426
ITGB3	CSF1R	591
ITGB3	KIT	587
ITGB3	VCAM1	664
ITGB3	ALB	629
ITGB3	ANXA5	646
ITGB3	ITGA2	984
ITGB3	ANPEP	601
ITGB3	RUNX1	400
ITGB3	CCL11	432
ITGB3	MAP2K1	582
ITGB3	CLEC7A	436
ITGB3	HSPA4	416
ITGB3	IRS1	494
ITGB3	CXCL8	622
ITGB3	CD34	663
ITGB3	CD19	486
ITGB3	CALR	430
ITGB3	CSF1	566
ITGB3	PDGFB	550
ITGB3	SELE	460
ITGB3	CD86	524
ITGB3	HSP90AA1	722
ITGB3	CAV1	756
ITGB3	PTK2	990
ITGB3	FN1	999
ITGB3	ITGAL	954
ITGB3	CX3CR1	425
ITGB3	TLR1	430
ITGB3	CD47	794
ITGB3	TGFB2	665
ITGB3	PTGS2	570
ITGB3	NRAS	577
ITGB3	CD40LG	568
ITGB3	JUN	548
ITGB3	HSP90AB1	457
ITGB3	CD40	683
ITGB3	MMP9	543
ITGB3	ENG	445
ITGB3	SRC	998
ITGB3	SYK	868
ITGB3	WT1	404
ITGB3	IFNB1	488
ITGB3	SDC1	932
ITGB3	CD9	806
ITGB3	TFRC	519
ITGB3	IGF1	961
ITGB3	SPP1	994
ITGB3	ITGB1	987
ITGB3	GAPDH	535
ITGB3	ITGA4	989
ITGB3	ITGB2	973
ITGB3	SOS1	547
ITGB3	IL6	513
ITGB3	CD8A	423
ITGB3	CXCR4	415
ITGB3	NFATC1	571
ITGB3	FGFR1	650
ITGB3	TNF	460
ITGB3	RHOA	811
ITGB3	SHC1	972
ITGB3	PRKCA	723
ITGB3	PTPRC	653
ITGB3	BRAF	580
ITGB3	ERVW-1	551
ITGB3	PROM1	418
ITGB3	LYN	611
ITGB3	VIM	503
ITGB3	CD63	550
ITGB3	AKT1	781
ITGB3	PTPN11	668
ITGB3	NCAM1	511
ITGB3	CD24	547
ITGB3	CDH5	464
ITGB3	CTNNB1	435
ITGB3	PECAM1	887
ITGB3	ACTB	949
ITGB3	IGF1R	932
ITGB3	KITLG	400
CD22	CD74	558
CD22	CD4	836
CD22	DNTT	777
CD22	CR2	894
CD22	CD80	690
CD22	CD63	523
CD22	BCL6	601
CD22	CD34	675
CD22	CD33	437
CD22	IFNG	497
CD22	CCR7	507
CD22	CCL19	557
CD22	CD1C	554
CD22	PRDM1	544
CD22	SDC1	620
CD22	CD38	787
CD22	CD247	643
CD22	CD8A	659
CD22	CXCL13	592
CD22	CCND1	416
CD22	TYROBP	432
CD22	SIRPA	607
CD22	IL21R	461
CD22	FAS	416
CD22	CD19	992
CD22	CD274	468
CD22	TFRC	601
CD22	CD2	833
CD22	PTPN11	568
CD22	FCGR2B	511
CD22	CD276	440
CD22	TLR9	440
CD22	KIT	548
CD22	PTPN6	997
CD22	HAVCR2	441
CD22	CD1D	517
CD22	ICOS	429
CD22	CD24	601
CD22	ERBB2	507
CD22	LYN	970
CD22	PTPRC	999
CD22	ABL1	572
CD22	CSF1R	407
CD22	LAG3	428
CD22	CD47	448
CD22	GZMB	416
CD22	CCRL2	546
CD22	ITGAL	613
CD22	CD40	652
CD22	TLR5	424
CD22	KLRK1	409
CD22	PLCG1	625
CD22	FLT3	434
CD22	CD28	612
CD22	TNFRSF4	430
CD22	NTRK1	412
CD22	CD68	413
CD22	CD9	653
CD22	SELL	511
CD22	ITGA4	567
CD22	TNFSF13B	624
CD22	ICAM1	419
CD22	CD81	847
CD22	BCL2	734
CD22	CD79A	985
CD22	PDCD1	405
CD22	IL3RA	679
CD22	CX3CR1	575
CD22	TNF	598
CD22	CD40LG	727
CD22	CXCR4	499
CD22	ITGAE	607
CD22	SYK	959
CD22	CTLA4	688
CD22	CD69	726
CD22	IL7	406
CD22	CD86	653
CD22	CD209	409
CD22	BTK	709
CD22	IL4	423
CD22	SPN	704
CD22	IL6	488
CD22	LOC102723407	666
CD22	CXCL9	671
CD22	CCR6	631
CD22	FCGR2A	607
CD22	ZAP70	514
CD22	CD83	420
CD22	TP53	409
CD22	CCL22	507
CD22	ANPEP	697
CD22	CD27	678
CD22	SRC	477
CD22	TLR7	422
CD22	MPO	541
CD22	IRF4	473
CD22	CD5	903
CD22	CXCR5	717
CD22	IL15	448
CD40LG	CX3CL1	718
CD40LG	CD74	590
CD40LG	CD4	983
CD40LG	TNFRSF1A	824
CD40LG	LAG3	615
CD40LG	IL2RB	564
CD40LG	GZMB	682
CD40LG	NFKBIA	488
CD40LG	CCL22	740
CD40LG	CCL17	524
CD40LG	RELB	572
CD40LG	TGFB1	551
CD40LG	CD79A	644
CD40LG	SERPINE1	479
CD40LG	MPO	481
CD40LG	CSF3	605
CD40LG	CCL2	714
CD40LG	CD38	770
CD40LG	NFKB1	728
CD40LG	IL10RA	451
CD40LG	CD69	849
CD40LG	IFNG	919
CD40LG	IL4	914
CD40LG	IL5	721
CD40LG	KLRK1	521
CD40LG	TNFSF10	492
CD40LG	CCR7	780
CD40LG	CD68	449
CD40LG	APOE	400
CD40LG	PXDN	421
CD40LG	GFAP	438
CD40LG	JAG1	523
CD40LG	NT5E	419
CD40LG	CCL21	548
CD40LG	TLR2	753
CD40LG	VWF	573
CD40LG	SCARB1	616
CD40LG	CD33	444
CD40LG	ITGA2B	934
CD40LG	ITGAE	486
CD40LG	IL1A	800
CD40LG	IL1B	890
CD40LG	IL7	680
CD40LG	CD80	998
CD40LG	FGF2	659
CD40LG	STAT3	567
CD40LG	ICAM1	891
CD40LG	SCARB2	617
CD40LG	ZAP70	633
CD40LG	LEF1	559
CD40LG	EGF	668
CD40LG	CD27	934
CD40LG	IRF8	469
CD40LG	TP53	687
CD40LG	FCGR2A	574
CD40LG	GZMA	496
CD40LG	IL9	612
CD40LG	IFNA1	646
CD40LG	IL18	765
CD40LG	CSF1R	422
CD40LG	CXCL13	620
CD40LG	CXCR5	869
CD40LG	CCR5	771
CD40LG	STAT5B	488
CD40LG	VCAM1	637
CD40LG	REL	526
CD40LG	ALB	557
CD40LG	CXCL5	616
CD40LG	ANXA5	472
CD40LG	IL15	745
CD40LG	TLR3	579
CD40LG	IL3	602
CD40LG	RAG1	532
CD40LG	CCL11	731
CD40LG	CLEC7A	424
CD40LG	IL13	719
CD40LG	CXCL10	680
CD40LG	IL7R	679
CD40LG	FOS	543
CD40LG	CXCL8	670
CD40LG	CXCL11	449
CD40LG	CCL19	617
CD40LG	CD34	481
CD40LG	CASP3	421
CD40LG	HAVCR2	734
CD40LG	TLR8	561
CD40LG	AOC3	435
CD40LG	CD19	801
CD40LG	CD209	508
CD40LG	ICOS	999
CD40LG	CXCR2	423
CD40LG	CD276	935
CD40LG	CD28	998
CD40LG	CSF1	447
CD40LG	IL3RA	482
CD40LG	SELE	604
CD40LG	CD86	998
CD40LG	PDCD1	775
CD40LG	IL21R	725
CD40LG	KLRD1	424
CD40LG	STAT5A	490
CD40LG	CD5	823
CD40LG	CCR6	714
CD40LG	ITGAL	737
CD40LG	ARG1	406
CD40LG	CCRL2	578
CD40LG	CX3CR1	448
CD40LG	STAT4	536
CD40LG	CASP8	449
CD40LG	FCGR2B	557
CD40LG	CCL20	654
CD40LG	TLR9	847
CD40LG	STAT1	553
CD40LG	CD3E	734
CD40LG	CD247	581
CD40LG	CXCL9	559
CD40LG	TLR1	651
CD40LG	CD47	455
CD40LG	CR2	655
CD40LG	FASLG	850
CD40LG	CD1C	808
CD40LG	IL6R	457
CD40LG	CTSS	516
CD40LG	PRDM1	622
CD40LG	FCGR1A	402
CD40LG	CD2	877
CD40LG	NGF	500
CD40LG	CXCL1	718
CD40LG	CD63	434
CD40LG	BCL6	775
CD40LG	SDC1	585
CD40LG	FGF13	639
CD40LG	IL33	480
CD40LG	ITGB1	566
CD40LG	CD8A	907
CD40LG	ERVW-1	432
CD40LG	IFNB1	684
CD40LG	IL1R1	447
CD40LG	SIRPA	430
CD40LG	PDCD1LG2	595
CD40LG	FAS	755
CD40LG	CD274	675
CD40LG	MMP9	534
CD40LG	CXCL12	697
CD40LG	AKT1	504
CD40LG	TFRC	416
CD40LG	ENTPD1	516
CD40LG	CYBB	455
CD40LG	CD1D	877
CD40LG	JAK3	438
CD40LG	CD24	440
CD40LG	NCAM1	643
CD40LG	TLR4	889
CD40LG	PTPRC	719
CD40LG	FLT3LG	787
CD40LG	LYN	416
CD40LG	HLA-A	454
CD40LG	TLR5	456
CD40LG	CD40	999
CD40LG	CDH5	463
CD40LG	SEM1	400
CD40LG	TGFA	564
CD40LG	IL22	729
CD40LG	TNFRSF4	938
CD40LG	GAPDH	404
CD40LG	IL4R	708
CD40LG	ITGA4	687
CD40LG	IDO1	600
CD40LG	SELL	677
CD40LG	CXCR3	730
CD40LG	PECAM1	474
CD40LG	BCL2	530
CD40LG	INS	631
CD40LG	TNFSF13B	961
CD40LG	BCL2L1	683
CD40LG	NFATC1	401
CD40LG	PIK3CD	417
CD40LG	CXCR4	755
CD40LG	TNF	942
CD40LG	ESR1	516
CD40LG	CTLA4	856
CD40LG	IKBKB	459
CD40LG	CXCR6	506
CD40LG	SYK	562
CD40LG	BTK	637
CD40LG	LOC102723407	611
CD40LG	IL12RB1	541
CD40LG	IL6	795
CD40LG	SPN	487
CD40LG	CD83	715
CD40LG	SLAMF1	717
CD40LG	JUN	404
CD40LG	EOMES	468
CD40LG	IL17A	732
CD40LG	TLR7	692
CD40LG	ITGB2	925
CD40LG	RELA	509
CD40LG	IFNA2	718
CD40LG	IRF4	594
CD40LG	FOXP3	772
CD40LG	GATA3	475
CD40LG	CD48	684
CD40LG	CCL4	852
FLT3LG	CX3CL1	889
FLT3LG	CD74	947
FLT3LG	CD4	677
FLT3LG	NGFR	706
FLT3LG	CCL22	616
FLT3LG	TGFB1	408
FLT3LG	CSF3	960
FLT3LG	CCL2	482
FLT3LG	CD38	603
FLT3LG	SPI1	518
FLT3LG	CD69	438
FLT3LG	CDKN1B	773
FLT3LG	IFNG	801
FLT3LG	IL4	746
FLT3LG	IL5	721
FLT3LG	FLT3	999
FLT3LG	BMP4	441
FLT3LG	CCR7	586
FLT3LG	EPO	581
FLT3LG	KRAS	622
FLT3LG	PDGFRA	718
FLT3LG	PDGFRB	722
FLT3LG	CD33	561
FLT3LG	ITGA2B	491
FLT3LG	MAPK3	481
FLT3LG	ITGAE	780
FLT3LG	IL1A	505
FLT3LG	IL1B	514
FLT3LG	IL7	851
FLT3LG	KDR	751
FLT3LG	PIK3CA	431
FLT3LG	CBL	576
FLT3LG	CD80	602
FLT3LG	FGF2	918
FLT3LG	IL11	726
FLT3LG	STAT3	795
FLT3LG	EGF	861
FLT3LG	CD27	474
FLT3LG	ERBB3	650
FLT3LG	IRF8	603
FLT3LG	ERBB2	715
FLT3LG	RPS27A	986
FLT3LG	IL9	682
FLT3LG	IFNA1	571
FLT3LG	IL18	420
FLT3LG	FLT1	719
FLT3LG	CSF1R	910
FLT3LG	KIT	950
FLT3LG	CXCR5	414
FLT3LG	STAT5B	710
FLT3LG	ALB	421
FLT3LG	ANXA5	483
FLT3LG	IL15	690
FLT3LG	TLR3	488
FLT3LG	IL3	968
FLT3LG	RAG1	723
FLT3LG	RUNX1	474
FLT3LG	CCL11	906
FLT3LG	IL13	679
FLT3LG	CXCL10	559
FLT3LG	IL7R	746
FLT3LG	CXCL8	476
FLT3LG	CD34	810
FLT3LG	AOC3	550
FLT3LG	CD19	674
FLT3LG	MET	686
FLT3LG	CD28	493
FLT3LG	CSF1	628
FLT3LG	IL3RA	508
FLT3LG	CD86	617
FLT3LG	FGFR3	654
FLT3LG	STAT5A	725
FLT3LG	ERBB4	650
FLT3LG	CD5	539
FLT3LG	FYN	503
FLT3LG	CX3CR1	434
FLT3LG	CCL20	424
FLT3LG	TLR9	752
FLT3LG	MTOR	459
FLT3LG	CD3E	634
FLT3LG	CXCL9	453
FLT3LG	FASLG	577
FLT3LG	CD1C	604
FLT3LG	CD2	500
FLT3LG	NRAS	652
FLT3LG	PTEN	469
FLT3LG	CD40	588
FLT3LG	ABL1	418
FLT3LG	CSF3R	565
FLT3LG	TLR4	455
FLT3LG	SYK	640
FLT3LG	FOXP3	479
FLT3LG	CD83	465
FLT3LG	TEK	729
FLT3LG	IFNA2	796
FLT3LG	IFNB1	608
FLT3LG	TLR7	561
FLT3LG	IRF4	470
FLT3LG	CD274	460
FLT3LG	MAPK8	509
FLT3LG	CXCL1	827
FLT3LG	CXCL12	480
FLT3LG	GAPDH	576
FLT3LG	SOS1	428
FLT3LG	IL6	841
FLT3LG	CD8A	701
FLT3LG	CXCR4	490
FLT3LG	UBA52	988
FLT3LG	FGFR1	678
FLT3LG	FGF13	908
FLT3LG	TNF	614
FLT3LG	TGFA	480
FLT3LG	FGFR2	659
FLT3LG	PTPRC	747
FLT3LG	PROM1	416
FLT3LG	PIK3R1	428
FLT3LG	IDO1	421
FLT3LG	NTRK1	912
FLT3LG	SLAMF1	550
FLT3LG	AKT1	412
FLT3LG	PECAM1	400
FLT3LG	SELL	459
FLT3LG	IGF1R	680
FLT3LG	UBB	767
FLT3LG	ACTB	404
FLT3LG	CTLA4	479
FLT3LG	IL17A	507
FLT3LG	SPN	566
FLT3LG	KITLG	982
FLT3LG	CCL4	543
FLT3LG	CD48	571
FLT3LG	PTPN11	582
FLT3LG	SIRPA	529
FLT3LG	NCAM1	477
FLT3LG	CD24	445
FLT3LG	CD1D	446
APP	CX3CL1	457
APP	CD74	985
APP	CD4	487
APP	TNFRSF1A	574
APP	NGFR	959
APP	MAPK1	827
APP	GZMB	550
APP	NFKBIA	417
APP	TIMP1	577
APP	MMP2	592
APP	TGFB1	895
APP	RPS6KB1	446
APP	CCL2	506
APP	COL1A1	414
APP	VTN	637
APP	NFKB1	870
APP	IFNG	550
APP	HBEGF	453
APP	IL4	452
APP	NR3C1	586
APP	CD68	533
APP	APOE	999
APP	PXDN	669
APP	GFAP	772
APP	NOTCH2	587
APP	MDM2	553
APP	TLR2	578
APP	THBS1	479
APP	SCARB1	641
APP	CD33	643
APP	AXIN1	492
APP	ITGA2B	611
APP	TYROBP	507
APP	MAPK3	753
APP	EP300	959
APP	IL1A	507
APP	IL1B	828
APP	KDR	484
APP	FGF2	630
APP	WNT5A	499
APP	STAT3	753
APP	ICAM1	595
APP	PPARGC1A	493
APP	SCARB2	647
APP	EGF	641
APP	TP53	714
APP	IL18	416
APP	NOTCH1	886
APP	ANXA5	651
APP	CALML5	488
APP	NTRK1	856
APP	PLG	685
APP	E2F1	449
APP	HSPA5	563
APP	CASP9	430
APP	CD47	637
APP	CTNNB1	814
APP	CALML3	486
APP	LEP	416
APP	TLR5	423
APP	PRKACG	468
APP	ACE2	443
APP	CALML6	486
APP	PPARG	548
APP	PTGS2	642
APP	NES	467
APP	ACE	516
APP	TJP1	406
APP	NCAM1	446
APP	CALM3	520
APP	MAPK8	718
APP	TLR4	670
APP	VAV1	416
APP	ABL1	536
APP	PTPRC	406
APP	CSF1R	413
APP	TGFB2	712
APP	CCR5	445
APP	MTOR	491
APP	CXCL8	634
APP	CDK1	431
APP	PLAU	696
APP	MMP9	644
APP	FCGR2B	732
APP	AKT1	665
APP	TFRC	651
APP	IL1R1	517
APP	IRS1	470
APP	FOXO3	836
APP	ALB	901
APP	VCAM1	563
APP	FYN	780
APP	ITGB1	761
APP	HSPA8	826
APP	CD63	538
APP	CXCL1	457
APP	FOS	543
APP	PTEN	592
APP	ERBB4	431
APP	RHOA	458
APP	CCL19	418
APP	ITGA2	604
APP	CREB1	713
APP	CCL4	472
APP	CASP8	431
APP	HSP90AA1	630
APP	FN1	782
APP	HIF1A	483
APP	NF1	786
APP	NFE2L2	546
APP	CYCS	709
APP	JUN	790
APP	SMAD4	542
APP	BDNF	858
APP	HSP90AB1	465
APP	SRC	864
APP	EDN1	591
APP	HSPA4	849
APP	PRKACB	470
APP	GSK3B	897
APP	RELA	552
APP	IFNA2	459
APP	SQSTM1	522
APP	LOC102723407	468
APP	KEAP1	463
APP	IL6	680
APP	NGF	850
APP	ESR1	435
APP	SHC1	933
APP	CALML4	491
APP	STAT1	483
APP	BTK	697
APP	CALR	878
APP	CTSS	448
APP	CX3CR1	457
APP	CXCR4	524
APP	TNF	799
APP	AGT	627
APP	PECAM1	402
APP	BCL2	594
APP	INS	799
APP	CAV1	725
APP	BECN1	511
APP	ACTB	801
APP	GAPDH	980
APP	CASP3	908
APP	IGF1R	406
APP	IGF1	548
APP	UBB	644
APP	AIF1	770
PTK2	CD4	859
PTK2	SNAI2	504
PTK2	CDH17	682
PTK2	MAPK1	551
PTK2	TIMP1	417
PTK2	MMP2	622
PTK2	TGFB1	521
PTK2	PIK3R2	934
PTK2	HGF	677
PTK2	COL1A1	754
PTK2	VTN	903
PTK2	NFKB1	506
PTK2	CCND1	575
PTK2	HBEGF	555
PTK2	LOX	432
PTK2	PLCG1	845
PTK2	SNAI1	581
PTK2	PXDN	569
PTK2	KRAS	729
PTK2	PDGFRA	919
PTK2	MDM2	545
PTK2	THBS1	764
PTK2	ITGAV	984
PTK2	VWF	738
PTK2	CDH1	761
PTK2	PDGFRB	925
PTK2	SMAD2	528
PTK2	ITGA2B	921
PTK2	ITGAE	663
PTK2	IL1B	430
PTK2	KDR	958
PTK2	PIK3CA	970
PTK2	CBL	893
PTK2	FGF2	491
PTK2	STAT3	928
PTK2	ICAM1	591
PTK2	ZAP70	478
PTK2	EGF	761
PTK2	TP53	928
PTK2	ERBB2	990
PTK2	FLT1	948
PTK2	WNT3A	541
PTK2	FCER1G	426
PTK2	CCR5	430
PTK2	VCAM1	567
PTK2	ALB	460
PTK2	ANXA5	419
PTK2	ITGA2	940
PTK2	IRS1	509
PTK2	FOS	606
PTK2	CXCL8	408
PTK2	CASP3	622
PTK2	MET	935
PTK2	GSK3B	656
PTK2	SOCS3	807
PTK2	SELE	472
PTK2	SMAD3	456
PTK2	HSP90AA1	716
PTK2	CAV1	488
PTK2	FOXO3	992
PTK2	MMP9	658
PTK2	CXCL12	471
PTK2	PLAU	440
PTK2	AKT1	879
PTK2	PTPN11	997
PTK2	MTOR	451
PTK2	SIRPA	570
PTK2	FYN	998
PTK2	ITGB1	997
PTK2	NRAS	655
PTK2	RHOA	983
PTK2	CD63	562
PTK2	PTEN	995
PTK2	TGFA	582
PTK2	PIK3R1	988
PTK2	PRKCA	918
PTK2	CDH5	876
PTK2	NOTCH1	567
PTK2	CDKN2A	407
PTK2	PRKACG	910
PTK2	ITGAL	683
PTK2	CTNNB1	802
PTK2	CD47	528
PTK2	MAPK8	438
PTK2	VAV1	784
PTK2	LYN	970
PTK2	TJP1	512
PTK2	NCAM1	560
PTK2	SOCS1	434
PTK2	STAT1	850
PTK2	MCL1	413
PTK2	ESR1	836
PTK2	ESR2	588
PTK2	SHC1	995
PTK2	SYK	605
PTK2	PIK3CD	924
PTK2	CXCR4	592
PTK2	TNF	447
PTK2	SOS1	999
PTK2	FGFR1	544
PTK2	BCL2L1	459
PTK2	PECAM1	492
PTK2	BCL2	585
PTK2	INS	643
PTK2	VIM	561
PTK2	ITGA4	945
PTK2	RUNX2	416
PTK2	PARP1	557
PTK2	XIAP	523
PTK2	IGF1	847
PTK2	IGF1R	978
PTK2	ACTB	587
PTK2	GAPDH	693
PTK2	FN1	937
PTK2	ALK	509
PTK2	CREB1	644
PTK2	FOXP3	507
PTK2	TEK	558
PTK2	NF1	551
PTK2	HIF1A	733
PTK2	PIK3CB	930
PTK2	SRC	999
PTK2	ITGB2	786
PTK2	PRKACB	911
PTK2	SPP1	817
PTK2	SMAD4	414
PTK2	JUN	516
PTK2	HSP90AB1	452
PTK2	IL6	477
GSK3B	CD4	429
GSK3B	SNAI2	816
GSK3B	CDH17	585
GSK3B	FGF4	495
GSK3B	FGF20	502
GSK3B	FGF22	471
GSK3B	MAPK1	742
GSK3B	NFKBIA	578
GSK3B	MMP2	571
GSK3B	RELB	506
GSK3B	TGFB1	634
GSK3B	HGF	502
GSK3B	RPS6KB1	586
GSK3B	CCL2	454
GSK3B	NFKB1	713
GSK3B	SPI1	418
GSK3B	CCND1	987
GSK3B	GLI1	570
GSK3B	FGF6	453
GSK3B	CDKN1B	620
GSK3B	IFNG	492
GSK3B	NANOG	590
GSK3B	LOX	408
GSK3B	NR3C1	411
GSK3B	EGR1	423
GSK3B	TWIST1	477
GSK3B	PLCG1	575
GSK3B	SNAI1	978
GSK3B	BMP4	574
GSK3B	LIF	451
GSK3B	APOE	703
GSK3B	EPO	411
GSK3B	PXDN	684
GSK3B	GFAP	456
GSK3B	H3-3B	619
GSK3B	JAG1	518
GSK3B	KRAS	596
GSK3B	CCNB1	498
GSK3B	NOTCH2	840
GSK3B	CDK4	805
GSK3B	MDM2	703
GSK3B	POU5F1	583
GSK3B	TLR2	416
GSK3B	CCND2	938
GSK3B	CDH1	894
GSK3B	SMAD2	610
GSK3B	AXIN1	999
GSK3B	EP300	546
GSK3B	IL1A	416
GSK3B	IL1B	636
GSK3B	PIK3CA	630
GSK3B	FGF2	601
GSK3B	WNT5A	695
GSK3B	STAT3	804
GSK3B	FGF10	498
GSK3B	ICAM1	417
GSK3B	PPARGC1A	809
GSK3B	LEF1	824
GSK3B	EGF	632
GSK3B	NRP1	517
GSK3B	CDK2	770
GSK3B	FGF7	497
GSK3B	TP53	992
GSK3B	ERBB2	575
GSK3B	RPS27A	574
GSK3B	ATM	489
GSK3B	MYCN	541
GSK3B	WNT3A	937
GSK3B	PPARG	634
GSK3B	WNT4	572
GSK3B	CALM3	812
GSK3B	STAT5B	441
GSK3B	WNT1	900
GSK3B	VCAM1	452
GSK3B	ALB	674
GSK3B	ANXA5	598
GSK3B	TLR3	963
GSK3B	SHH	709
GSK3B	WNT10B	558
GSK3B	MAP2K1	939
GSK3B	AXIN2	999
GSK3B	HSPA4	740
GSK3B	CALML6	771
GSK3B	IRS1	799
GSK3B	CEBPB	603
GSK3B	FOS	543
GSK3B	CXCL8	620
GSK3B	EIF2AK3	566
GSK3B	CYCS	693
GSK3B	TERT	435
GSK3B	CD34	401
GSK3B	CASP3	747
GSK3B	FGF5	484
GSK3B	LEP	463
GSK3B	HNF4A	919
GSK3B	CALML3	781
GSK3B	MET	555
GSK3B	FGF8	496
GSK3B	SOX2	606
GSK3B	HSPA5	663
GSK3B	PRKACB	981
GSK3B	RELA	603
GSK3B	EDN1	412
GSK3B	H3C13	556
GSK3B	PIK3CB	460
GSK3B	SRC	867
GSK3B	BDNF	672
GSK3B	HSP90AB1	920
GSK3B	H3C12	617
GSK3B	JUN	908
GSK3B	SMAD4	590
GSK3B	NFE2L2	953
GSK3B	SPP1	441
GSK3B	NGF	520
GSK3B	IGF2	418
GSK3B	DNMT1	521
GSK3B	FGF3	455
GSK3B	ADIPOQ	453
GSK3B	IL6	682
GSK3B	KEAP1	583
GSK3B	SQSTM1	555
GSK3B	FN1	573
GSK3B	PAX6	420
GSK3B	HSP90AA1	958
GSK3B	HDAC1	510
GSK3B	H3-4	555
GSK3B	CEBPA	480
GSK3B	FOXO1	814
GSK3B	SMAD3	950
GSK3B	CASP8	500
GSK3B	CREB1	988
GSK3B	H3-7	555
GSK3B	HIF1A	653
GSK3B	CAV1	781
GSK3B	INS	753
GSK3B	PECAM1	423
GSK3B	BCL2	731
GSK3B	PARP1	643
GSK3B	XIAP	836
GSK3B	RUNX2	873
GSK3B	AGT	485
GSK3B	STAT5A	429
GSK3B	AIF1	428
GSK3B	PROM1	491
GSK3B	FGF16	481
GSK3B	IGF1	674
GSK3B	IGF1R	643
GSK3B	UBB	563
GSK3B	GAPDH	817
GSK3B	ACTB	847
GSK3B	BECN1	554
GSK3B	CDKN1A	529
GSK3B	MCL1	702
GSK3B	STAT1	713
GSK3B	PPARA	498
GSK3B	CALML4	771
GSK3B	UBA52	534
GSK3B	SHC1	457
GSK3B	ESR2	648
GSK3B	BRCA1	610
GSK3B	ESR1	629
GSK3B	SOS1	479
GSK3B	TNF	649
GSK3B	CXCR4	448
GSK3B	NFATC1	953
GSK3B	PIK3CD	428
GSK3B	BCL2L1	828
GSK3B	AR	841
GSK3B	VAV1	445
GSK3B	ABL1	501
GSK3B	TLR4	577
GSK3B	KLF4	528
GSK3B	NES	478
GSK3B	TJP1	522
GSK3B	PTGS2	573
GSK3B	TNFAIP3	736
GSK3B	TGFB2	411
GSK3B	CYBB	410
GSK3B	TGFBR1	424
GSK3B	E2F1	607
GSK3B	SEM1	400
GSK3B	H3-5	555
GSK3B	NTRK1	464
GSK3B	CDKN2A	501
GSK3B	CALML5	781
GSK3B	NOTCH1	809
GSK3B	PRKCA	637
GSK3B	PIK3R1	497
GSK3B	PRKACG	978
GSK3B	CD47	410
GSK3B	CTNNB1	999
GSK3B	CASP9	631
GSK3B	BMP2	512
GSK3B	CD8A	408
GSK3B	HSPA8	621
GSK3B	ITGB1	478
GSK3B	BCL2L11	574
GSK3B	FYN	723
GSK3B	NRAS	457
GSK3B	FGF13	418
GSK3B	FGF17	453
GSK3B	FOXO3	762
GSK3B	RHOA	659
GSK3B	DNTT	407
GSK3B	FGF9	503
GSK3B	PTEN	906
GSK3B	PTPN11	533
GSK3B	BMI1	445
GSK3B	AKT1	996
GSK3B	DKK1	731
GSK3B	MMP9	612
GSK3B	CXCL12	423
GSK3B	CDK1	493
GSK3B	GATA4	509
GSK3B	BRAF	925
GSK3B	MTOR	784
GSK3B	CD274	569
GSK3B	SLC2A1	413
TNFRSF4	CD4	872
TNFRSF4	TNFRSF1A	802
TNFRSF4	LAG3	797
TNFRSF4	IL2RB	473
TNFRSF4	GZMB	664
TNFRSF4	CCL22	419
TNFRSF4	CCL17	467
TNFRSF4	TGFB1	400
TNFRSF4	CCL2	420
TNFRSF4	CD38	516
TNFRSF4	NFKB1	400
TNFRSF4	CD69	678
TNFRSF4	IFNG	733
TNFRSF4	IL4	654
TNFRSF4	IL5	549
TNFRSF4	KLRK1	647
TNFRSF4	CCR7	770
TNFRSF4	NT5E	479
TNFRSF4	CD33	416
TNFRSF4	ITGAE	570
TNFRSF4	IL1A	651
TNFRSF4	IL1B	688
TNFRSF4	IL7	548
TNFRSF4	CD80	994
TNFRSF4	STAT3	632
TNFRSF4	ICAM1	667
TNFRSF4	ZAP70	452
TNFRSF4	CD27	934
TNFRSF4	ERBB2	480
TNFRSF4	GZMA	484
TNFRSF4	IL9	503
TNFRSF4	IFNA1	448
TNFRSF4	IL18	613
TNFRSF4	CSF1R	407
TNFRSF4	CXCL13	454
TNFRSF4	KIT	459
TNFRSF4	FCER1G	606
TNFRSF4	CXCR5	617
TNFRSF4	CCR5	534
TNFRSF4	STAT5B	418
TNFRSF4	IL15	589
TNFRSF4	IL13	582
TNFRSF4	CXCL10	642
TNFRSF4	IL7R	599
TNFRSF4	CXCL8	599
TNFRSF4	CXCL11	516
TNFRSF4	HAVCR2	778
TNFRSF4	CD19	642
TNFRSF4	ICOS	921
TNFRSF4	CD276	871
TNFRSF4	CD28	934
TNFRSF4	IL3RA	432
TNFRSF4	CD86	990
TNFRSF4	PDCD1	812
TNFRSF4	IL21R	617
TNFRSF4	STAT5A	445
TNFRSF4	CD5	401
TNFRSF4	CCR6	516
TNFRSF4	CCRL2	512
TNFRSF4	FCGR2B	568
TNFRSF4	TLR9	471
TNFRSF4	CD247	760
TNFRSF4	CXCL9	459
TNFRSF4	CD47	416
TNFRSF4	FASLG	523
TNFRSF4	PRDM1	447
TNFRSF4	CD2	464
TNFRSF4	ENTPD1	593
TNFRSF4	CD40	942
TNFRSF4	CXCR3	577
TNFRSF4	TLR4	407
TNFRSF4	TNFSF13B	457
TNFRSF4	BCL2L1	414
TNFRSF4	FOXP3	754
TNFRSF4	IRF4	471
TNFRSF4	GATA3	480
TNFRSF4	CCL4	443
TNFRSF4	CD48	414
TNFRSF4	IL22	460
TNFRSF4	IL6	703
TNFRSF4	SLAMF1	461
TNFRSF4	IL17A	607
TNFRSF4	NCAM1	433
TNFRSF4	EOMES	466
TNFRSF4	PTPRC	574
TNFRSF4	TLR7	422
TNFRSF4	PDCD1LG2	804
TNFRSF4	SIRPA	573
TNFRSF4	FAS	623
TNFRSF4	TNF	797
TNFRSF4	CXCR4	649
TNFRSF4	CD274	860
TNFRSF4	CTLA4	907
TNFRSF4	AKT1	762
TNFRSF4	BCL6	488
TNFRSF4	SELL	639
TNFRSF4	IL33	431
TNFRSF4	IDO1	640
TNFRSF4	CD8A	797
TNFRSF4	BCL2	412
FCGR2B	CD74	483
FCGR2B	CD4	842
FCGR2B	TNFRSF1A	490
FCGR2B	LAG3	422
FCGR2B	MAPK1	407
FCGR2B	IL2RB	424
FCGR2B	GZMB	538
FCGR2B	TGFB1	412
FCGR2B	CD79A	463
FCGR2B	CSF3	402
FCGR2B	CCL2	693
FCGR2B	CD38	687
FCGR2B	SPI1	486
FCGR2B	IL10RA	514
FCGR2B	CD69	669
FCGR2B	IFNG	749
FCGR2B	IL4	683
FCGR2B	IL5	520
FCGR2B	FLT3	436
FCGR2B	PLCG1	408
FCGR2B	CCR7	666
FCGR2B	CD68	722
FCGR2B	PXDN	473
FCGR2B	LGALS3	992
FCGR2B	TLR2	727
FCGR2B	SCARB1	519
FCGR2B	CD33	524
FCGR2B	ITGA2B	410
FCGR2B	TYROBP	592
FCGR2B	ITGAE	588
FCGR2B	IL1A	483
FCGR2B	IL1B	660
FCGR2B	EPCAM	442
FCGR2B	IL7	422
FCGR2B	KDR	591
FCGR2B	CD80	734
FCGR2B	ICAM1	523
FCGR2B	SCARB2	493
FCGR2B	CD27	621
FCGR2B	IRF8	479
FCGR2B	FCGR2A	892
FCGR2B	IFNA1	490
FCGR2B	IL18	628
FCGR2B	CSF1R	668
FCGR2B	KIT	612
FCGR2B	FCER1G	844
FCGR2B	NCR1	530
FCGR2B	CXCR5	501
FCGR2B	CCR5	716
FCGR2B	CXCR1	582
FCGR2B	ALB	601
FCGR2B	ANXA5	501
FCGR2B	IL15	438
FCGR2B	ITGA2	460
FCGR2B	TLR3	421
FCGR2B	IL3	442
FCGR2B	RAG1	427
FCGR2B	CLEC7A	991
FCGR2B	IL13	565
FCGR2B	CXCL10	483
FCGR2B	IL7R	607
FCGR2B	CXCL8	419
FCGR2B	CD34	581
FCGR2B	CASP3	568
FCGR2B	HAVCR2	638
FCGR2B	TLR8	529
FCGR2B	AOC3	736
FCGR2B	CD19	933
FCGR2B	CD209	649
FCGR2B	ICOS	477
FCGR2B	CXCR2	428
FCGR2B	CD276	455
FCGR2B	CD28	711
FCGR2B	CSF1	522
FCGR2B	IL3RA	479
FCGR2B	CD86	830
FCGR2B	PDCD1	465
FCGR2B	CD5	618
FCGR2B	FN1	584
FCGR2B	ITGAL	543
FCGR2B	ARG1	547
FCGR2B	CCRL2	459
FCGR2B	CX3CR1	552
FCGR2B	SLAMF1	547
FCGR2B	CD1D	580
FCGR2B	CD83	512
FCGR2B	TNFAIP3	400
FCGR2B	IGF2	848
FCGR2B	PTPN6	842
FCGR2B	LOC102723407	934
FCGR2B	CXCL9	649
FCGR2B	MRC1	756
FCGR2B	SPN	561
FCGR2B	ENTPD1	448
FCGR2B	CYBB	505
FCGR2B	IL6	653
FCGR2B	FCGR1A	838
FCGR2B	SRC	461
FCGR2B	TLR7	597
FCGR2B	TLR4	645
FCGR2B	ITGB2	777
FCGR2B	VAV1	431
FCGR2B	PTPRC	918
FCGR2B	LYN	938
FCGR2B	CD24	484
FCGR2B	IL17A	622
FCGR2B	NCAM1	610
FCGR2B	FOXP3	737
FCGR2B	GATA3	408
FCGR2B	TLR5	468
FCGR2B	CD40	707
FCGR2B	CD47	448
FCGR2B	CD48	508
FCGR2B	CDH5	542
FCGR2B	CCL4	529
FCGR2B	IGF1	785
FCGR2B	BCL6	404
FCGR2B	AIF1	601
FCGR2B	CXCL1	420
FCGR2B	ACTB	474
FCGR2B	CR2	731
FCGR2B	GAPDH	496
FCGR2B	PECAM1	677
FCGR2B	CXCR3	483
FCGR2B	CD8A	786
FCGR2B	TNFSF13B	572
FCGR2B	ITGA4	448
FCGR2B	IL4R	436
FCGR2B	CD1C	556
FCGR2B	SDC1	706
FCGR2B	IL33	454
FCGR2B	SELL	784
FCGR2B	CXCR4	503
FCGR2B	TNF	723
FCGR2B	TLR1	459
FCGR2B	FAS	529
FCGR2B	CTSS	439
FCGR2B	IFNB1	436
FCGR2B	SIRPA	613
FCGR2B	PDCD1LG2	465
FCGR2B	TLR9	541
FCGR2B	STAT1	420
FCGR2B	PTPN11	744
FCGR2B	AKT1	401
FCGR2B	BTK	596
FCGR2B	CD3E	678
FCGR2B	CD2	478
FCGR2B	CTLA4	546
FCGR2B	CD274	711
FCGR2B	SHC1	611
FCGR2B	SYK	974
PXDN	CD4	743
PXDN	SNAI2	633
PXDN	CDH17	532
PXDN	TNFRSF1A	434
PXDN	FGF4	551
PXDN	NGFR	429
PXDN	FGF20	504
PXDN	FGF22	515
PXDN	MAPK1	721
PXDN	GZMB	425
PXDN	NFKBIA	734
PXDN	TIMP1	532
PXDN	MMP2	692
PXDN	RELB	439
PXDN	TGFB1	725
PXDN	HGF	521
PXDN	SERPINE1	553
PXDN	CSF3	436
PXDN	RPS6KB1	682
PXDN	CCL2	657
PXDN	COL1A1	636
PXDN	VTN	456
PXDN	CD38	413
PXDN	NFKB1	631
PXDN	CCND1	778
PXDN	CD69	420
PXDN	GLI1	433
PXDN	FGF6	530
PXDN	CDKN1B	472
PXDN	IFNG	782
PXDN	NANOG	561
PXDN	LOX	620
PXDN	IL4	670
PXDN	IL5	551
PXDN	NR3C1	432
PXDN	TGFB3	415
PXDN	EGR1	464
PXDN	TWIST1	501
PXDN	SNAI1	640
PXDN	BMP4	471
PXDN	LIF	418
PXDN	CD68	793
PXDN	APOE	611
PXDN	EPO	452
PXDN	FGF8	551
PXDN	PLAU	475
PXDN	CXCL12	565
PXDN	MMP9	755
PXDN	CDK2	622
PXDN	DKK1	452
PXDN	GFAP	808
PXDN	BMI1	577
PXDN	AKT1	876
PXDN	TFRC	609
PXDN	CXCL8	601
PXDN	MTOR	674
PXDN	CD274	522
PXDN	CCR5	423
PXDN	JAG1	441
PXDN	FGF5	530
PXDN	BRAF	529
PXDN	CD19	610
PXDN	CSF1	508
PXDN	CDK1	556
PXDN	MAP2K1	617
PXDN	FAS	463
PXDN	ENG	521
PXDN	IFNB1	515
PXDN	SELE	435
PXDN	SLC2A1	482
PXDN	IRS1	567
PXDN	FYN	421
PXDN	EPAS1	508
PXDN	ITGB1	575
PXDN	BCL2L11	543
PXDN	CD8A	697
PXDN	HSPA8	530
PXDN	MMP3	547
PXDN	ERVW-1	543
PXDN	BMP2	501
PXDN	WNT1	410
PXDN	FOXO3	555
PXDN	ALB	938
PXDN	STAT5B	462
PXDN	FGF17	529
PXDN	VWF	641
PXDN	FGF13	521
PXDN	NRAS	401
PXDN	SDC1	515
PXDN	SCARB1	532
PXDN	VEGFC	499
PXDN	RHOA	625
PXDN	CD34	697
PXDN	CXCL1	491
PXDN	CD63	643
PXDN	SOX2	586
PXDN	CD80	490
PXDN	MAPK3	848
PXDN	FGF9	534
PXDN	PTEN	691
PXDN	FOS	739
PXDN	ERBB4	441
PXDN	DNTT	786
PXDN	TGFA	425
PXDN	H3-5	717
PXDN	PLG	471
PXDN	E2F1	518
PXDN	FASLG	560
PXDN	PRKCA	475
PXDN	CD28	470
PXDN	NOTCH1	531
PXDN	ANXA5	888
PXDN	CDH5	520
PXDN	CDKN2A	593
PXDN	CALML5	560
PXDN	GPT	621
PXDN	LEP	742
PXDN	CALML3	560
PXDN	IL3	458
PXDN	PRKACG	556
PXDN	MDM2	593
PXDN	ACE2	512
PXDN	CALML6	544
PXDN	CD40	452
PXDN	PPARG	661
PXDN	FGF7	553
PXDN	HSPA5	660
PXDN	CASP9	759
PXDN	FGF2	707
PXDN	PPARGC1A	615
PXDN	CTNNB1	790
PXDN	MAPK8	596
PXDN	TERT	455
PXDN	JAK1	458
PXDN	PTPRC	713
PXDN	ABL1	451
PXDN	AOC3	481
PXDN	WT1	485
PXDN	ERBB2	702
PXDN	CD24	502
PXDN	NES	656
PXDN	ACE	540
PXDN	TJP1	658
PXDN	KLF4	466
PXDN	CCND2	443
PXDN	CALM3	586
PXDN	IFNA1	515
PXDN	REL	524
PXDN	KRAS	564
PXDN	TGFBR1	464
PXDN	MRC1	514
PXDN	WNT3A	466
PXDN	CYBB	621
PXDN	TGFB2	452
PXDN	LGALS3	546
PXDN	STAT1	613
PXDN	NT5E	502
PXDN	CD86	559
PXDN	CDKN1A	593
PXDN	MCL1	614
PXDN	ESR2	553
PXDN	BRCA1	521
PXDN	SCARB2	510
PXDN	CTLA4	426
PXDN	MET	495
PXDN	ESR1	708
PXDN	CCNB1	621
PXDN	FGF1	423
PXDN	IKBKB	551
PXDN	CALML4	573
PXDN	SYK	403
PXDN	PPARA	568
PXDN	CXCR4	575
PXDN	MMP1	483
PXDN	NFATC1	487
PXDN	THBS1	440
PXDN	TNF	800
PXDN	IL1B	812
PXDN	PIK3CA	479
PXDN	CALR	516
PXDN	CTSS	441
PXDN	AR	615
PXDN	LEF1	401
PXDN	MYCN	421
PXDN	BCL2L1	688
PXDN	ERBB3	484
PXDN	NLRP3	447
PXDN	CD81	565
PXDN	BCL2	844
PXDN	PECAM1	743
PXDN	INS	817
PXDN	ICAM1	639
PXDN	CAV1	626
PXDN	VIM	495
PXDN	IL13	556
PXDN	AGT	615
PXDN	STAT5A	488
PXDN	CDK4	632
PXDN	XIAP	584
PXDN	SELL	426
PXDN	PARP1	733
PXDN	RUNX2	646
PXDN	IGF1	638
PXDN	IGF1R	570
PXDN	EPCAM	495
PXDN	IL1A	606
PXDN	HNF4A	479
PXDN	FGF16	510
PXDN	IL18	507
PXDN	AIF1	738
PXDN	FGF10	552
PXDN	PROM1	554
PXDN	POU5F1	579
PXDN	BECN1	738
PXDN	ATM	571
PXDN	ACTB	925
PXDN	EIF2AK3	707
PXDN	CD9	604
PXDN	AXL	410
PXDN	CASP3	918
PXDN	GAPDH	924
PXDN	ERVFRD-1	508
PXDN	CEBPA	450
PXDN	NOS2	525
PXDN	H3-3B	719
PXDN	H3-4	718
PXDN	HDAC1	548
PXDN	HSP90AA1	618
PXDN	ALK	426
PXDN	PAX6	412
PXDN	FN1	853
PXDN	CREB1	664
PXDN	PDGFRB	549
PXDN	FOXO1	575
PXDN	CASP8	703
PXDN	SMAD3	638
PXDN	KITLG	453
PXDN	CD5	420
PXDN	FOXP3	619
PXDN	CEBPB	458
PXDN	TEK	425
PXDN	H3-7	737
PXDN	WNT5A	448
PXDN	HIF1A	744
PXDN	AXIN1	400
PXDN	SOCS3	456
PXDN	SMAD2	676
PXDN	PGR	626
PXDN	ERV3-1	508
PXDN	SRC	675
PXDN	EDN1	513
PXDN	H3C13	738
PXDN	HSPA4	668
PXDN	PRKACB	555
PXDN	RELA	526
PXDN	STAT3	824
PXDN	NFE2L2	618
PXDN	SPP1	609
PXDN	ANPEP	414
PXDN	CYCS	889
PXDN	CXCL10	513
PXDN	JUN	740
PXDN	SMAD4	561
PXDN	SHH	481
PXDN	BDNF	773
PXDN	HSP90AB1	618
PXDN	IL17A	616
PXDN	H3C12	717
PXDN	TP53	821
PXDN	FCGR2A	470
PXDN	IGF2	459
PXDN	DNMT1	489
PXDN	NGF	698
PXDN	SQSTM1	612
PXDN	EGF	831
PXDN	KEAP1	559
PXDN	CDH1	789
PXDN	IL6	825
PXDN	ADIPOQ	545
PXDN	FGF3	529
PXDN	ARG1	525
FGF17	CD4	423
FGF17	SNAI2	457
FGF17	CDH17	441
FGF17	FGF4	543
FGF17	NGFR	762
FGF17	FGF20	475
FGF17	FGF22	518
FGF17	MAPK1	566
FGF17	TIMP1	520
FGF17	MMP2	510
FGF17	TGFB1	817
FGF17	PIK3R2	479
FGF17	HGF	872
FGF17	SERPINE1	486
FGF17	CSF3	595
FGF17	CCL2	609
FGF17	VTN	477
FGF17	NFKB1	416
FGF17	CCND1	458
FGF17	GLI1	426
FGF17	FGF6	489
FGF17	IFNG	579
FGF17	NANOG	546
FGF17	HBEGF	640
FGF17	IL4	640
FGF17	IL5	481
FGF17	TGFB3	668
FGF17	FLT3	791
FGF17	TWIST1	432
FGF17	PLCG1	607
FGF17	SNAI1	515
FGF17	BMP4	641
FGF17	LIF	619
FGF17	APOE	579
FGF17	EPO	489
FGF17	GFAP	512
FGF17	JAG1	419
FGF17	KRAS	692
FGF17	PDGFRA	848
FGF17	NT5E	492
FGF17	POU5F1	713
FGF17	THBS1	476
FGF17	VWF	478
FGF17	CDH1	579
FGF17	PDGFRB	891
FGF17	SMAD2	516
FGF17	MAPK3	717
FGF17	IL1A	588
FGF17	IL1B	660
FGF17	IL7	473
FGF17	KDR	927
FGF17	PIK3CA	555
FGF17	CBL	595
FGF17	FGF2	953
FGF17	IL11	422
FGF17	WNT5A	441
FGF17	STAT3	542
FGF17	FGF10	527
FGF17	ICAM1	474
FGF17	EGF	988
FGF17	NRP1	823
FGF17	ERBB3	755
FGF17	FGF7	448
FGF17	TP53	527
FGF17	ERBB2	815
FGF17	RPS27A	509
FGF17	IL9	467
FGF17	FLT1	871
FGF17	WNT3A	528
FGF17	CSF1R	799
FGF17	PPARG	429
FGF17	KIT	852
FGF17	CALM3	909
FGF17	WNT1	450
FGF17	VCAM1	474
FGF17	ALB	751
FGF17	IL15	451
FGF17	IL3	411
FGF17	SHH	853
FGF17	MMP3	424
FGF17	CCL11	475
FGF17	CALML6	840
FGF17	IRS1	527
FGF17	IL13	527
FGF17	CXCL10	513
FGF17	FOS	427
FGF17	CXCL8	752
FGF17	PLG	512
FGF17	CD34	575
FGF17	CASP3	471
FGF17	FGF5	582
FGF17	LEP	447
FGF17	HNF4A	447
FGF17	ANGPT2	516
FGF17	CALML3	840
FGF17	MET	865
FGF17	FGF8	497
FGF17	MMP1	402
FGF17	SOX2	597
FGF17	CSF1	416
FGF17	PDGFB	655
FGF17	SELE	401
FGF17	SMAD3	458
FGF17	FGF3	716
FGF17	FGFR3	986
FGF17	SMAD4	431
FGF17	ERBB4	767
FGF17	PDGFA	433
FGF17	FN1	798
FGF17	ITGB1	441
FGF17	CD8A	418
FGF17	BMP2	741
FGF17	ERVW-1	517
FGF17	SDC1	761
FGF17	NRAS	621
FGF17	FGF13	893
FGF17	VEGFC	548
FGF17	RHOA	438
FGF17	CXCL1	418
FGF17	FGF9	538
FGF17	PTEN	448
FGF17	MMP9	593
FGF17	CXCL12	610
FGF17	TLR9	575
FGF17	DKK1	453
FGF17	PTPN11	611
FGF17	AKT1	662
FGF17	MTOR	490
FGF17	CD274	407
FGF17	GATA4	479
FGF17	ENG	529
FGF17	PTPRC	490
FGF17	PTGS2	444
FGF17	ANGPT1	586
FGF17	NES	593
FGF17	FGFR2	999
FGF17	KLF4	453
FGF17	TGFBR1	418
FGF17	TGFB2	498
FGF17	TGFA	583
FGF17	NTRK1	888
FGF17	PIK3R1	501
FGF17	NOTCH1	453
FGF17	CDH5	496
FGF17	CALML5	837
FGF17	CTNNB1	650
FGF17	PECAM1	728
FGF17	BCL2	448
FGF17	INS	827
FGF17	AGT	648
FGF17	RUNX2	527
FGF17	IGF1	787
FGF17	IGF1R	849
FGF17	UBB	507
FGF17	FGF16	469
FGF17	PROM1	507
FGF17	ACTB	512
FGF17	CD9	423
FGF17	GAPDH	571
FGF17	FGF1	953
FGF17	ESR1	472
FGF17	UBA52	517
FGF17	SHC1	561
FGF17	CALML4	837
FGF17	CXCR4	512
FGF17	TNF	653
FGF17	SOS1	559
FGF17	FGFR1	999
FGF17	AR	444
FGF17	PIK3CB	453
FGF17	SRC	515
FGF17	EDN1	511
FGF17	SPP1	520
FGF17	JUN	480
FGF17	IL17A	507
FGF17	BDNF	642
FGF17	IGF2	628
FGF17	NGF	696
FGF17	IL6	697
FGF17	ADIPOQ	598
FGF17	ERVFRD-1	515
FGF17	PAX6	672
FGF17	CCL4	447
FGF17	KITLG	511
FGF17	TEK	848
FGF17	HIF1A	582
FGF17	ERV3-1	514
CDH5	CD4	408
CDH5	SNAI2	489
CDH5	CDH17	840
CDH5	FGF4	502
CDH5	FGF20	498
CDH5	FGF22	505
CDH5	MMP2	521
CDH5	TGFB1	579
CDH5	HGF	641
CDH5	SERPINE1	449
CDH5	CCL2	517
CDH5	COL1A1	464
CDH5	VTN	503
CDH5	FGF6	500
CDH5	IFNG	419
CDH5	NANOG	463
CDH5	LOX	458
CDH5	TWIST1	447
CDH5	SNAI1	572
CDH5	BMP4	588
CDH5	CD68	457
CDH5	APOE	483
CDH5	LGALS3	584
CDH5	JAG1	531
CDH5	PDGFRA	552
CDH5	NT5E	554
CDH5	POU5F1	491
CDH5	THBS1	427
CDH5	ITGAV	452
CDH5	VWF	881
CDH5	SCARB1	576
CDH5	CDH1	985
CDH5	PDGFRB	666
CDH5	SMAD2	436
CDH5	ITGA2B	627
CDH5	MAPK3	554
CDH5	IL1B	570
CDH5	EPAS1	560
CDH5	EPCAM	444
CDH5	KDR	999
CDH5	FGF2	675
CDH5	STAT3	403
CDH5	FGF10	526
CDH5	ICAM1	719
CDH5	SCARB2	575
CDH5	EGF	544
CDH5	NRP1	698
CDH5	FGF7	523
CDH5	TP53	402
CDH5	FCGR2A	522
CDH5	FLT1	833
CDH5	CSF1R	440
CDH5	PPARG	594
CDH5	KIT	723
CDH5	CALM3	549
CDH5	VCAM1	806
CDH5	ALB	638
CDH5	ANXA5	447
CDH5	ANPEP	477
CDH5	RUNX1	517
CDH5	CXCL8	476
CDH5	CD34	880
CDH5	CASP3	464
CDH5	FGF5	502
CDH5	ANGPT2	703
CDH5	FGF8	505
CDH5	SOX2	457
CDH5	PDGFB	601
CDH5	SELE	980
CDH5	FGF3	500
CDH5	CAV1	712
CDH5	FYN	752
CDH5	FN1	704
CDH5	TJP1	995
CDH5	AGT	452
CDH5	TGFB2	452
CDH5	NES	676
CDH5	RUNX2	404
CDH5	MMP9	617
CDH5	ENG	879
CDH5	HDAC1	402
CDH5	SRC	826
CDH5	TLR4	411
CDH5	KLF4	656
CDH5	EDN1	528
CDH5	TEK	901
CDH5	FGF9	497
CDH5	ETS1	447
CDH5	IGF1	468
CDH5	SPP1	405
CDH5	CXCL12	616
CDH5	ITGB1	570
CDH5	GAPDH	613
CDH5	INS	471
CDH5	ITGB2	663
CDH5	IL6	586
CDH5	CXCR4	560
CDH5	FGF13	486
CDH5	TNF	593
CDH5	FGF16	498
CDH5	RHOA	632
CDH5	SHC1	428
CDH5	PRKCA	519
CDH5	PTPRC	806
CDH5	PROM1	667
CDH5	ANGPT1	797
CDH5	GATA4	433
CDH5	HIF1A	606
CDH5	VIM	526
CDH5	TGFBR1	442
CDH5	AKT1	623
CDH5	PECAM1	999
CDH5	VAV1	613
CDH5	VEGFC	597
CDH5	FGF1	423
CDH5	PTPN11	550
CDH5	ACTB	746
CDH5	CTNNB1	999
CDH5	KITLG	427
CDH5	IGF1R	492
CDH5	SPN	416
CDH5	CD1D	424
CDH5	NOTCH1	496
GZMA	CD74	494
GZMA	CD4	758
GZMA	LAG3	805
GZMA	IL2RB	901
GZMA	GZMB	904
GZMA	CD79A	431
GZMA	CCL2	420
GZMA	CD38	503
GZMA	IL10RA	492
GZMA	CD69	688
GZMA	IFNG	841
GZMA	IL4	476
GZMA	KLRK1	788
GZMA	TNFSF10	493
GZMA	CCR7	690
GZMA	TYROBP	513
GZMA	ITGAE	490
GZMA	IL1B	491
GZMA	IL7	418
GZMA	CD80	506
GZMA	ZAP70	556
GZMA	LEF1	429
GZMA	CD27	694
GZMA	ITGB2	626
GZMA	HSPA4	438
GZMA	CXCL10	632
GZMA	EOMES	814
GZMA	IL17A	509
GZMA	KLRD1	906
GZMA	CCR6	417
GZMA	CXCL9	819
GZMA	FCER1G	425
GZMA	IL12RB1	422
GZMA	IL6	480
GZMA	IL15	576
GZMA	FN1	519
GZMA	CD48	574
GZMA	CXCL11	467
GZMA	CCL4	628
GZMA	CXCR5	440
GZMA	FOXP3	617
GZMA	GATA3	462
GZMA	CXCR3	668
GZMA	PECAM1	414
GZMA	ITGA4	564
GZMA	IL13	400
GZMA	IDO1	728
GZMA	SELL	597
GZMA	IL18	455
GZMA	CASP3	418
GZMA	STAT1	506
GZMA	CD3E	702
GZMA	CD86	478
GZMA	CTLA4	712
GZMA	CXCR6	856
GZMA	TNF	617
GZMA	CXCL5	424
GZMA	CX3CR1	548
GZMA	PDCD1	778
GZMA	FCGR1A	530
GZMA	PTPRC	600
GZMA	CSF1R	433
GZMA	ICOS	723
GZMA	NCAM1	587
GZMA	HAVCR2	692
GZMA	IL7R	713
GZMA	ENTPD1	519
GZMA	FASLG	889
GZMA	CD28	629
GZMA	HLA-A	491
GZMA	CCRL2	463
GZMA	ITGAL	565
GZMA	CXCL13	522
GZMA	CD8A	964
GZMA	CD247	866
GZMA	PRDM1	482
GZMA	BCL6	566
GZMA	CD63	482
GZMA	NCR1	606
GZMA	CR2	402
GZMA	MMP9	558
GZMA	CD2	923
GZMA	CCR5	667
GZMA	CXCL8	404
GZMA	CD274	615
GZMA	CD19	516
GZMA	STAT4	529
GZMA	PDCD1LG2	480
CTSS	CX3CL1	478
CTSS	CD74	981
CTSS	CD4	620
CTSS	TNFRSF1A	412
CTSS	GZMB	458
CTSS	TIMP1	763
CTSS	MMP2	593
CTSS	TGFB1	654
CTSS	MPO	964
CTSS	CCL2	527
CTSS	NFKB1	472
CTSS	SPI1	489
CTSS	IL10RA	951
CTSS	IFNG	594
CTSS	LOX	412
CTSS	IL4	589
CTSS	TNFSF10	451
CTSS	CD68	604
CTSS	APOE	531
CTSS	LGALS3	493
CTSS	TLR2	588
CTSS	SCARB1	400
CTSS	TYROBP	776
CTSS	IL1A	494
CTSS	IL1B	713
CTSS	CD80	469
CTSS	STAT3	452
CTSS	ICAM1	638
CTSS	SCARB2	416
CTSS	EGF	643
CTSS	NRP1	406
CTSS	IRF8	497
CTSS	TP53	433
CTSS	FCGR2A	446
CTSS	IL18	525
CTSS	CSF1R	757
CTSS	FCER1G	552
CTSS	ACE	460
CTSS	CCR5	460
CTSS	VCAM1	438
CTSS	ALB	522
CTSS	ANXA5	449
CTSS	TLR3	487
CTSS	MMP3	711
CTSS	ANPEP	402
CTSS	NOD2	400
CTSS	CLEC7A	554
CTSS	HSPA4	429
CTSS	CXCL10	495
CTSS	FOS	528
CTSS	CXCL8	534
CTSS	CYCS	549
CTSS	PLG	607
CTSS	CASP3	620
CTSS	TLR8	610
CTSS	CD209	421
CTSS	CALR	468
CTSS	MMP1	474
CTSS	CSF1	460
CTSS	CASP9	469
CTSS	CD86	576
CTSS	NLRP3	494
CTSS	FN1	554
CTSS	CX3CR1	509
CTSS	CASP8	556
CTSS	TLR9	670
CTSS	STAT1	440
CTSS	CXCL9	401
CTSS	TLR1	553
CTSS	BECN1	502
CTSS	AGT	493
CTSS	PTGS2	406
CTSS	SYK	429
CTSS	MCL1	478
CTSS	BTK	494
CTSS	BCL2L1	936
CTSS	TNF	652
CTSS	CXCR4	462
CTSS	XIAP	745
CTSS	INS	427
CTSS	BCL2	946
CTSS	PECAM1	465
CTSS	TNFSF13B	500
CTSS	ACTB	463
CTSS	GAPDH	519
CTSS	AIF1	562
CTSS	CD48	486
CTSS	CREB1	923
CTSS	CCL4	425
CTSS	SPP1	454
CTSS	JUN	618
CTSS	ITGB2	724
CTSS	SRC	410
CTSS	TLR7	706
CTSS	SQSTM1	494
CTSS	IL6	616
CTSS	PLAU	587
CTSS	CXCL12	433
CTSS	MMP9	874
CTSS	AKT1	483
CTSS	IL33	522
CTSS	CD8A	571
CTSS	HSPA8	412
CTSS	CXCL1	405
CTSS	ACE2	767
CTSS	CD40	417
CTSS	PTPRC	762
CTSS	TLR4	626
CTSS	LYN	455
CTSS	MRC1	464
CTSS	CYBB	625
CTSS	CD1D	629
FOXP3	CD4	979
FOXP3	TNFRSF1A	532
FOXP3	LAG3	807
FOXP3	IL2RB	655
FOXP3	GZMB	823
FOXP3	NFKBIA	451
FOXP3	CCL22	872
FOXP3	CCL17	753
FOXP3	RELB	449
FOXP3	TGFB1	865
FOXP3	CD79A	427
FOXP3	HGF	400
FOXP3	MPO	485
FOXP3	CSF3	570
FOXP3	CCL2	669
FOXP3	CD38	682
FOXP3	NFKB1	744
FOXP3	SPI1	466
FOXP3	IL10RA	616
FOXP3	CD69	823
FOXP3	IFNG	982
FOXP3	HBEGF	507
FOXP3	IL4	925
FOXP3	IL5	806
FOXP3	TGFB3	526
FOXP3	KLRK1	611
FOXP3	CCR7	802
FOXP3	CD68	850
FOXP3	APOE	471
FOXP3	LGALS3	418
FOXP3	KRAS	490
FOXP3	NT5E	706
FOXP3	MDM2	527
FOXP3	CCL21	530
FOXP3	TLR2	663
FOXP3	SCARB1	413
FOXP3	CDH1	460
FOXP3	SMAD2	697
FOXP3	CD33	573
FOXP3	MAPK3	474
FOXP3	ITGAE	865
FOXP3	EP300	891
FOXP3	IL1A	669
FOXP3	IL1B	843
FOXP3	EPCAM	482
FOXP3	IL7	677
FOXP3	CD80	909
FOXP3	STAT3	984
FOXP3	ICAM1	590
FOXP3	SCARB2	417
FOXP3	ZAP70	720
FOXP3	LEF1	605
FOXP3	EGF	418
FOXP3	NRP1	603
FOXP3	CD27	746
FOXP3	IRF8	501
FOXP3	TP53	569
FOXP3	ERBB2	571
FOXP3	IFNAR1	416
FOXP3	FCGR2A	720
FOXP3	IL9	792
FOXP3	IFNA1	623
FOXP3	IL18	637
FOXP3	CSF1R	573
FOXP3	CXCL13	588
FOXP3	PPARG	873
FOXP3	KIT	529
FOXP3	NCR1	643
FOXP3	CXCR5	843
FOXP3	CCR5	701
FOXP3	STAT5B	748
FOXP3	VCAM1	509
FOXP3	REL	882
FOXP3	ALB	677
FOXP3	CXCL5	408
FOXP3	ANXA5	609
FOXP3	IL15	807
FOXP3	ITGA2	592
FOXP3	TLR3	555
FOXP3	IL3	494
FOXP3	RAG1	813
FOXP3	RUNX1	999
FOXP3	NOD2	494
FOXP3	CCL11	448
FOXP3	CLEC7A	614
FOXP3	HSPA4	794
FOXP3	IL13	808
FOXP3	CXCL10	686
FOXP3	IL7R	871
FOXP3	CXCL8	626
FOXP3	CXCL11	517
FOXP3	CCL19	510
FOXP3	CD34	585
FOXP3	CASP3	522
FOXP3	HAVCR2	787
FOXP3	TLR8	473
FOXP3	AOC3	783
FOXP3	CD19	839
FOXP3	CD209	501
FOXP3	ICOS	881
FOXP3	CXCR2	453
FOXP3	CD276	729
FOXP3	CALR	400
FOXP3	HSPA5	491
FOXP3	CD28	935
FOXP3	NOS2	475
FOXP3	CSF1	544
FOXP3	IL3RA	571
FOXP3	SOCS3	524
FOXP3	SELE	427
FOXP3	CD86	903
FOXP3	SMAD3	805
FOXP3	H3C13	405
FOXP3	PDCD1	799
FOXP3	NLRP3	421
FOXP3	IL21R	690
FOXP3	KLRD1	499
FOXP3	FOXO3	459
FOXP3	STAT5A	748
FOXP3	SMAD4	426
FOXP3	CD5	700
FOXP3	CCR6	767
FOXP3	E2F1	546
FOXP3	FN1	444
FOXP3	ITGAL	493
FOXP3	ARG1	687
FOXP3	CCRL2	727
FOXP3	CX3CR1	589
FOXP3	STAT4	653
FOXP3	CCL20	604
FOXP3	DNMT1	693
FOXP3	TLR9	631
FOXP3	STAT1	849
FOXP3	MTOR	577
FOXP3	CD3E	716
FOXP3	CD247	698
FOXP3	CXCL9	648
FOXP3	TLR1	446
FOXP3	CD47	446
FOXP3	H3-4	400
FOXP3	TGFB2	546
FOXP3	CR2	598
FOXP3	PTGS2	505
FOXP3	FASLG	679
FOXP3	IFNGR1	433
FOXP3	CD1C	640
FOXP3	IL6R	664
FOXP3	PRDM1	607
FOXP3	FCGR1A	545
FOXP3	CD2	613
FOXP3	ENTPD1	777
FOXP3	JUN	481
FOXP3	PTEN	523
FOXP3	CD40	777
FOXP3	MMP9	529
FOXP3	HDAC1	909
FOXP3	SRC	401
FOXP3	CXCR3	846
FOXP3	TLR4	680
FOXP3	AR	581
FOXP3	TNFSF13B	550
FOXP3	AIF1	523
FOXP3	BCL2L1	456
FOXP3	ACTB	606
FOXP3	GAPDH	630
FOXP3	IGF1	585
FOXP3	ITGA4	670
FOXP3	IL4R	571
FOXP3	IDO1	879
FOXP3	ETS1	451
FOXP3	SELL	862
FOXP3	PECAM1	596
FOXP3	BCL2	729
FOXP3	INS	612
FOXP3	CXCR4	731
FOXP3	NFATC1	746
FOXP3	TNF	909
FOXP3	CTLA4	976
FOXP3	ESR1	461
FOXP3	CXCR6	701
FOXP3	CXCL2	458
FOXP3	IL12RB1	505
FOXP3	SPN	478
FOXP3	IL6	913
FOXP3	SLAMF1	442
FOXP3	CD83	607
FOXP3	EOMES	681
FOXP3	IL17A	953
FOXP3	TLR7	611
FOXP3	RELA	825
FOXP3	H3-7	405
FOXP3	IRF4	896
FOXP3	HIF1A	988
FOXP3	ERV3-1	400
FOXP3	GATA3	898
FOXP3	CREB1	446
FOXP3	CCL4	586
FOXP3	ERVFRD-1	400
FOXP3	PAX6	465
FOXP3	CXCL1	547
FOXP3	BCL6	800
FOXP3	SDC1	589
FOXP3	IL33	651
FOXP3	BCL2L11	473
FOXP3	CD8A	948
FOXP3	HSPA8	405
FOXP3	ERVW-1	400
FOXP3	IL1R1	520
FOXP3	IFNB1	581
FOXP3	SLC2A1	418
FOXP3	SIRPA	497
FOXP3	PDCD1LG2	738
FOXP3	FAS	609
FOXP3	CD274	912
FOXP3	BRAF	433
FOXP3	CXCL12	580
FOXP3	AKT1	623
FOXP3	TFRC	603
FOXP3	MRC1	677
FOXP3	CD1D	722
FOXP3	JAK3	497
FOXP3	SOCS1	561
FOXP3	CD24	618
FOXP3	NCAM1	708
FOXP3	JAK1	482
FOXP3	PTPRC	879
FOXP3	CTNNB1	659
FOXP3	HLA-A	679
FOXP3	TLR5	491
FOXP3	NOTCH1	401
FOXP3	GPT	435
FOXP3	IL22	779
ABL1	CD4	525
ABL1	MAPK1	724
ABL1	NFKBIA	569
ABL1	TGFB1	447
ABL1	CD79A	431
ABL1	MPO	485
ABL1	CSF3	683
ABL1	RPS6KB1	606
ABL1	CD38	594
ABL1	NFKB1	490
ABL1	CCND1	742
ABL1	CDKN1B	746
ABL1	IFNG	423
ABL1	IL4	553
ABL1	FLT3	495
ABL1	PLCG1	479
ABL1	SNAI1	609
ABL1	EPO	497
ABL1	H3-3B	476
ABL1	KRAS	703
ABL1	CDK4	729
ABL1	MDM2	896
ABL1	CCND2	710
ABL1	CDH1	433
ABL1	PDGFRB	580
ABL1	SMAD2	454
ABL1	CD33	631
ABL1	AXIN1	407
ABL1	EP300	673
ABL1	IL7	612
ABL1	PIK3CA	763
ABL1	CBL	996
ABL1	STAT3	664
ABL1	EGF	517
ABL1	CDK2	530
ABL1	ERBB3	621
ABL1	TP53	909
ABL1	ERBB2	731
ABL1	IFNA1	624
ABL1	ATM	988
ABL1	MYCN	431
ABL1	FLT1	459
ABL1	CSF1R	528
ABL1	KIT	664
ABL1	STAT5B	983
ABL1	VCAM1	482
ABL1	ALB	436
ABL1	ANXA5	608
ABL1	IL3	764
ABL1	NPM1	704
ABL1	ANPEP	575
ABL1	RUNX1	871
ABL1	HSPA4	722
ABL1	IRS1	566
ABL1	FOS	610
ABL1	CYCS	478
ABL1	TERT	603
ABL1	CD34	783
ABL1	CASP3	608
ABL1	CD19	609
ABL1	CALR	643
ABL1	IL3RA	418
ABL1	CASP9	629
ABL1	SOCS3	779
ABL1	SMAD3	440
ABL1	H3C13	468
ABL1	HSP90AA1	983
ABL1	CAV1	649
ABL1	FOXO3	492
ABL1	H3-5	468
ABL1	STAT5A	980
ABL1	SMAD4	516
ABL1	ERBB4	687
ABL1	CD5	445
ABL1	E2F1	437
ABL1	FYN	949
ABL1	FN1	963
ABL1	NF1	545
ABL1	CASP8	471
ABL1	H3C12	473
ABL1	DNMT1	432
ABL1	STAT1	699
ABL1	MTOR	692
ABL1	BECN1	873
ABL1	H3-4	468
ABL1	PARP1	789
ABL1	MCL1	753
ABL1	CD2	439
ABL1	NRAS	704
ABL1	DNTT	638
ABL1	XIAP	641
ABL1	JUN	784
ABL1	RUNX2	823
ABL1	HSP90AB1	930
ABL1	PTEN	650
ABL1	RELA	435
ABL1	IFNA2	607
ABL1	SRC	680
ABL1	ITGB2	405
ABL1	IL6	529
ABL1	SQSTM1	496
ABL1	LOC102723407	666
ABL1	FOXO1	441
ABL1	KITLG	702
ABL1	CREB1	478
ABL1	HDAC1	415
ABL1	CEBPA	570
ABL1	HIF1A	500
ABL1	H3-7	468
ABL1	CSF3R	689
ABL1	TNFSF13B	544
ABL1	BCL2	673
ABL1	INS	444
ABL1	GAPDH	521
ABL1	ACTB	554
ABL1	IGF1R	525
ABL1	SYK	597
ABL1	ESR1	543
ABL1	BRCA1	956
ABL1	SHC1	991
ABL1	CDKN1A	878
ABL1	BCL2L1	722
ABL1	AR	511
ABL1	SOS1	745
ABL1	PIK3CD	403
ABL1	CXCR4	417
ABL1	TNF	479
ABL1	NCAM1	422
ABL1	LYN	467
ABL1	WT1	611
ABL1	MAPK8	473
ABL1	VAV1	766
ABL1	PTPRC	573
ABL1	JAK1	482
ABL1	TGFBR1	494
ABL1	SOCS1	757
ABL1	PTPN6	437
ABL1	CDKN2A	763
ABL1	PIK3R1	832
ABL1	NOTCH1	641
ABL1	NTRK1	958
ABL1	CTNNB1	949
ABL1	HSPA8	482
ABL1	CD8A	509
ABL1	BCL2L11	542
ABL1	BCL6	463
ABL1	RHOA	476
ABL1	CDK1	454
ABL1	CD274	432
ABL1	AKT1	409
ABL1	PTPN11	603
ABL1	CXCL12	462
ABL1	SLC2A1	566
SELE	CX3CL1	642
SELE	CD4	756
SELE	CDH17	597
SELE	TNFRSF1A	655
SELE	GZMB	535
SELE	NFKBIA	607
SELE	TIMP1	434
SELE	MMP2	492
SELE	CCL17	450
SELE	RELB	425
SELE	TGFB1	526
SELE	SERPINE1	692
SELE	MPO	743
SELE	CSF3	716
SELE	CCL2	810
SELE	CD38	636
SELE	NFKB1	589
SELE	CD69	408
SELE	IFNG	693
SELE	IL4	602
SELE	IL5	475
SELE	TNFSF10	551
SELE	CCR7	645
SELE	CD68	478
SELE	APOE	616
SELE	LGALS3	411
SELE	CCL21	482
SELE	TLR2	535
SELE	THBS1	455
SELE	ITGAV	596
SELE	VWF	806
SELE	SCARB1	710
SELE	CDH1	605
SELE	CD33	649
SELE	ITGA2B	526
SELE	MAPK3	423
SELE	EP300	447
SELE	IL1A	722
SELE	IL1B	804
SELE	EPCAM	485
SELE	KDR	620
SELE	CD80	423
SELE	FGF2	519
SELE	STAT3	449
SELE	ICAM1	949
SELE	SCARB2	709
SELE	EGF	485
SELE	FGF7	404
SELE	IFNA1	400
SELE	IL18	533
SELE	FLT1	504
SELE	PPARG	478
SELE	ACE	774
SELE	CCR5	664
SELE	VCAM1	979
SELE	REL	466
SELE	CXCR1	553
SELE	ALB	591
SELE	CXCL5	434
SELE	ANXA5	455
SELE	IL15	405
SELE	TLR3	445
SELE	RAG1	454
SELE	MMP3	490
SELE	CCL11	674
SELE	IL13	481
SELE	CXCL10	590
SELE	CXCL8	851
SELE	CXCL11	455
SELE	CYCS	551
SELE	CCL19	455
SELE	PLG	523
SELE	CD34	953
SELE	CASP3	460
SELE	LEP	507
SELE	ANGPT2	598
SELE	CXCR2	492
SELE	MMP1	469
SELE	NOS2	476
SELE	CX3CR1	411
SELE	CXCR4	565
SELE	TNF	872
SELE	CD86	429
SELE	ACTB	452
SELE	CD9	533
SELE	GAPDH	469
SELE	ITGA4	725
SELE	AGT	544
SELE	SELL	988
SELE	CXCR3	619
SELE	PECAM1	959
SELE	BCL2	540
SELE	INS	596
SELE	HIF1A	451
SELE	TEK	564
SELE	CCL4	540
SELE	FN1	726
SELE	CXCL2	515
SELE	CXCL9	525
SELE	SPN	988
SELE	IL6	884
SELE	ADIPOQ	586
SELE	SPP1	671
SELE	JUN	483
SELE	IL17A	577
SELE	BDNF	434
SELE	SRC	421
SELE	TLR7	427
SELE	EDN1	672
SELE	ITGB2	993
SELE	RELA	623
SELE	IL1R1	406
SELE	ENG	687
SELE	MMP9	650
SELE	CXCL12	727
SELE	PTPN11	436
SELE	AKT1	538
SELE	CXCL1	632
SELE	SDC1	477
SELE	IL33	444
SELE	ITGB1	694
SELE	CD8A	600
SELE	CCRL2	437
SELE	ITGAL	858
SELE	CD40	482
SELE	CCL20	481
SELE	GPT	535
SELE	CYBB	452
SELE	PTGS2	581
SELE	ANGPT1	532
SELE	CD24	899
SELE	TLR4	646
SELE	PTPRC	592
SELE	LYN	468
IL1R1	CX3CL1	446
IL1R1	CD4	743
IL1R1	TNFRSF1A	921
IL1R1	IL2RB	558
IL1R1	GZMB	590
IL1R1	NFKBIA	694
IL1R1	CCL22	429
IL1R1	RELB	415
IL1R1	TGFB1	514
IL1R1	PIK3R2	477
IL1R1	CSF3	600
IL1R1	CCL2	682
IL1R1	NFKB1	817
IL1R1	CCND1	430
IL1R1	IL10RA	669
IL1R1	IFNG	726
IL1R1	IL4	804
IL1R1	IL5	803
IL1R1	TGFB3	401
IL1R1	EGR1	537
IL1R1	TNFSF10	569
IL1R1	LIF	671
IL1R1	CD68	419
IL1R1	TLR2	867
IL1R1	PDGFRB	459
IL1R1	MAPK3	421
IL1R1	IL1A	999
IL1R1	IL1B	999
IL1R1	IL7	695
IL1R1	CD80	654
IL1R1	STAT3	807
IL1R1	ICAM1	811
IL1R1	IFNAR1	679
IL1R1	FCGR2A	409
IL1R1	IL9	528
IL1R1	IFNA1	703
IL1R1	IL18	965
IL1R1	CSF1R	547
IL1R1	PPARG	403
IL1R1	KIT	409
IL1R1	CCR5	436
IL1R1	VCAM1	452
IL1R1	REL	430
IL1R1	CXCR1	436
IL1R1	CXCL5	457
IL1R1	IL15	731
IL1R1	TLR3	832
IL1R1	IL3	622
IL1R1	MMP3	400
IL1R1	NOD2	568
IL1R1	CCL11	674
IL1R1	CLEC7A	488
IL1R1	IL13	761
IL1R1	CXCL10	610
IL1R1	IL7R	690
IL1R1	FOS	417
IL1R1	CXCL8	870
IL1R1	TLR8	675
IL1R1	CD19	409
IL1R1	ICOS	668
IL1R1	CXCR2	490
IL1R1	CD28	568
IL1R1	CSF1	807
IL1R1	SOCS3	493
IL1R1	PDGFB	526
IL1R1	CD86	750
IL1R1	NLRP3	806
IL1R1	IL21R	501
IL1R1	CCR6	681
IL1R1	ARG1	469
IL1R1	CCRL2	708
IL1R1	CX3CR1	442
IL1R1	CASP8	443
IL1R1	CCL20	540
IL1R1	TLR9	801
IL1R1	STAT1	567
IL1R1	CXCL9	491
IL1R1	TLR1	763
IL1R1	PTGS2	569
IL1R1	FASLG	590
IL1R1	IFNGR1	664
IL1R1	IL6R	834
IL1R1	JUN	603
IL1R1	CD40	667
IL1R1	MMP9	492
IL1R1	CSF3R	450
IL1R1	ENG	464
IL1R1	SRC	541
IL1R1	CXCR3	418
IL1R1	TLR4	944
IL1R1	SYK	420
IL1R1	TNFSF13B	439
IL1R1	AIF1	404
IL1R1	GATA3	404
IL1R1	IFNA2	402
IL1R1	IFNB1	747
IL1R1	TLR7	762
IL1R1	IRF4	454
IL1R1	SDC1	428
IL1R1	IL33	990
IL1R1	CXCL1	737
IL1R1	IL4R	699
IL1R1	CXCL12	651
IL1R1	GAPDH	447
IL1R1	INS	412
IL1R1	RELA	446
IL1R1	IL6	997
IL1R1	TNF	996
IL1R1	CXCR4	421
IL1R1	IKBKB	569
IL1R1	ACTB	447
IL1R1	HIF1A	434
IL1R1	CREB1	537
IL1R1	CCL4	587
IL1R1	IL12RB1	636
IL1R1	CXCL2	647
IL1R1	BDNF	468
IL1R1	IL17A	723
IL1R1	FAS	512
IL1R1	AKT1	460
IL1R1	CD8A	583
IL1R1	TLR5	838
IL1R1	PIK3R1	722
IL1R1	IL22	607
IL1R1	MRC1	444
IL1R1	SOCS1	532
IL1R1	TNFAIP3	419
IL1R1	JAK1	432
IL1R1	PTPRC	510
IL1R1	VAV1	479
IL1R1	LYN	415
EPAS1	SNAI2	486
EPAS1	MMP2	496
EPAS1	TGFB1	459
EPAS1	SERPINE1	670
EPAS1	RPS6KB1	441
EPAS1	CCL2	414
EPAS1	NFKB1	465
EPAS1	CCND1	507
EPAS1	NANOG	871
EPAS1	LOX	664
EPAS1	NR3C1	718
EPAS1	TWIST1	639
EPAS1	SNAI1	530
EPAS1	EPO	939
EPAS1	JAG1	405
EPAS1	KRAS	420
EPAS1	POU5F1	955
EPAS1	VWF	531
EPAS1	CDH1	497
EPAS1	PDGFRB	475
EPAS1	SMAD2	787
EPAS1	MAPK3	450
EPAS1	EP300	998
EPAS1	IL1B	513
EPAS1	SQSTM1	473
EPAS1	EGF	435
EPAS1	ARG1	627
EPAS1	IL6	568
EPAS1	EDN1	661
EPAS1	SRC	417
EPAS1	HSPA4	675
EPAS1	STAT3	597
EPAS1	SPP1	401
EPAS1	NFE2L2	440
EPAS1	HSP90AB1	791
EPAS1	TP53	736
EPAS1	JUN	716
EPAS1	SMAD4	655
EPAS1	KDR	637
EPAS1	TEK	601
EPAS1	NF1	506
EPAS1	SOCS3	475
EPAS1	HIF1A	998
EPAS1	FN1	669
EPAS1	HDAC1	500
EPAS1	HSP90AA1	845
EPAS1	CREB1	620
EPAS1	FOXO1	469
EPAS1	SMAD3	801
EPAS1	IGF1	641
EPAS1	IGF1R	432
EPAS1	HNF4A	667
EPAS1	UBB	523
EPAS1	PROM1	532
EPAS1	ACTB	595
EPAS1	CASP3	487
EPAS1	GAPDH	532
EPAS1	INS	634
EPAS1	ICAM1	554
EPAS1	BCL2	463
EPAS1	PECAM1	492
EPAS1	CAV1	400
EPAS1	AGT	438
EPAS1	STAT5A	413
EPAS1	RUNX2	402
EPAS1	ETS1	579
EPAS1	TNF	461
EPAS1	CXCR4	506
EPAS1	PIK3CA	459
EPAS1	MYCN	426
EPAS1	STAT1	578
EPAS1	UBA52	499
EPAS1	IKBKB	520
EPAS1	ESR2	569
EPAS1	ESR1	724
EPAS1	MET	462
EPAS1	PPARA	526
EPAS1	TGFBR1	562
EPAS1	KIT	427
EPAS1	PTGS2	432
EPAS1	ERBB2	435
EPAS1	ANGPT1	464
EPAS1	KLF4	704
EPAS1	PPARG	534
EPAS1	FGF7	402
EPAS1	FGF2	499
EPAS1	PPARGC1A	440
EPAS1	CTNNB1	750
EPAS1	TGFA	498
EPAS1	SEM1	400
EPAS1	NOTCH1	653
EPAS1	CDKN2A	533
EPAS1	CD34	436
EPAS1	SOX2	874
EPAS1	ANGPT2	523
EPAS1	PTEN	553
EPAS1	MMP3	467
EPAS1	NRP1	404
EPAS1	FOXO3	487
EPAS1	VEGFC	471
EPAS1	ENG	458
EPAS1	SLC2A1	888
EPAS1	PDGFB	424
EPAS1	RPS27A	520
EPAS1	CXCL12	521
EPAS1	MMP9	508
EPAS1	TFRC	518
EPAS1	AKT1	681
EPAS1	CXCL8	450
EPAS1	MTOR	728
EPAS1	CD274	444
EPAS1	FLT1	632
CXCR2	CX3CL1	915
CXCR2	CD74	994
CXCR2	CD4	642
CXCR2	TNFRSF1A	457
CXCR2	GZMB	451
CXCR2	TIMP1	611
CXCR2	MMP2	437
CXCR2	CCL22	833
CXCR2	CCL17	821
CXCR2	TGFB1	485
CXCR2	MPO	632
CXCR2	CSF3	645
CXCR2	CCL2	997
CXCR2	COL1A1	502
CXCR2	NFKB1	482
CXCR2	IFNG	717
CXCR2	IL4	547
CXCR2	IL5	634
CXCR2	CCR7	782
CXCR2	CD68	439
CXCR2	KRAS	429
CXCR2	PDGFRA	559
CXCR2	CCL21	939
CXCR2	TLR2	832
CXCR2	PDGFRB	552
CXCR2	CD33	497
CXCR2	MAPK3	465
CXCR2	IL1A	731
CXCR2	IL1B	837
CXCR2	KDR	440
CXCR2	CD80	472
CXCR2	FGF2	417
CXCR2	WNT5A	424
CXCR2	STAT3	601
CXCR2	ICAM1	596
CXCR2	EGF	431
CXCR2	TP53	446
CXCR2	FCGR2A	495
CXCR2	IFNA1	400
CXCR2	IL18	481
CXCR2	FLT1	621
CXCR2	CSF1R	589
CXCR2	CXCL13	997
CXCR2	KIT	410
CXCR2	CXCR5	841
CXCR2	CCR5	925
CXCR2	VCAM1	535
CXCR2	CXCR1	999
CXCR2	CXCL5	999
CXCR2	IL15	642
CXCR2	MMP3	591
CXCR2	ANPEP	644
CXCR2	CCL11	907
CXCR2	MAP2K1	508
CXCR2	CLEC7A	451
CXCR2	IL13	678
CXCR2	CXCL10	992
CXCR2	CXCL8	999
CXCR2	CXCL11	942
CXCR2	CCL19	939
CXCR2	CD34	447
CXCR2	HAVCR2	426
CXCR2	TLR8	453
CXCR2	CD19	415
CXCR2	CXCL12	998
CXCR2	MMP9	780
CXCR2	TLR9	413
CXCR2	AKT1	562
CXCR2	CD274	708
CXCR2	CSF1	692
CXCR2	IFNB1	407
CXCR2	CD8A	636
CXCR2	SDC1	493
CXCR2	IL33	488
CXCR2	CXCL1	999
CXCR2	IL22	402
CXCR2	CCL20	949
CXCR2	CD40	441
CXCR2	ITGAL	639
CXCR2	CCRL2	578
CXCR2	FCGR1A	421
CXCR2	TLR4	807
CXCR2	PTPRC	603
CXCR2	PTGS2	685
CXCR2	JAK3	724
CXCR2	MRC1	402
CXCR2	STAT1	437
CXCR2	CD86	474
CXCR2	CTLA4	483
CXCR2	CXCR6	730
CXCR2	CXCR4	992
CXCR2	MMP1	589
CXCR2	TNF	862
CXCR2	CX3CR1	735
CXCR2	PDCD1	407
CXCR2	NLRP3	401
CXCR2	PECAM1	550
CXCR2	CXCR3	860
CXCR2	AGT	743
CXCR2	IDO1	470
CXCR2	SELL	816
CXCR2	GAPDH	434
CXCR2	FN1	418
CXCR2	CCL4	977
CXCR2	SMAD3	536
CXCR2	CSF3R	668
CXCR2	HIF1A	450
CXCR2	SRC	709
CXCR2	ITGB2	702
CXCR2	SMAD4	445
CXCR2	IL6R	685
CXCR2	IL17A	625
CXCR2	CCR6	701
CXCR2	CXCL2	999
CXCR2	CXCL9	974
CXCR2	IL6	812
CXCR2	ARG1	571
MRC1	CX3CL1	627
MRC1	CD74	523
MRC1	CD4	757
MRC1	LAG3	411
MRC1	GZMB	511
MRC1	NFKBIA	428
MRC1	TIMP1	536
MRC1	CCL22	636
MRC1	CCL17	620
MRC1	RELB	455
MRC1	TGFB1	600
MRC1	MPO	436
MRC1	CSF3	400
MRC1	CCL2	827
MRC1	CD38	428
MRC1	NFKB1	467
MRC1	SPI1	453
MRC1	IL10RA	413
MRC1	CD69	552
MRC1	IFNG	790
MRC1	IL4	874
MRC1	IL5	446
MRC1	CCR7	739
MRC1	CD68	877
MRC1	APOE	533
MRC1	GFAP	439
MRC1	LGALS3	541
MRC1	TLR2	638
MRC1	VWF	410
MRC1	SCARB1	646
MRC1	CD33	494
MRC1	TYROBP	509
MRC1	ITGAE	520
MRC1	IL1A	596
MRC1	IL1B	812
MRC1	KDR	415
MRC1	CD80	785
MRC1	STAT3	582
MRC1	ICAM1	522
MRC1	SCARB2	647
MRC1	IRF8	468
MRC1	FCGR2A	717
MRC1	IL18	687
MRC1	CSF1R	773
MRC1	PPARG	730
MRC1	CCR5	594
MRC1	VCAM1	473
MRC1	ALB	721
MRC1	ANXA5	448
MRC1	TLR3	428
MRC1	IL13	840
MRC1	CXCL10	639
MRC1	IL7R	408
MRC1	CXCL8	551
MRC1	CXCL11	422
MRC1	CD34	469
MRC1	CASP3	437
MRC1	HAVCR2	500
MRC1	TLR8	475
MRC1	AOC3	457
MRC1	CD19	581
MRC1	CD209	454
MRC1	CD276	453
MRC1	NOS2	656
MRC1	CSF1	723
MRC1	SOCS3	457
MRC1	CD86	871
MRC1	PDCD1	582
MRC1	NLRP3	443
MRC1	PDGFA	452
MRC1	ARG1	881
MRC1	CX3CR1	682
MRC1	TLR9	460
MRC1	STAT1	573
MRC1	CD3E	456
MRC1	CXCL9	564
MRC1	CD47	591
MRC1	PTGS2	514
MRC1	CD1C	603
MRC1	FCGR1A	835
MRC1	ENTPD1	425
MRC1	CD40	629
MRC1	TLR4	790
MRC1	AIF1	758
MRC1	CYBB	495
MRC1	CD83	553
MRC1	TEK	452
MRC1	IFNB1	416
MRC1	TLR7	487
MRC1	IRF4	523
MRC1	IL33	512
MRC1	CD274	627
MRC1	CD9	447
MRC1	IGF1	552
MRC1	SPP1	411
MRC1	CXCL1	532
MRC1	IL4R	598
MRC1	CXCL12	494
MRC1	GAPDH	628
MRC1	INS	471
MRC1	PDCD1LG2	486
MRC1	ITGB2	449
MRC1	IL6	782
MRC1	CD8A	725
MRC1	CXCR4	489
MRC1	ADIPOQ	432
MRC1	TNF	790
MRC1	PTPRC	802
MRC1	CXCL2	416
MRC1	IDO1	560
MRC1	HIF1A	484
MRC1	CD63	447
MRC1	AKT1	482
MRC1	SIRPA	579
MRC1	CD1D	490
MRC1	SOCS1	400
MRC1	NCAM1	431
MRC1	CTLA4	491
MRC1	ACTB	587
MRC1	PECAM1	663
MRC1	SELL	713
MRC1	CCL4	534
MRC1	IL12RB1	406
MRC1	IL17A	576
CD1C	CD74	437
CD1C	CD4	889
CD1C	GZMB	541
CD1C	CCL22	457
CD1C	CCL17	503
CD1C	TGFB1	435
CD1C	CD79A	662
CD1C	MPO	522
CD1C	CCL2	487
CD1C	CD38	641
CD1C	SPI1	494
CD1C	CD69	630
CD1C	IFNG	810
CD1C	IL4	743
CD1C	IL5	456
CD1C	KLRK1	507
CD1C	FLT3	473
CD1C	CCR7	729
CD1C	CD68	888
CD1C	CCL21	464
CD1C	TLR2	543
CD1C	SCARB1	424
CD1C	CD33	684
CD1C	ITGAE	632
CD1C	IL1A	438
CD1C	IL1B	627
CD1C	IL7	486
CD1C	CD80	814
CD1C	ICAM1	559
CD1C	SCARB2	438
CD1C	NRP1	760
CD1C	CD27	597
CD1C	IRF8	615
CD1C	FCGR2A	505
CD1C	IFNA1	605
CD1C	IL18	433
CD1C	CSF1R	623
CD1C	KIT	582
CD1C	FCER1G	413
CD1C	NCR1	435
CD1C	CXCR5	458
CD1C	CCR5	680
CD1C	IL15	502
CD1C	TLR3	526
CD1C	IL3	427
CD1C	ANPEP	593
CD1C	CLEC7A	457
CD1C	IL13	517
CD1C	CXCL10	500
CD1C	IL7R	649
CD1C	CXCL8	514
CD1C	CXCL11	593
CD1C	CCL19	512
CD1C	CD34	726
CD1C	HAVCR2	426
CD1C	TLR8	520
CD1C	CD19	780
CD1C	CD209	861
CD1C	ICOS	457
CD1C	CD276	559
CD1C	CD28	560
CD1C	CSF1	434
CD1C	IL3RA	874
CD1C	CD86	856
CD1C	PDCD1	449
CD1C	KLRD1	474
CD1C	CD5	794
CD1C	CCR6	725
CD1C	FN1	510
CD1C	ITGAL	513
CD1C	CCRL2	537
CD1C	CX3CR1	482
CD1C	CCL20	456
CD1C	TLR9	573
CD1C	CD3E	760
CD1C	CD247	653
CD1C	CXCL9	433
CD1C	TLR1	465
CD1C	CR2	689
CD1C	GATA3	440
CD1C	IRF4	553
CD1C	CCL4	472
CD1C	CD48	439
CD1C	CD83	942
CD1C	IL6	618
CD1C	SPN	479
CD1C	ITGB2	492
CD1C	TLR7	614
CD1C	IL17A	594
CD1C	TNF	697
CD1C	CXCR4	489
CD1C	CTLA4	539
CD1C	CD9	611
CD1C	CXCR3	481
CD1C	PECAM1	457
CD1C	SELL	528
CD1C	IDO1	525
CD1C	CD40	751
CD1C	IL22	488
CD1C	CD1D	640
CD1C	PTPRC	741
CD1C	TLR4	558
CD1C	FCGR1A	605
CD1C	NCAM1	727
CD1C	CD24	413
CD1C	PDCD1LG2	408
CD1C	SIRPA	665
CD1C	IFNB1	409
CD1C	CD2	838
CD1C	BRAF	519
CD1C	CD274	584
CD1C	DNTT	590
CD1C	CD8A	856
CD1C	SDC1	462
CD276	CD4	877
CD276	TNFRSF1A	479
CD276	LAG3	734
CD276	GZMB	607
CD276	CCL22	422
CD276	CCL17	434
CD276	TGFB1	499
CD276	CSF3	401
CD276	CCL2	523
CD276	CD38	486
CD276	NFKB1	480
CD276	CD69	623
CD276	IFNG	780
CD276	IL4	814
CD276	IL5	553
CD276	KLRK1	583
CD276	CCR7	622
CD276	CD68	607
CD276	NT5E	525
CD276	CCL21	401
CD276	TLR2	549
CD276	THBS1	497
CD276	CD33	446
CD276	ITGAE	702
CD276	IL1A	542
CD276	IL1B	597
CD276	CD81	587
CD276	IL7	506
CD276	CD80	987
CD276	STAT3	534
CD276	ICAM1	594
CD276	ZAP70	668
CD276	CD27	798
CD276	ERBB2	501
CD276	IFNAR1	446
CD276	FCGR2A	438
CD276	IL9	411
CD276	IFNA1	580
CD276	IL18	476
CD276	CSF1R	400
CD276	CXCR5	507
CD276	CCR5	478
CD276	IL15	587
CD276	TLR3	530
CD276	CLEC7A	501
CD276	IL13	600
CD276	CXCL10	630
CD276	IL7R	507
CD276	CXCL8	483
CD276	CCL19	420
CD276	CD34	400
CD276	HAVCR2	736
CD276	AOC3	412
CD276	CD19	656
CD276	CD209	680
CD276	ICOS	889
CD276	CD8A	873
CD276	CD247	755
CD276	BCL6	418
CD276	CD63	570
CD276	CD2	658
CD276	AKT1	483
CD276	TLR9	576
CD276	CXCL12	435
CD276	PLAU	469
CD276	CSF1	423
CD276	FAS	435
CD276	PDCD1LG2	556
CD276	SIRPA	449
CD276	IFNB1	478
CD276	PTPRC	739
CD276	TLR4	597
CD276	FCGR1A	451
CD276	CD1D	559
CD276	ENTPD1	480
CD276	FASLG	512
CD276	IL22	453
CD276	CD28	998
CD276	CD40	802
CD276	HLA-A	447
CD276	CD47	478
CD276	CCRL2	418
CD276	TNFSF13B	434
CD276	CXCR3	505
CD276	SELL	588
CD276	IDO1	677
CD276	GAPDH	422
CD276	CD9	612
CD276	CD86	988
CD276	STAT1	499
CD276	CTLA4	985
CD276	TNF	745
CD276	CXCR4	474
CD276	PDCD1	784
CD276	IL3RA	433
CD276	TLR7	524
CD276	IL17A	633
CD276	EOMES	596
CD276	CCR6	418
CD276	KLRD1	550
CD276	CD83	643
CD276	SLAMF1	572
CD276	ARG1	471
CD276	IL6	666
CD276	CXCL9	482
CD276	FN1	617
CD276	CD5	400
CD276	CCL4	421
CD276	CD48	444
CD276	GATA3	418
FGF8	CD4	421
FGF8	SNAI2	485
FGF8	CDH17	454
FGF8	FGF4	681
FGF8	NGFR	764
FGF8	FGF20	515
FGF8	FGF22	622
FGF8	MAPK1	573
FGF8	TIMP1	495
FGF8	MMP2	509
FGF8	TGFB1	816
FGF8	PIK3R2	477
FGF8	HGF	866
FGF8	SERPINE1	428
FGF8	CSF3	597
FGF8	CCL2	582
FGF8	VTN	477
FGF8	NFKB1	414
FGF8	CCND1	481
FGF8	GLI1	581
FGF8	FGF6	505
FGF8	IFNG	575
FGF8	NANOG	597
FGF8	HBEGF	638
FGF8	LOX	404
FGF8	IL4	658
FGF8	IL5	481
FGF8	TGFB3	706
FGF8	FLT3	789
FGF8	TWIST1	610
FGF8	PLCG1	612
FGF8	SNAI1	549
FGF8	BMP4	870
FGF8	LIF	621
FGF8	APOE	567
FGF8	EPO	472
FGF8	GFAP	517
FGF8	H3-3B	405
FGF8	JAG1	498
FGF8	KRAS	682
FGF8	PDGFRA	857
FGF8	NT5E	491
FGF8	POU5F1	735
FGF8	THBS1	451
FGF8	VWF	449
FGF8	CDH1	601
FGF8	PDGFRB	888
FGF8	SMAD2	520
FGF8	AXIN1	418
FGF8	MAPK3	734
FGF8	IL1A	587
FGF8	IL1B	647
FGF8	IL7	447
FGF8	KDR	926
FGF8	PIK3CA	547
FGF8	CBL	605
FGF8	FGF2	630
FGF8	WNT5A	557
FGF8	STAT3	544
FGF8	FGF10	635
FGF8	ICAM1	466
FGF8	LEF1	620
FGF8	EGF	991
FGF8	NRP1	825
FGF8	ERBB3	757
FGF8	FGF7	502
FGF8	TP53	543
FGF8	ERBB2	807
FGF8	RPS27A	518
FGF8	IL9	454
FGF8	FLT1	871
FGF8	WNT3A	784
FGF8	CSF1R	793
FGF8	PPARG	428
FGF8	KIT	848
FGF8	WNT4	529
FGF8	CALM3	601
FGF8	WNT1	802
FGF8	VCAM1	448
FGF8	ALB	755
FGF8	IL15	438
FGF8	IL3	405
FGF8	SHH	954
FGF8	MMP3	424
FGF8	AXL	465
FGF8	CCL11	448
FGF8	AXIN2	490
FGF8	CALML6	594
FGF8	IRS1	520
FGF8	IL13	522
FGF8	CXCL10	487
FGF8	FOS	426
FGF8	CXCL8	746
FGF8	PLG	506
FGF8	CD34	563
FGF8	CASP3	497
FGF8	FGF5	608
FGF8	LEP	447
FGF8	HNF4A	493
FGF8	ANGPT2	513
FGF8	CALML3	597
FGF8	MET	864
FGF8	H3-7	403
FGF8	HIF1A	577
FGF8	ERV3-1	503
FGF8	TEK	848
FGF8	KITLG	513
FGF8	CCL4	446
FGF8	SMAD3	461
FGF8	ERVFRD-1	505
FGF8	FN1	799
FGF8	PAX6	680
FGF8	H3-4	413
FGF8	FGF3	727
FGF8	ADIPOQ	594
FGF8	IL6	677
FGF8	FGFR3	999
FGF8	NGF	684
FGF8	IGF2	625
FGF8	SPP1	516
FGF8	IL17A	501
FGF8	BDNF	778
FGF8	H3C12	403
FGF8	JUN	479
FGF8	SMAD4	458
FGF8	EDN1	633
FGF8	H3C13	403
FGF8	PIK3CB	453
FGF8	SRC	507
FGF8	RELA	444
FGF8	AR	432
FGF8	TNF	653
FGF8	CXCR4	513
FGF8	FGFR1	999
FGF8	SOS1	546
FGF8	UBA52	517
FGF8	SHC1	563
FGF8	ESR2	552
FGF8	FGF1	704
FGF8	ESR1	480
FGF8	CALML4	594
FGF8	ACTB	533
FGF8	GAPDH	590
FGF8	CD9	422
FGF8	FGF16	501
FGF8	IGF1	762
FGF8	IGF1R	848
FGF8	UBB	507
FGF8	PROM1	506
FGF8	AGT	628
FGF8	RUNX2	680
FGF8	INS	820
FGF8	PECAM1	728
FGF8	BCL2	446
FGF8	CTNNB1	769
FGF8	NOTCH1	468
FGF8	PIK3R1	495
FGF8	CALML5	595
FGF8	TGFA	582
FGF8	H3-5	403
FGF8	NTRK1	901
FGF8	TGFBR1	453
FGF8	TGFB2	498
FGF8	PTGS2	441
FGF8	ANGPT1	583
FGF8	KLF4	493
FGF8	NCAM1	405
FGF8	NES	621
FGF8	FGFR2	999
FGF8	PTPRC	459
FGF8	WT1	421
FGF8	PDGFB	752
FGF8	ENG	524
FGF8	MTOR	486
FGF8	CSF1	400
FGF8	GATA4	534
FGF8	TLR9	572
FGF8	DKK1	588
FGF8	MMP9	592
FGF8	CXCL12	614
FGF8	PTPN11	618
FGF8	AKT1	659
FGF8	SOX2	650
FGF8	CXCL1	400
FGF8	PDGFA	441
FGF8	FGF9	559
FGF8	PTEN	451
FGF8	ERBB4	752
FGF8	RHOA	444
FGF8	VEGFC	533
FGF8	NRAS	610
FGF8	SDC1	759
FGF8	ITGB1	438
FGF8	BMP2	848
FGF8	ERVW-1	515
FGF8	CD8A	400
CXCR4	CX3CL1	995
CXCR4	CD74	994
CXCR4	CD4	999
CXCR4	SNAI2	651
CXCR4	TNFRSF1A	438
CXCR4	FGF4	533
CXCR4	NGFR	449
CXCR4	FGF20	511
CXCR4	LAG3	463
CXCR4	FGF22	515
CXCR4	GZMB	505
CXCR4	NFKBIA	479
CXCR4	TIMP1	452
CXCR4	MMP2	610
CXCR4	CCL22	973
CXCR4	CCL17	912
CXCR4	RELB	421
CXCR4	TGFB1	794
CXCR4	CD79A	484
CXCR4	HGF	812
CXCR4	MPO	423
CXCR4	CSF3	802
CXCR4	CCL2	998
CXCR4	COL1A1	593
CXCR4	CD38	786
CXCR4	NFKB1	734
CXCR4	SPI1	411
CXCR4	CCND1	706
CXCR4	IL10RA	458
CXCR4	CD69	701
CXCR4	GLI1	409
CXCR4	FGF6	515
CXCR4	CDKN1B	544
CXCR4	IFNG	711
CXCR4	NANOG	619
CXCR4	LOX	479
CXCR4	IL4	611
CXCR4	IL5	436
CXCR4	KLRK1	513
CXCR4	TNFSF10	423
CXCR4	FLT3	527
CXCR4	TWIST1	464
CXCR4	SNAI1	549
CXCR4	BMP4	528
CXCR4	CCR7	959
CXCR4	CD68	563
CXCR4	APOE	558
CXCR4	EPO	664
CXCR4	GFAP	506
CXCR4	LGALS3	416
CXCR4	JAG1	498
CXCR4	KRAS	466
CXCR4	NOTCH2	420
CXCR4	PDGFRA	493
CXCR4	NT5E	662
CXCR4	CCL21	999
CXCR4	POU5F1	626
CXCR4	TLR2	894
CXCR4	THBS1	461
CXCR4	VWF	632
CXCR4	SCARB1	417
CXCR4	CDH1	747
CXCR4	PDGFRB	707
CXCR4	SMAD2	468
CXCR4	CD33	541
CXCR4	ITGA2B	444
CXCR4	TYROBP	583
CXCR4	MAPK3	626
CXCR4	ITGAE	431
CXCR4	IL1A	745
CXCR4	IL1B	838
CXCR4	CD81	638
CXCR4	EPCAM	708
CXCR4	IL7	718
CXCR4	KDR	675
CXCR4	PIK3CA	466
CXCR4	CD80	716
CXCR4	FGF2	795
CXCR4	IL11	640
CXCR4	STAT3	775
CXCR4	FGF10	521
CXCR4	ICAM1	837
CXCR4	SCARB2	408
CXCR4	ZAP70	513
CXCR4	LEF1	452
CXCR4	EGF	825
CXCR4	NRP1	448
CXCR4	CD27	747
CXCR4	FGF7	554
CXCR4	IRF8	467
CXCR4	TP53	614
CXCR4	ERBB2	729
CXCR4	FCGR2A	524
CXCR4	IFNA1	540
CXCR4	IL18	478
CXCR4	FLT1	702
CXCR4	WNT3A	446
CXCR4	CSF1R	606
CXCR4	CXCL13	998
CXCR4	PPARG	452
CXCR4	KIT	833
CXCR4	CXCR5	946
CXCR4	CCR5	996
CXCR4	STAT5B	448
CXCR4	VCAM1	978
CXCR4	REL	458
CXCR4	CXCR1	857
CXCR4	ALB	615
CXCR4	CXCL5	985
CXCR4	ANXA5	541
CXCR4	IL15	550
CXCR4	TLR3	453
CXCR4	IL3	681
CXCR4	SHH	506
CXCR4	MMP3	418
CXCR4	ANPEP	455
CXCR4	RUNX1	422
CXCR4	CCL11	876
CXCR4	HSPA4	594
CXCR4	IL13	506
CXCR4	CXCL10	997
CXCR4	IL7R	589
CXCR4	FOS	478
CXCR4	CXCL8	997
CXCR4	CXCL11	994
CXCR4	CCL19	998
CXCR4	CD34	815
CXCR4	CASP3	601
CXCR4	FGF5	519
CXCR4	HAVCR2	513
CXCR4	TLR8	405
CXCR4	AOC3	408
CXCR4	CD19	818
CXCR4	ANGPT2	506
CXCR4	CD209	619
CXCR4	MET	797
CXCR4	ICOS	520
CXCR4	MMP1	469
CXCR4	SOX2	645
CXCR4	HSPA5	508
CXCR4	CD28	599
CXCR4	PGR	545
CXCR4	CSF1	766
CXCR4	IL3RA	461
CXCR4	CASP9	611
CXCR4	SOCS3	665
CXCR4	PDGFB	622
CXCR4	CD86	801
CXCR4	SMAD3	431
CXCR4	FGF3	515
CXCR4	PDCD1	531
CXCR4	HSP90AA1	746
CXCR4	IL21R	513
CXCR4	CAV1	715
CXCR4	STAT5A	483
CXCR4	CD5	530
CXCR4	ESR2	515
CXCR4	CCR6	729
CXCR4	FYN	401
CXCR4	FN1	857
CXCR4	ITGAL	811
CXCR4	ARG1	490
CXCR4	CCRL2	564
CXCR4	CX3CR1	790
CXCR4	CASP8	447
CXCR4	CCL20	958
CXCR4	TLR9	501
CXCR4	STAT1	513
CXCR4	MTOR	501
CXCR4	CD3E	427
CXCR4	CD247	679
CXCR4	CXCL9	994
CXCR4	TLR1	434
CXCR4	CD47	512
CXCR4	AGT	936
CXCR4	TGFB2	410
CXCR4	CR2	491
CXCR4	PTGS2	575
CXCR4	FASLG	477
CXCR4	NES	593
CXCR4	IL6R	697
CXCR4	MCL1	519
CXCR4	PRDM1	502
CXCR4	FCGR1A	429
CXCR4	CD2	673
CXCR4	NGF	414
CXCR4	ENTPD1	466
CXCR4	JUN	691
CXCR4	RUNX2	491
CXCR4	HSP90AB1	600
CXCR4	PTEN	580
CXCR4	CD40	750
CXCR4	MMP9	844
CXCR4	PLAU	515
CXCR4	CSF3R	490
CXCR4	ENG	609
CXCR4	SRC	864
CXCR4	CXCR3	969
CXCR4	DKK1	400
CXCR4	TLR4	824
CXCR4	KLF4	524
CXCR4	AR	597
CXCR4	SYK	514
CXCR4	TNFSF13B	525
CXCR4	AIF1	431
CXCR4	BCL2L1	660
CXCR4	BMI1	448
CXCR4	PIK3CD	510
CXCR4	CYBB	590
CXCR4	BMP2	440
CXCR4	CD83	617
CXCR4	GATA3	430
CXCR4	EDN1	484
CXCR4	FOXO1	447
CXCR4	TEK	605
CXCR4	IFNB1	469
CXCR4	TLR7	494
CXCR4	IRF4	508
CXCR4	SDC1	571
CXCR4	CD274	752
CXCR4	FGF9	507
CXCR4	CD9	509
CXCR4	ALK	512
CXCR4	TFRC	446
CXCR4	ETS1	406
CXCR4	IGF1	717
CXCR4	SPP1	753
CXCR4	CDK1	532
CXCR4	CXCL1	998
CXCR4	CXCL12	999
CXCR4	ITGB1	819
CXCR4	GAPDH	635
CXCR4	ITGA4	767
CXCR4	INS	543
CXCR4	PDCD1LG2	476
CXCR4	ITGB2	826
CXCR4	BCL2	759
CXCR4	RELA	585
CXCR4	BCL6	709
CXCR4	IL6	921
CXCR4	CD8A	903
CXCR4	CTNNB1	621
CXCR4	CDKN2A	432
CXCR4	NOTCH1	597
CXCR4	PRKCA	597
CXCR4	TGFBR1	581
CXCR4	PTPN6	481
CXCR4	TNFAIP3	433
CXCR4	SOCS1	654
CXCR4	CD1D	461
CXCR4	JAK3	914
CXCR4	NCAM1	602
CXCR4	CD24	640
CXCR4	ANGPT1	757
CXCR4	LYN	440
CXCR4	JAK1	481
CXCR4	PTPRC	933
CXCR4	SIRPA	431
CXCR4	FAS	512
CXCR4	GATA4	442
CXCR4	BRAF	412
CXCR4	PTPN11	510
CXCR4	AKT1	750
CXCR4	CD63	644
CXCR4	RHOA	608
CXCR4	VEGFC	682
CXCR4	FGF13	665
CXCR4	ERVW-1	994
CXCR4	HSPA8	471
CXCR4	ERV3-1	625
CXCR4	HIF1A	915
CXCR4	KITLG	960
CXCR4	CCL4	995
CXCR4	CREB1	403
CXCR4	CD48	486
CXCR4	ERVFRD-1	625
CXCR4	ADIPOQ	527
CXCR4	SPN	469
CXCR4	LOC102723407	479
CXCR4	CXCL2	993
CXCR4	SLAMF1	471
CXCR4	IL17A	581
CXCR4	BDNF	492
CXCR4	EOMES	410
CXCR4	TNF	814
CXCR4	CXCR6	797
CXCR4	SHC1	517
CXCR4	CTLA4	607
CXCR4	FGF1	606
CXCR4	ESR1	702
CXCR4	BTK	609
CXCR4	ACTB	602
CXCR4	PROM1	728
CXCR4	FGF16	507
CXCR4	IGF1R	697
CXCR4	SELL	803
CXCR4	IDO1	573
CXCR4	VIM	400
CXCR4	PECAM1	784
FGF20	CD4	423
FGF20	SNAI2	491
FGF20	CDH17	441
FGF20	FGF4	518
FGF20	NGFR	762
FGF20	VWF	464
FGF20	NRAS	616
FGF20	SDC1	761
FGF20	VEGFC	549
FGF20	VCAM1	475
FGF20	PIK3R2	475
FGF20	ALB	746
FGF20	IL11	413
FGF20	LIF	608
FGF20	CD8A	418
FGF20	NRP1	822
FGF20	BMP2	769
FGF20	MMP3	433
FGF20	ERVW-1	517
FGF20	WNT1	463
FGF20	CCND1	488
FGF20	ITGB1	425
FGF20	FOS	444
FGF20	FGF9	794
FGF20	PTEN	475
FGF20	ERBB4	765
FGF20	PDGFA	431
FGF20	CXCL1	421
FGF20	ANGPT2	509
FGF20	MAPK3	724
FGF20	FGF22	492
FGF20	CSF3	600
FGF20	SOX2	612
FGF20	GLI1	506
FGF20	CD34	558
FGF20	TWIST1	435
FGF20	RHOA	461
FGF20	IFNG	583
FGF20	GATA4	464
FGF20	CSF1	414
FGF20	FLT1	873
FGF20	CXCL8	752
FGF20	MTOR	491
FGF20	CD274	405
FGF20	HBEGF	639
FGF20	JAG1	474
FGF20	FGF5	413
FGF20	PTPN11	634
FGF20	GFAP	491
FGF20	AKT1	686
FGF20	RPS27A	514
FGF20	CCL11	488
FGF20	MMP9	600
FGF20	CXCL12	609
FGF20	TIMP1	496
FGF20	TLR9	574
FGF20	DKK1	508
FGF20	IRS1	526
FGF20	IL5	465
FGF20	PDGFB	655
FGF20	HGF	867
FGF20	VTN	476
FGF20	EPO	467
FGF20	ENG	540
FGF20	NES	582
FGF20	FGFR2	997
FGF20	KLF4	440
FGF20	SNAI1	546
FGF20	CALM3	606
FGF20	ERBB2	828
FGF20	PTGS2	456
FGF20	ANGPT1	586
FGF20	BMP4	690
FGF20	PDGFRA	855
FGF20	PTPRC	499
FGF20	MMP2	517
FGF20	CSF1R	801
FGF20	TGFB2	509
FGF20	KIT	850
FGF20	MAPK1	575
FGF20	TGFBR1	435
FGF20	KRAS	688
FGF20	WNT3A	550
FGF20	CALML5	599
FGF20	FLT3	801
FGF20	PIK3R1	495
FGF20	NOTCH1	454
FGF20	AXIN2	435
FGF20	TGFA	591
FGF20	NTRK1	888
FGF20	PLG	511
FGF20	FGF2	574
FGF20	CTNNB1	684
FGF20	SERPINE1	472
FGF20	LOX	405
FGF20	FGF7	495
FGF20	CALML6	595
FGF20	PPARG	444
FGF20	CALML3	600
FGF20	LEP	445
FGF20	PLCG1	627
FGF20	RUNX2	529
FGF20	IL13	521
FGF20	AGT	648
FGF20	PECAM1	741
FGF20	BCL2	448
FGF20	IL9	463
FGF20	INS	817
FGF20	ICAM1	476
FGF20	CD9	439
FGF20	GAPDH	552
FGF20	CASP3	465
FGF20	NFKB1	416
FGF20	ACTB	532
FGF20	FGF10	500
FGF20	POU5F1	682
FGF20	PROM1	507
FGF20	IL1A	596
FGF20	TGFB3	677
FGF20	IGF1	770
FGF20	IGF1R	855
FGF20	HNF4A	471
FGF20	UBB	507
FGF20	FGF16	416
FGF20	CALML4	594
FGF20	FGF1	671
FGF20	MET	865
FGF20	ESR1	470
FGF20	UBA52	517
FGF20	SHC1	580
FGF20	NANOG	519
FGF20	NT5E	472
FGF20	IL7	475
FGF20	ERBB3	773
FGF20	WNT4	428
FGF20	LEF1	451
FGF20	SOS1	567
FGF20	PIK3CA	557
FGF20	FGFR1	999
FGF20	MMP1	403
FGF20	THBS1	477
FGF20	TNF	651
FGF20	IL1B	670
FGF20	JUN	485
FGF20	CXCL10	513
FGF20	SMAD4	472
FGF20	SHH	830
FGF20	KDR	928
FGF20	IL17A	509
FGF20	BDNF	661
FGF20	TP53	526
FGF20	FGF6	510
FGF20	APOE	569
FGF20	STAT3	542
FGF20	SPP1	518
FGF20	PIK3CB	464
FGF20	SRC	530
FGF20	CBL	616
FGF20	EDN1	518
FGF20	IL4	639
FGF20	IL6	702
FGF20	FGFR3	971
FGF20	CDH1	582
FGF20	ADIPOQ	602
FGF20	FGF3	511
FGF20	EGF	988
FGF20	IGF2	631
FGF20	NGF	694
FGF20	CCL4	447
FGF20	SMAD3	482
FGF20	KITLG	507
FGF20	TGFB1	821
FGF20	PDGFRB	893
FGF20	IL15	455
FGF20	FN1	797
FGF20	PAX6	493
FGF20	ERVFRD-1	507
FGF20	ERV3-1	506
FGF20	SMAD2	538
FGF20	WNT5A	464
FGF20	HIF1A	602
FGF20	AXIN1	428
FGF20	CCL2	620
FGF20	TEK	848
TGFB2	CD4	702
TGFB2	SNAI2	613
TGFB2	TNFRSF1A	411
TGFB2	FGF4	524
TGFB2	FGF22	513
TGFB2	TIMP1	696
TGFB2	MMP2	721
TGFB2	TGFB1	957
TGFB2	HGF	647
TGFB2	SERPINE1	774
TGFB2	CSF3	408
TGFB2	CCL2	712
TGFB2	COL1A1	606
TGFB2	VTN	519
TGFB2	NFKB1	406
TGFB2	CCND1	450
TGFB2	CD69	474
TGFB2	FGF6	522
TGFB2	IFNG	597
TGFB2	HBEGF	419
TGFB2	LOX	522
TGFB2	IL4	564
TGFB2	IL5	454
TGFB2	TGFB3	930
TGFB2	EGR1	575
TGFB2	TWIST1	480
TGFB2	SNAI1	603
TGFB2	JAG1	460
TGFB2	NOTCH2	527
TGFB2	PDGFRA	445
TGFB2	NT5E	407
TGFB2	THBS1	892
TGFB2	ITGAV	825
TGFB2	CDH1	595
TGFB2	PDGFRB	654
TGFB2	SMAD2	941
TGFB2	MAPK3	443
TGFB2	IL1A	568
TGFB2	IL1B	615
TGFB2	CD81	486
TGFB2	KDR	638
TGFB2	FGF2	789
TGFB2	IL11	518
TGFB2	WNT5A	480
TGFB2	STAT3	501
TGFB2	FGF10	542
TGFB2	ICAM1	415
TGFB2	EGF	590
TGFB2	ERBB3	451
TGFB2	FGF7	740
TGFB2	TP53	496
TGFB2	IL18	420
TGFB2	FLT1	400
TGFB2	ALB	464
TGFB2	CXCL5	405
TGFB2	SHH	479
TGFB2	MMP3	448
TGFB2	AXL	649
TGFB2	HSPA4	491
TGFB2	IL13	502
TGFB2	CXCL10	432
TGFB2	CXCL8	584
TGFB2	CXCL11	632
TGFB2	FGF5	502
TGFB2	MET	427
TGFB2	MMP1	630
TGFB2	CSF1	441
TGFB2	PDGFB	496
TGFB2	SMAD3	966
TGFB2	FGF3	497
TGFB2	HSP90AA1	503
TGFB2	SMAD4	877
TGFB2	PDGFA	678
TGFB2	FN1	829
TGFB2	TJP1	418
TGFB2	ENG	710
TGFB2	CD274	439
TGFB2	DKK1	419
TGFB2	MMP9	780
TGFB2	CXCL12	512
TGFB2	AKT1	695
TGFB2	CXCL1	437
TGFB2	CD63	485
TGFB2	FGF9	534
TGFB2	RHOA	418
TGFB2	VEGFC	435
TGFB2	FGF13	585
TGFB2	ITGB1	755
TGFB2	BMP2	722
TGFB2	CD8A	673
TGFB2	CTNNB1	595
TGFB2	CD40	570
TGFB2	NOTCH1	410
TGFB2	TGFA	674
TGFB2	TGFBR1	998
TGFB2	PTGS2	631
TGFB2	FGFR2	582
TGFB2	PTPRC	408
TGFB2	TNF	791
TGFB2	FGFR1	588
TGFB2	SOS1	503
TGFB2	SHC1	546
TGFB2	CTLA4	624
TGFB2	FGF1	486
TGFB2	ACTB	477
TGFB2	GAPDH	597
TGFB2	FGF16	507
TGFB2	IGF1	740
TGFB2	IGF1R	642
TGFB2	RUNX2	483
TGFB2	INS	476
TGFB2	PECAM1	480
TGFB2	VIM	465
TGFB2	HIF1A	462
TGFB2	ALK	404
TGFB2	SQSTM1	487
TGFB2	IL6	819
TGFB2	NGF	410
TGFB2	IGF2	462
TGFB2	SPP1	511
TGFB2	IL17A	482
TGFB2	HSP90AB1	511
TGFB2	BDNF	424
TGFB2	JUN	651
TGFB2	EDN1	515
TGFB2	SRC	674
CD34	CD74	428
CD34	CD4	886
CD34	FGF4	613
CD34	NGFR	646
CD34	FGF22	578
CD34	MAPK1	530
CD34	GZMB	491
CD34	TIMP1	539
CD34	MMP2	682
CD34	TGFB1	787
CD34	CD79A	769
CD34	HGF	642
CD34	MPO	735
CD34	CSF3	940
CD34	CCL2	614
CD34	COL1A1	690
CD34	VTN	410
CD34	CD38	964
CD34	NFKB1	454
CD34	SPI1	607
CD34	CCND1	564
CD34	CD69	480
CD34	GLI1	434
CD34	FGF6	577
CD34	IFNG	695
CD34	NANOG	695
CD34	IL4	615
CD34	IL5	507
CD34	TGFB3	550
CD34	KLRK1	480
CD34	FLT3	880
CD34	BMP4	754
CD34	CCR7	625
CD34	LIF	443
CD34	CD68	801
CD34	APOE	447
CD34	EPO	730
CD34	GFAP	747
CD34	H3-3B	450
CD34	JAG1	530
CD34	KRAS	447
CD34	PDGFRA	744
CD34	NT5E	905
CD34	CDK4	462
CD34	MDM2	514
CD34	CCL21	438
CD34	POU5F1	723
CD34	TLR2	447
CD34	THBS1	450
CD34	ITGAV	528
CD34	VWF	849
CD34	SCARB1	714
CD34	CDH1	560
CD34	PDGFRB	729
CD34	SMAD2	426
CD34	CD33	951
CD34	ITGA2B	859
CD34	MAPK3	548
CD34	ITGAE	446
CD34	IL1A	585
CD34	IL1B	672
CD34	CD81	630
CD34	EPCAM	599
CD34	IL7	639
CD34	KDR	906
CD34	CD80	654
CD34	FGF2	760
CD34	IL11	514
CD34	STAT3	614
CD34	FGF10	593
CD34	ICAM1	844
CD34	SCARB2	720
CD34	LEF1	406
CD34	EGF	632
CD34	NRP1	421
CD34	CD27	522
CD34	FGF7	640
CD34	IRF8	424
CD34	TP53	700
CD34	ERBB2	504
CD34	FCGR2A	569
CD34	IFNA1	554
CD34	IL18	418
CD34	FLT1	754
CD34	WNT3A	401
CD34	CSF1R	746
CD34	PPARG	566
CD34	KIT	956
CD34	ACE	422
CD34	NCR1	476
CD34	CCR5	639
CD34	STAT5B	593
CD34	VCAM1	896
CD34	CXCR1	400
CD34	ALB	746
CD34	ANXA5	721
CD34	IL15	608
CD34	ITGA2	495
CD34	IL3	904
CD34	NPM1	746
CD34	SHH	471
CD34	RAG1	503
CD34	ANPEP	878
CD34	RUNX1	724
CD34	IL13	481
CD34	CXCL10	456
CD34	IL7R	680
CD34	FOS	405
CD34	CXCL8	591
CD34	CCL19	427
CD34	TERT	501
CD34	SLC2A1	440
CD34	SIRPA	460
CD34	PDGFB	455
CD34	PDCD1LG2	432
CD34	FAS	437
CD34	ENG	919
CD34	FGF5	588
CD34	MTOR	420
CD34	CD274	583
CD34	CSF1	574
CD34	GATA4	493
CD34	CD19	900
CD34	BRAF	473
CD34	DKK1	401
CD34	PLAU	422
CD34	CXCL12	856
CD34	MMP9	710
CD34	TFRC	728
CD34	CD2	783
CD34	PTPN11	419
CD34	BMI1	519
CD34	AKT1	661
CD34	SOX2	665
CD34	ANGPT2	560
CD34	CD63	612
CD34	CXCL1	418
CD34	DNTT	726
CD34	PTEN	495
CD34	FGF9	569
CD34	CR2	590
CD34	BCL6	504
CD34	IL33	663
CD34	VEGFC	528
CD34	FGF13	550
CD34	NRAS	476
CD34	SDC1	584
CD34	ITGB1	887
CD34	ERVW-1	489
CD34	BMP2	689
CD34	CD8A	874
CD34	ITGAL	719
CD34	CCRL2	420
CD34	CD47	528
CD34	CTNNB1	655
CD34	HLA-A	618
CD34	LEP	421
CD34	CD40	601
CD34	CD28	541
CD34	NOTCH1	613
CD34	GPT	418
CD34	CDKN2A	540
CD34	NTRK1	627
CD34	H3-5	435
CD34	FASLG	637
CD34	ENTPD1	423
CD34	HAVCR2	422
CD34	CD1D	701
CD34	CD24	687
CD34	PTGS2	635
CD34	ANGPT1	610
CD34	NCAM1	821
CD34	KLF4	630
CD34	NES	703
CD34	TJP1	545
CD34	PTPRC	919
CD34	AOC3	503
CD34	FCGR1A	758
CD34	TLR4	519
CD34	WT1	660
CD34	CX3CR1	433
CD34	IL3RA	785
CD34	CALR	416
CD34	BCL2L1	513
CD34	TNF	712
CD34	NFATC1	483
CD34	CTLA4	447
CD34	MET	474
CD34	ESR1	512
CD34	FGF1	477
CD34	STAT1	443
CD34	CD86	659
CD34	CDKN1A	638
CD34	MCL1	480
CD34	CD3E	544
CD34	ACTB	670
CD34	CASP3	624
CD34	GAPDH	692
CD34	CD9	674
CD34	FGF16	561
CD34	IGF1R	408
CD34	IGF1	631
CD34	PROM1	928
CD34	STAT5A	608
CD34	ITGA4	629
CD34	SELL	999
CD34	RUNX2	650
CD34	IDO1	566
CD34	INS	692
CD34	BCL2	945
CD34	PECAM1	940
CD34	CXCR3	409
CD34	CAV1	428
CD34	VIM	473
CD34	H3-7	453
CD34	HIF1A	641
CD34	ERV3-1	484
CD34	PGR	513
CD34	TEK	728
CD34	GATA3	471
CD34	CSF3R	568
CD34	NF1	446
CD34	CD48	695
CD34	KITLG	934
CD34	CD5	731
CD34	CCL4	441
CD34	CASP8	499
CD34	ERVFRD-1	487
CD34	CEBPA	616
CD34	ALK	570
CD34	FN1	960
CD34	H3-4	438
CD34	SQSTM1	452
CD34	LOC102723407	552
CD34	CXCL9	429
CD34	ADIPOQ	475
CD34	FGF3	574
CD34	ARG1	429
CD34	SPN	811
CD34	IL6	830
CD34	SLAMF1	759
CD34	CD83	611
CD34	NGF	467
CD34	KLRD1	511
CD34	IGF2	404
CD34	SPP1	607
CD34	BDNF	446
CD34	IL17A	514
CD34	H3C12	450
CD34	JUN	443
CD34	SMAD4	573
CD34	ITGB2	543
CD34	EDN1	422
CD34	H3C13	453
CD34	SRC	517
CD34	IFNA2	435
STAT4	CD4	832
STAT4	LAG3	517
STAT4	IL2RB	609
STAT4	GZMB	619
STAT4	TGFB1	424
STAT4	NFKB1	643
STAT4	IL10RA	476
STAT4	CD69	452
STAT4	IFNG	981
STAT4	IL4	773
STAT4	IL5	689
STAT4	KLRK1	460
STAT4	CCR7	624
STAT4	TLR2	474
STAT4	EP300	724
STAT4	IL1A	441
STAT4	IL1B	577
STAT4	IL7	478
STAT4	CD80	495
STAT4	STAT3	973
STAT4	ZAP70	479
STAT4	CD27	476
STAT4	IRF8	560
STAT4	IFNAR1	862
STAT4	IL9	443
STAT4	IFNA1	776
STAT4	IL18	791
STAT4	CXCR5	516
STAT4	CCR5	476
STAT4	STAT5B	827
STAT4	REL	452
STAT4	IL15	569
STAT4	TLR3	492
STAT4	RUNX1	588
STAT4	IL13	690
STAT4	CXCL10	488
STAT4	IL7R	543
STAT4	HAVCR2	470
STAT4	TLR8	407
STAT4	ICOS	602
STAT4	CD28	623
STAT4	NOS2	502
STAT4	SOCS3	701
STAT4	CD86	468
STAT4	PDCD1	427
STAT4	IL21R	745
STAT4	KLRD1	463
STAT4	STAT5A	832
STAT4	CCR6	479
STAT4	CCRL2	514
STAT4	TNF	734
STAT4	CD3E	463
STAT4	STAT1	994
STAT4	CTLA4	632
STAT4	TNFSF13B	410
STAT4	CXCR3	504
STAT4	ETS1	495
STAT4	SELL	451
STAT4	IL4R	479
STAT4	CSF3R	473
STAT4	GATA3	809
STAT4	IRF4	569
STAT4	HDAC1	455
STAT4	KITLG	438
STAT4	IL6	861
STAT4	CXCL9	613
STAT4	IL12RB1	990
STAT4	IFNA2	497
STAT4	SRC	441
STAT4	TLR7	471
STAT4	EOMES	736
STAT4	JUN	576
STAT4	IL17A	779
STAT4	TYK2	973
STAT4	IFNGR1	631
STAT4	IFNB1	476
STAT4	AKT1	421
STAT4	CD2	637
STAT4	TLR9	411
STAT4	CD274	458
STAT4	BCL6	600
STAT4	CD8A	813
STAT4	PRDM1	567
STAT4	CD247	596
STAT4	CD40	510
STAT4	FASLG	477
STAT4	IL22	541
STAT4	SOCS1	672
STAT4	TNFAIP3	657
STAT4	JAK3	973
STAT4	TLR4	459
STAT4	JAK1	988
STAT4	PTPRC	456
JAK3	CD4	738
JAK3	IL2RB	980
JAK3	GZMB	473
JAK3	TGFB1	438
JAK3	PIK3R2	925
JAK3	HGF	512
JAK3	CSF3	775
JAK3	CD38	417
JAK3	NFKB1	482
JAK3	IL10RA	779
JAK3	CD69	420
JAK3	IFNG	641
JAK3	IL4	998
JAK3	IL5	654
JAK3	KLRK1	411
JAK3	CCR7	781
JAK3	EPO	887
JAK3	H3-3B	544
JAK3	KRAS	764
JAK3	PDGFRA	737
JAK3	CDK4	519
JAK3	PDGFRB	729
JAK3	IL1B	526
JAK3	IL7	997
JAK3	PIK3CA	967
JAK3	CD80	445
JAK3	FGF2	511
JAK3	STAT3	998
JAK3	ZAP70	505
JAK3	LEF1	528
JAK3	CD27	408
JAK3	CDK2	411
JAK3	TP53	566
JAK3	ERBB2	951
JAK3	IFNAR1	933
JAK3	IL9	996
JAK3	IFNA1	811
JAK3	ATM	515
JAK3	KIT	490
JAK3	CXCR5	732
JAK3	CCR5	769
JAK3	STAT5B	997
JAK3	CXCR1	723
JAK3	IL15	996
JAK3	IL3	870
JAK3	NPM1	575
JAK3	RAG1	694
JAK3	RUNX1	494
JAK3	IRS1	689
JAK3	IL13	682
JAK3	IL7R	988
JAK3	FOS	590
JAK3	CASP3	411
JAK3	CD19	421
JAK3	CD28	477
JAK3	IL3RA	848
JAK3	SOCS3	939
JAK3	CD86	420
JAK3	H3C13	528
JAK3	HSP90AA1	413
JAK3	IL21R	945
JAK3	H3-5	529
JAK3	STAT5A	998
JAK3	SMAD4	496
JAK3	ERBB4	552
JAK3	CCR6	727
JAK3	FN1	472
JAK3	NF1	452
JAK3	CX3CR1	704
JAK3	H3C12	531
JAK3	STAT1	992
JAK3	MTOR	602
JAK3	CD3E	524
JAK3	CD247	660
JAK3	H3-4	534
JAK3	IFNGR1	937
JAK3	IL6R	891
JAK3	MCL1	457
JAK3	CD2	414
JAK3	NRAS	776
JAK3	JUN	432
JAK3	HSP90AB1	409
JAK3	PTEN	545
JAK3	CD40	675
JAK3	CSF3R	948
JAK3	CXCR3	746
JAK3	TLR4	414
JAK3	SYK	621
JAK3	TNFSF13B	406
JAK3	BCL2L1	436
JAK3	PIK3CD	937
JAK3	GATA3	483
JAK3	IFNA2	728
JAK3	IFNB1	776
JAK3	CALML5	408
JAK3	IRF4	468
JAK3	CD274	438
JAK3	ALK	950
JAK3	IL4R	988
JAK3	BCL2	503
JAK3	SOS1	550
JAK3	PPARA	447
JAK3	IL6	914
JAK3	CD8A	623
JAK3	NFATC1	510
JAK3	PTPN6	938
JAK3	CXCR6	708
JAK3	TNF	563
JAK3	SHC1	623
JAK3	PTPRC	759
JAK3	CDKN2A	533
JAK3	PIK3R1	932
JAK3	TYK2	906
JAK3	CTLA4	771
JAK3	H3-7	528
JAK3	IL12RB1	819
JAK3	PIK3CB	923
JAK3	IL17A	529
JAK3	PTPN11	962
JAK3	CTNNB1	470
JAK3	IL22	661
JAK3	NOTCH1	627
JAK3	SOCS1	966
JAK3	JAK1	999
TGFB1	CX3CL1	653
TGFB1	CD4	870
TGFB1	SNAI2	711
TGFB1	CDH17	534
TGFB1	TNFRSF1A	677
TGFB1	FGF4	824
TGFB1	LAG3	677
TGFB1	FGF22	819
TGFB1	MAPK1	482
TGFB1	GZMB	546
TGFB1	NFKBIA	648
TGFB1	TIMP1	882
TGFB1	MMP2	962
TGFB1	CCL22	500
TGFB1	CCL17	472
TGFB1	RELB	653
TGFB1	RUNX1	455
TGFB1	SRC	787
TGFB1	TLR7	409
TGFB1	EDN1	691
TGFB1	ITGB2	697
TGFB1	H3C13	448
TGFB1	HSPA4	447
TGFB1	PRKACB	474
TGFB1	RELA	484
TGFB1	IFNA2	581
TGFB1	APOE	694
TGFB1	STAT3	870
TGFB1	FGF6	825
TGFB1	SPP1	716
TGFB1	NFE2L2	556
TGFB1	CD27	413
TGFB1	ANPEP	431
TGFB1	CYCS	472
TGFB1	CXCL10	620
TGFB1	JUN	722
TGFB1	SMAD4	959
TGFB1	SHH	591
TGFB1	KDR	734
TGFB1	IL6R	615
TGFB1	HSP90AB1	433
TGFB1	EP300	793
TGFB1	BDNF	570
TGFB1	IL17A	903
TGFB1	H3C12	448
TGFB1	TP53	809
TGFB1	CD83	423
TGFB1	FCGR2A	416
TGFB1	SPI1	459
TGFB1	IGF2	781
TGFB1	DNMT1	447
TGFB1	NGF	753
TGFB1	CCR6	462
TGFB1	CXCL2	484
TGFB1	SQSTM1	618
TGFB1	CXCL9	511
TGFB1	EGF	904
TGFB1	KEAP1	446
TGFB1	IL4	852
TGFB1	CDH1	841
TGFB1	IL6	960
TGFB1	ADIPOQ	531
TGFB1	FGF3	817
TGFB1	ARG1	631
TGFB1	CEBPA	850
TGFB1	NOS2	495
TGFB1	IL15	606
TGFB1	H3-3B	471
TGFB1	H3-4	449
TGFB1	HDAC1	407
TGFB1	HSP90AA1	434
TGFB1	ALK	788
TGFB1	FN1	969
TGFB1	CREB1	511
TGFB1	PDGFRB	825
TGFB1	CXCL11	947
TGFB1	FOXO1	491
TGFB1	CCL4	587
TGFB1	CASP8	501
TGFB1	SMAD3	990
TGFB1	KITLG	511
TGFB1	CXCR5	405
TGFB1	TLR2	676
TGFB1	CCL2	851
TGFB1	CEBPB	489
TGFB1	GATA3	556
TGFB1	TEK	545
TGFB1	WNT5A	541
TGFB1	H3-7	448
TGFB1	HIF1A	838
TGFB1	IRF4	448
TGFB1	SOCS3	634
TGFB1	AXIN1	415
TGFB1	MPO	519
TGFB1	SMAD2	983
TGFB1	PGR	415
TGFB1	CD81	472
TGFB1	BCL2	689
TGFB1	CXCR3	581
TGFB1	PECAM1	702
TGFB1	IL9	688
TGFB1	INS	758
TGFB1	ICAM1	730
TGFB1	CAV1	692
TGFB1	TNFSF13B	450
TGFB1	VIM	655
TGFB1	ITGA4	626
TGFB1	IL13	816
TGFB1	IL4R	557
TGFB1	AGT	812
TGFB1	STAT5A	563
TGFB1	IDO1	673
TGFB1	ETS1	423
TGFB1	CDK4	472
TGFB1	RUNX2	703
TGFB1	XIAP	496
TGFB1	SELL	566
TGFB1	PARP1	400
TGFB1	EPCAM	510
TGFB1	IGF1	976
TGFB1	IGF1R	744
TGFB1	TGFB3	988
TGFB1	IL1A	764
TGFB1	HNF4A	512
TGFB1	UBB	529
TGFB1	FGF16	823
TGFB1	IL18	628
TGFB1	AIF1	485
TGFB1	FGF10	825
TGFB1	PROM1	542
TGFB1	POU5F1	552
TGFB1	NFKB1	711
TGFB1	BECN1	448
TGFB1	COL1A1	802
TGFB1	ACTB	773
TGFB1	EIF2AK3	447
TGFB1	ATM	619
TGFB1	CD9	488
TGFB1	CASP3	706
TGFB1	AXL	493
TGFB1	GAPDH	811
TGFB1	CD68	787
TGFB1	STAT1	647
TGFB1	NANOG	552
TGFB1	CD3E	411
TGFB1	NT5E	655
TGFB1	CD86	655
TGFB1	IL7	715
TGFB1	CDKN1A	605
TGFB1	ESR2	442
TGFB1	CTLA4	651
TGFB1	SCARB2	527
TGFB1	CD69	519
TGFB1	ESR1	614
TGFB1	MET	739
TGFB1	FGF1	813
TGFB1	UBA52	607
TGFB1	SHC1	661
TGFB1	IKBKB	508
TGFB1	PPARA	565
TGFB1	MMP1	812
TGFB1	ITGAE	516
TGFB1	NFATC1	428
TGFB1	PIK3CD	447
TGFB1	THBS1	985
TGFB1	CXCL5	505
TGFB1	IL1B	932
TGFB1	TNF	941
TGFB1	SOS1	548
TGFB1	TLR1	438
TGFB1	FGFR1	508
TGFB1	CXCR1	634
TGFB1	WNT4	433
TGFB1	AR	460
TGFB1	CX3CR1	491
TGFB1	LEF1	471
TGFB1	PDCD1	520
TGFB1	BCL2L1	521
TGFB1	CD79A	532
TGFB1	NLRP3	472
TGFB1	TLR4	721
TGFB1	MAPK8	534
TGFB1	TERT	427
TGFB1	JAK1	511
TGFB1	PTPRC	701
TGFB1	AOC3	642
TGFB1	CSF1R	564
TGFB1	WT1	443
TGFB1	PDGFRA	774
TGFB1	PTGS2	688
TGFB1	ERBB2	635
TGFB1	ANGPT1	591
TGFB1	CD24	484
TGFB1	CDKN1B	656
TGFB1	NES	501
TGFB1	ACE	674
TGFB1	TJP1	591
TGFB1	FGFR2	631
TGFB1	ICOS	431
TGFB1	NCAM1	468
TGFB1	KLF4	543
TGFB1	CCND2	415
TGFB1	SNAI1	793
TGFB1	IFNA1	570
TGFB1	CD1D	416
TGFB1	HAVCR2	660
TGFB1	REL	402
TGFB1	SOCS1	450
TGFB1	IL7R	617
TGFB1	KRAS	537
TGFB1	TGFBR1	999
TGFB1	WNT3A	695
TGFB1	TLR3	460
TGFB1	CYBB	597
TGFB1	ENTPD1	512
TGFB1	KIT	702
TGFB1	LGALS3	686
TGFB1	TGFA	671
TGFB1	H3-5	448
TGFB1	NTRK1	654
TGFB1	IL22	597
TGFB1	IL10RA	658
TGFB1	PLG	623
TGFB1	AXIN2	457
TGFB1	E2F1	419
TGFB1	FASLG	724
TGFB1	PRKCA	422
TGFB1	PIK3R1	485
TGFB1	NOTCH1	622
TGFB1	ANXA5	624
TGFB1	CD28	625
TGFB1	CCL20	691
TGFB1	CDKN2A	572
TGFB1	GPT	607
TGFB1	LEP	721
TGFB1	IL3	523
TGFB1	HLA-A	447
TGFB1	KLRK1	516
TGFB1	PRKACG	463
TGFB1	ACE2	475
TGFB1	PPARG	922
TGFB1	CD40	634
TGFB1	FGF7	846
TGFB1	LOX	623
TGFB1	SERPINE1	798
TGFB1	HSPA5	453
TGFB1	CCRL2	514
TGFB1	CASP9	490
TGFB1	FGF2	982
TGFB1	CD47	447
TGFB1	PPARGC1A	484
TGFB1	CTNNB1	789
TGFB1	FYN	429
TGFB1	CCND1	645
TGFB1	ITGB1	885
TGFB1	EGR1	692
TGFB1	BCL2L11	564
TGFB1	CD8A	796
TGFB1	NRP1	944
TGFB1	MMP3	787
TGFB1	BMP2	701
TGFB1	WNT1	486
TGFB1	ALB	784
TGFB1	FOXO3	623
TGFB1	IL11	587
TGFB1	STAT5B	532
TGFB1	LIF	692
TGFB1	CD38	402
TGFB1	VWF	586
TGFB1	FGF13	819
TGFB1	SDC1	644
TGFB1	IL33	583
TGFB1	SCARB1	529
TGFB1	VEGFC	555
TGFB1	VCAM1	648
TGFB1	RHOA	834
TGFB1	CCR7	565
TGFB1	IFNG	888
TGFB1	GLI1	453
TGFB1	CD33	580
TGFB1	ITGA2	632
TGFB1	TWIST1	613
TGFB1	ANGPT2	512
TGFB1	CXCL1	624
TGFB1	CD63	482
TGFB1	SOX2	673
TGFB1	CD80	611
TGFB1	CSF3	592
TGFB1	MAPK3	721
TGFB1	FGF9	828
TGFB1	PTEN	664
TGFB1	FOS	719
TGFB1	PDGFA	606
TGFB1	DNTT	464
TGFB1	CCL11	550
TGFB1	RPS27A	556
TGFB1	PLAU	599
TGFB1	CXCL12	798
TGFB1	MMP9	968
TGFB1	ITGAV	994
TGFB1	CDK2	469
TGFB1	TLR9	489
TGFB1	DKK1	513
TGFB1	GFAP	503
TGFB1	RPS6KB1	451
TGFB1	AKT1	868
TGFB1	NOTCH2	644
TGFB1	CXCL8	775
TGFB1	MTOR	582
TGFB1	CD274	781
TGFB1	CCR5	528
TGFB1	JAG1	731
TGFB1	HBEGF	517
TGFB1	FGF5	821
TGFB1	GATA4	455
TGFB1	BRAF	454
TGFB1	CD19	564
TGFB1	FLT1	727
TGFB1	CSF1	776
TGFB1	MAP2K1	487
TGFB1	FAS	421
TGFB1	ENG	998
TGFB1	EPO	601
TGFB1	TYK2	410
TGFB1	IFNB1	506
TGFB1	PDGFB	743
TGFB1	VTN	787
TGFB1	HGF	921
TGFB1	IL5	670
TGFB1	PDCD1LG2	567
LIF	FGF4	661
LIF	FGF22	632
LIF	IL2RB	678
LIF	TIMP1	598
LIF	MMP2	579
LIF	CCL22	507
LIF	HGF	831
LIF	CSF3	790
LIF	CCL2	724
LIF	IL10RA	688
LIF	FGF6	620
LIF	IFNG	543
LIF	NANOG	833
LIF	HBEGF	444
LIF	IL4	515
LIF	IL5	463
LIF	BMP4	620
LIF	PDGFRB	736
LIF	CCL4	647
LIF	CCL20	653
LIF	KITLG	641
LIF	NTRK1	520
LIF	IL15	481
LIF	PAX6	490
LIF	FN1	500
LIF	H3-7	400
LIF	HIF1A	539
LIF	SOCS3	691
LIF	FGF2	900
LIF	CTNNB1	450
LIF	LEP	417
LIF	IL3	723
LIF	CSF3R	737
LIF	FGF7	634
LIF	STAT3	924
LIF	PTGS2	466
LIF	SPP1	601
LIF	CXCL10	655
LIF	NES	624
LIF	SHH	449
LIF	KDR	401
LIF	TJP1	420
LIF	IL6R	852
LIF	BDNF	602
LIF	NCAM1	592
LIF	IL17A	776
LIF	KLF4	863
LIF	TP53	418
LIF	JAK1	821
LIF	PDGFRA	773
LIF	CXCL2	595
LIF	CXCL9	400
LIF	EGF	692
LIF	IL12RB1	700
LIF	KIT	405
LIF	IL6	927
LIF	FGF3	611
LIF	IL7R	692
LIF	NGF	597
LIF	CXCL8	731
LIF	FGF1	416
LIF	FGF5	663
LIF	GATA4	526
LIF	CSF1	484
LIF	CCL11	423
LIF	CXCL12	480
LIF	MMP9	597
LIF	STAT1	606
LIF	GFAP	497
LIF	AKT1	506
LIF	IL7	483
LIF	IL3RA	659
LIF	SIRPA	443
LIF	IFNGR1	697
LIF	MMP1	548
LIF	IL1B	785
LIF	TNF	741
LIF	EPO	438
LIF	IL21R	671
LIF	TYK2	678
LIF	ALB	526
LIF	IL13	476
LIF	IL11	932
LIF	STAT5B	543
LIF	IL4R	704
LIF	STAT5A	545
LIF	FGF13	571
LIF	PECAM1	405
LIF	INS	577
LIF	IL9	458
LIF	MMP3	548
LIF	BMP2	413
LIF	CXCL1	702
LIF	SOX2	802
LIF	MAPK3	433
LIF	ACTB	479
LIF	FGF9	608
LIF	FOS	568
LIF	GAPDH	548
LIF	IGF1	572
LIF	IL1A	794
LIF	CCL19	493
LIF	FGF16	609
LIF	IL18	612
LIF	FGF10	639
LIF	IFNAR1	694
LIF	POU5F1	879
CXCL1	CX3CL1	939
CXCL1	CD4	735
CXCL1	TNFRSF1A	490
CXCL1	FGF4	431
CXCL1	FGF22	422
CXCL1	GZMB	458
CXCL1	NFKBIA	665
CXCL1	TIMP1	663
CXCL1	MMP2	503
CXCL1	CCL22	920
CXCL1	CCL17	812
CXCL1	RELB	462
CXCL1	HGF	519
CXCL1	SERPINE1	590
CXCL1	MPO	670
CXCL1	CSF3	966
CXCL1	CCL2	980
CXCL1	NFKB1	963
CXCL1	CD69	422
CXCL1	FGF6	433
CXCL1	IFNG	887
CXCL1	HBEGF	444
CXCL1	LOX	563
CXCL1	IL4	738
CXCL1	IL5	819
CXCL1	EGR1	436
CXCL1	TNFSF10	432
CXCL1	FLT3	507
CXCL1	CCR7	893
CXCL1	CD68	581
CXCL1	APOE	427
CXCL1	LGALS3	411
CXCL1	CCNB1	477
CXCL1	CCL21	831
CXCL1	TLR2	879
CXCL1	THBS1	607
CXCL1	CDH1	420
CXCL1	MAPK3	479
CXCL1	IL1A	962
CXCL1	IL1B	978
CXCL1	IL7	797
CXCL1	KDR	406
CXCL1	CD80	534
CXCL1	FGF2	918
CXCL1	IL11	533
CXCL1	STAT3	821
CXCL1	FGF10	435
CXCL1	ICAM1	845
CXCL1	EGF	799
CXCL1	FGF7	488
CXCL1	TP53	517
CXCL1	IFNAR1	420
CXCL1	FCGR2A	431
CXCL1	IL9	677
CXCL1	IFNA1	583
CXCL1	IL18	918
CXCL1	CSF1R	627
CXCL1	CXCL13	933
CXCL1	PPARG	422
CXCL1	CXCR5	785
CXCL1	CCR5	974
CXCL1	VCAM1	683
CXCL1	CXCR1	999
CXCL1	ALB	518
CXCL1	CXCL5	999
CXCL1	IL15	671
CXCL1	TLR3	582
CXCL1	IL3	698
CXCL1	MMP3	821
CXCL1	ANPEP	573
CXCL1	NOD2	684
CXCL1	CCL11	999
CXCL1	CLEC7A	473
CXCL1	IL13	826
CXCL1	CEBPB	503
CXCL1	CXCL10	992
CXCL1	IL7R	566
CXCL1	FOS	457
CXCL1	CXCL8	957
CXCL1	CXCL11	928
CXCL1	CCL19	888
CXCL1	CASP3	471
CXCL1	FGF5	420
CXCL1	HAVCR2	425
CXCL1	TLR8	413
CXCL1	LEP	660
CXCL1	CD19	475
CXCL1	MMP1	752
CXCL1	NOS2	471
CXCL1	CSF1	703
CXCL1	SOCS3	724
CXCL1	CD86	528
CXCL1	FGF3	419
CXCL1	NLRP3	506
CXCL1	CCR6	822
CXCL1	FN1	528
CXCL1	ARG1	566
CXCL1	CCRL2	579
CXCL1	CX3CR1	981
CXCL1	CASP8	593
CXCL1	CCL20	981
CXCL1	TLR9	528
CXCL1	STAT1	708
CXCL1	CXCL9	859
CXCL1	TLR1	480
CXCL1	AGT	653
CXCL1	PTGS2	848
CXCL1	FASLG	438
CXCL1	IL6R	668
CXCL1	FCGR1A	437
CXCL1	NGF	452
CXCL1	XIAP	524
CXCL1	JUN	952
CXCL1	CD40	546
CXCL1	MMP9	714
CXCL1	PLAU	489
CXCL1	CSF3R	547
CXCL1	SRC	692
CXCL1	CXCR3	954
CXCL1	TLR4	717
CXCL1	TNFSF13B	401
CXCL1	AIF1	449
CXCL1	EDN1	446
CXCL1	IFNA2	814
CXCL1	IFNB1	623
CXCL1	TLR7	505
CXCL1	SDC1	761
CXCL1	IL33	641
CXCL1	CD274	607
CXCL1	FGF9	449
CXCL1	IGF1	455
CXCL1	SPP1	512
CXCL1	INS	448
CXCL1	BCL2	450
CXCL1	PECAM1	573
CXCL1	CD8A	671
CXCL1	IL4R	616
CXCL1	VEGFC	423
CXCL1	SELL	490
CXCL1	IDO1	508
CXCL1	FGF13	896
CXCL1	FGF16	422
CXCL1	ACTB	571
CXCL1	GAPDH	600
CXCL1	CXCL12	947
CXCL1	AKT1	577
CXCL1	IKBKB	426
CXCL1	CTLA4	457
CXCL1	ESR1	412
CXCL1	CXCR6	871
CXCL1	TNF	955
CXCL1	PDCD1LG2	402
CXCL1	PTPRC	638
CXCL1	ITGB2	491
CXCL1	RELA	943
CXCL1	NCAM1	638
CXCL1	IL17A	902
CXCL1	TNFAIP3	622
CXCL1	CXCL2	996
CXCL1	ADIPOQ	590
CXCL1	IL6	982
CXCL1	IL22	718
CXCL1	TGFA	548
CXCL1	KITLG	418
CXCL1	CCL4	941
CXCL1	TLR5	474
CXCL1	HIF1A	539
CXCL1	CTNNB1	436
CREB1	CD4	505
CREB1	NGFR	423
CREB1	MAPK1	962
CREB1	GZMB	596
CREB1	NFKBIA	583
CREB1	MMP2	420
CREB1	PIK3R2	557
CREB1	SERPINE1	407
CREB1	RPS6KB1	597
CREB1	CCL2	480
CREB1	NFKB1	773
CREB1	SPI1	633
CREB1	CCND1	949
CREB1	CDKN1B	415
CREB1	IFNG	563
CREB1	IL4	468
CREB1	IL5	414
CREB1	NR3C1	924
CREB1	EGR1	953
CREB1	TWIST1	529
CREB1	PLCG1	418
CREB1	SNAI1	402
CREB1	APOE	474
CREB1	GFAP	512
CREB1	H3-3B	756
CREB1	KRAS	445
CREB1	NOTCH2	770
CREB1	MDM2	643
CREB1	POU5F1	441
CREB1	TLR2	468
CREB1	CDH1	570
CREB1	SMAD2	483
CREB1	AXIN1	565
CREB1	MAPK3	987
CREB1	EP300	999
CREB1	IL1A	475
CREB1	IL1B	672
CREB1	PIK3CA	433
CREB1	FGF2	534
CREB1	STAT3	924
CREB1	ICAM1	408
CREB1	PPARGC1A	996
CREB1	LEF1	455
CREB1	EGF	541
CREB1	CDK2	412
CREB1	ERBB3	505
CREB1	TP53	998
CREB1	ATM	735
CREB1	IL18	420
CREB1	MYCN	404
CREB1	PPARG	672
CREB1	CALM3	891
CREB1	STAT5B	739
CREB1	REL	859
CREB1	ALB	608
CREB1	ANXA5	433
CREB1	RUNX1	661
CREB1	MAP2K1	605
CREB1	HSPA4	676
CREB1	CALML6	884
CREB1	IRS1	480
CREB1	CEBPB	963
CREB1	FOS	998
CREB1	CXCL8	483
CREB1	EIF2AK3	715
CREB1	CYCS	544
CREB1	CASP3	682
CREB1	LEP	660
CREB1	HNF4A	663
CREB1	CALML3	890
CREB1	CALR	786
CREB1	SOX2	430
CREB1	HSPA5	638
CREB1	PGR	407
CREB1	CASP9	484
CREB1	SOCS3	400
CREB1	SMAD3	899
CREB1	H3C13	743
CREB1	HSP90AA1	423
CREB1	FOXO3	634
CREB1	H3-5	741
CREB1	STAT5A	696
CREB1	SMAD4	572
CREB1	ESR2	746
CREB1	E2F1	659
CREB1	FYN	467
CREB1	FN1	624
CREB1	NF1	561
CREB1	CASP8	436
CREB1	H3C12	741
CREB1	DNMT1	475
CREB1	STAT1	743
CREB1	MTOR	624
CREB1	BECN1	413
CREB1	AGT	511
CREB1	H3-4	770
CREB1	PARP1	433
CREB1	PTGS2	629
CREB1	NES	405
CREB1	MCL1	468
CREB1	NGF	677
CREB1	NRAS	401
CREB1	PRKACB	995
CREB1	JUN	998
CREB1	RUNX2	792
CREB1	HSP90AB1	428
CREB1	PTEN	704
CREB1	MMP9	529
CREB1	HDAC1	877
CREB1	SRC	628
CREB1	TLR4	749
CREB1	KLF4	402
CREB1	AR	464
CREB1	AIF1	465
CREB1	BCL2L1	525
CREB1	PRKACG	994
CREB1	GATA3	784
CREB1	EDN1	413
CREB1	FOXO1	920
CREB1	IFNB1	420
CREB1	CALML5	890
CREB1	IRF4	604
CREB1	ETS1	873
CREB1	IGF1	593
CREB1	BCL2L11	473
CREB1	KEAP1	422
CREB1	CDK1	502
CREB1	MAPK8	762
CREB1	GAPDH	689
CREB1	NFE2L2	551
CREB1	INS	776
CREB1	BCL2	925
CREB1	RELA	986
CREB1	SOS1	402
CREB1	CDKN1A	578
CREB1	PPARA	593
CREB1	IL6	918
CREB1	CD8A	458
CREB1	BRAF	459
CREB1	AKT1	965
CREB1	RHOA	707
CREB1	CDKN2A	617
CREB1	NOTCH1	589
CREB1	PRKCA	803
CREB1	PIK3R1	558
CREB1	NTRK1	540
CREB1	CTNNB1	950
CREB1	TGFBR1	405
CREB1	CALML4	891
CREB1	IKBKB	480
CREB1	SHC1	458
CREB1	BRCA1	641
CREB1	ESR1	757
CREB1	TNF	681
CREB1	NFATC1	789
CREB1	ACTB	696
CREB1	IGF1R	509
CREB1	CEBPA	831
CREB1	H3-7	735
CREB1	HIF1A	833
CREB1	BDNF	956
CREB1	ADIPOQ	446
CCR6	CX3CL1	885
CCR6	CD4	880
CCR6	LAG3	480
CCR6	IL2RB	488
CCR6	GZMB	593
CCR6	CCL22	937
CCR6	CCL17	964
CCR6	CCL2	996
CCR6	CD38	669
CCR6	CD69	788
CCR6	IFNG	850
CCR6	IL4	790
CCR6	IL5	698
CCR6	KLRK1	434
CCR6	CCR7	825
CCR6	CCL21	945
CCR6	TLR2	451
CCR6	ITGAE	643
CCR6	IL1A	507
CCR6	IL1B	741
CCR6	IL7	597
CCR6	CD80	612
CCR6	STAT3	582
CCR6	ICAM1	657
CCR6	CD27	721
CCR6	ERBB2	427
CCR6	IL9	544
CCR6	IFNA1	420
CCR6	IL18	511
CCR6	CXCL13	958
CCR6	KIT	433
CCR6	NCR1	601
CCR6	CXCR5	801
CCR6	CCR5	864
CCR6	VCAM1	623
CCR6	CXCR1	704
CCR6	CXCL5	808
CCR6	IL15	516
CCR6	RAG1	477
CCR6	NOD2	590
CCR6	CCL11	780
CCR6	IL13	601
CCR6	CXCL10	946
CCR6	IL7R	826
CCR6	CXCL8	900
CCR6	CXCL11	892
CCR6	CCL19	989
CCR6	HAVCR2	467
CCR6	AOC3	479
CCR6	CD19	801
CCR6	ICOS	778
CCR6	MMP1	529
CCR6	CD28	678
CCR6	IL3RA	643
CCR6	CD86	603
CCR6	PDCD1	483
CCR6	HSP90AA1	410
CCR6	IL21R	567
CCR6	KLRD1	401
CCR6	CD5	520
CCR6	CR2	678
CCR6	BCL6	625
CCR6	ITGA4	486
CCR6	AGT	564
CCR6	PRDM1	560
CCR6	IDO1	585
CCR6	SELL	681
CCR6	IL33	489
CCR6	CXCR3	814
CCR6	CD8A	770
CCR6	TNFSF13B	401
CCR6	CX3CR1	709
CCR6	TNF	658
CCR6	FAS	448
CCR6	TLR1	723
CCR6	TYK2	503
CCR6	CD274	477
CCR6	CTLA4	620
CCR6	CXCR6	716
CCR6	MMP9	562
CCR6	CXCL12	957
CCR6	STAT1	418
CCR6	CXCL9	980
CCR6	CXCL2	795
CCR6	IL12RB1	643
CCR6	IL6	651
CCR6	ENTPD1	530
CCR6	CD83	472
CCR6	CD1D	706
CCR6	CD24	422
CCR6	IL6R	434
CCR6	EOMES	515
CCR6	IL17A	889
CCR6	NCAM1	747
CCR6	TLR4	644
CCR6	SRC	572
CCR6	ITGB2	549
CCR6	PTPRC	638
CCR6	IRF4	529
CCR6	ITGAL	619
CCR6	GATA3	612
CCR6	TLR5	509
CCR6	CD40	590
CCR6	CCL20	999
CCR6	CCL4	965
CCR6	IL22	785
CCR6	FASLG	407
EOMES	CD4	722
EOMES	FGF4	496
EOMES	LAG3	703
EOMES	IL2RB	783
EOMES	GZMB	843
EOMES	CD38	472
EOMES	SPI1	626
EOMES	CD69	693
EOMES	IFNG	786
EOMES	NANOG	818
EOMES	IL4	512
EOMES	IL5	447
EOMES	KLRK1	686
EOMES	SNAI1	821
EOMES	BMP4	524
EOMES	CCR7	670
EOMES	GFAP	590
EOMES	H3-3B	455
EOMES	POU5F1	825
EOMES	SMAD2	914
EOMES	ITGAE	587
EOMES	IL1B	579
EOMES	IL7	610
EOMES	CD80	402
EOMES	FGF2	442
EOMES	STAT3	682
EOMES	ZAP70	453
EOMES	LEF1	787
EOMES	CD27	722
EOMES	IRF8	425
EOMES	IL18	502
EOMES	WNT3A	434
EOMES	KIT	402
EOMES	NCR1	699
EOMES	CXCR5	545
EOMES	CCR5	516
EOMES	STAT5B	467
EOMES	IL15	675
EOMES	ITGA2	417
EOMES	SHH	469
EOMES	RAG1	470
EOMES	RUNX1	414
EOMES	IL13	448
EOMES	IL7R	754
EOMES	CASP3	453
EOMES	FGF5	404
EOMES	HAVCR2	662
EOMES	AOC3	447
EOMES	CD19	562
EOMES	ICOS	610
EOMES	SOX2	848
EOMES	CD28	644
EOMES	CD86	451
EOMES	SMAD3	871
EOMES	H3C13	454
EOMES	PDCD1	607
EOMES	IL21R	469
EOMES	KLRD1	756
EOMES	H3-5	455
EOMES	STAT5A	467
EOMES	SMAD4	657
EOMES	CD5	500
EOMES	ITGAL	446
EOMES	CCRL2	489
EOMES	CX3CR1	518
EOMES	H3C12	473
EOMES	STAT1	452
EOMES	CD3E	490
EOMES	CD247	600
EOMES	CXCL9	407
EOMES	H3-4	471
EOMES	FASLG	625
EOMES	NES	690
EOMES	PRDM1	748
EOMES	CD2	616
EOMES	ENTPD1	479
EOMES	CXCR3	643
EOMES	KLF4	447
EOMES	GATA3	836
EOMES	FOXO1	491
EOMES	IRF4	588
EOMES	CD274	510
EOMES	ETS1	460
EOMES	IL4R	549
EOMES	GAPDH	415
EOMES	ITGA4	401
EOMES	BCL2	429
EOMES	BCL6	621
EOMES	CD8A	920
EOMES	SELL	675
EOMES	TNF	561
EOMES	CTLA4	640
EOMES	CXCR6	684
EOMES	IL12RB1	473
EOMES	IL17A	589
EOMES	H3-7	454
EOMES	PAX6	811
EOMES	GATA4	755
EOMES	CD1D	403
EOMES	PTPRC	622
EOMES	NCAM1	755
EOMES	CTNNB1	884
EOMES	IL22	509
CCRL2	CX3CL1	672
CCRL2	CD4	878
CCRL2	LAG3	484
CCRL2	IL2RB	464
CCRL2	GZMB	614
CCRL2	CCL22	835
CCRL2	CCL17	901
CCRL2	CSF3	416
CCRL2	CCL2	990
CCRL2	CD38	619
CCRL2	IL10RA	485
CCRL2	CD69	777
CCRL2	IFNG	853
CCRL2	IL4	788
CCRL2	IL5	580
CCRL2	KLRK1	417
CCRL2	CCR7	784
CCRL2	CD68	463
CCRL2	CCL21	891
CCRL2	TLR2	565
CCRL2	CD33	479
CCRL2	ITGAE	634
CCRL2	IL1A	569
CCRL2	IL1B	744
CCRL2	IL7	556
CCRL2	CD80	626
CCRL2	STAT3	602
CCRL2	ICAM1	704
CCRL2	CD27	678
CCRL2	IRF8	440
CCRL2	ERBB2	432
CCRL2	FCGR2A	453
CCRL2	IL9	520
CCRL2	IFNA1	439
CCRL2	IL18	526
CCRL2	CSF1R	548
CCRL2	CXCL13	883
CCRL2	KIT	438
CCRL2	NCR1	583
CCRL2	CXCR5	452
CCRL2	CCR5	785
CCRL2	STAT5B	401
CCRL2	VCAM1	638
CCRL2	CXCR1	547
CCRL2	CXCL5	502
CCRL2	IL15	571
CCRL2	RAG1	474
CCRL2	NOD2	644
CCRL2	CCL11	455
CCRL2	CLEC7A	423
CCRL2	IL13	594
CCRL2	CXCL10	881
CCRL2	IL7R	830
CCRL2	CXCL8	762
CCRL2	CXCL11	756
CCRL2	CCL19	998
CCRL2	HAVCR2	505
CCRL2	AOC3	478
CCRL2	CD19	630
CCRL2	ICOS	755
CCRL2	MMP1	545
CCRL2	CD28	626
CCRL2	IL3RA	644
CCRL2	CD86	630
CCRL2	PDCD1	472
CCRL2	HSP90AA1	414
CCRL2	IL21R	449
CCRL2	KLRD1	403
CCRL2	STAT5A	464
CCRL2	CD5	403
CCRL2	ITGAL	630
CCRL2	PTPRC	670
CCRL2	TLR4	689
CCRL2	FCGR1A	442
CCRL2	NCAM1	717
CCRL2	PTGS2	551
CCRL2	TNFAIP3	452
CCRL2	CD1D	530
CCRL2	ENTPD1	559
CCRL2	FASLG	422
CCRL2	IL22	773
CCRL2	CCL20	999
CCRL2	CD40	599
CCRL2	TLR5	548
CCRL2	CD8A	753
CCRL2	IL33	471
CCRL2	PRDM1	592
CCRL2	BCL6	536
CCRL2	CR2	587
CCRL2	CD2	432
CCRL2	TLR9	404
CCRL2	MMP9	626
CCRL2	CXCL12	886
CCRL2	CD274	559
CCRL2	TYK2	510
CCRL2	FAS	493
CCRL2	IFNB1	434
CCRL2	ITGB2	585
CCRL2	TLR7	431
CCRL2	IL17A	873
CCRL2	IL6R	476
CCRL2	CD83	504
CCRL2	ADIPOQ	483
CCRL2	IL6	849
CCRL2	IL12RB1	667
CCRL2	CXCL9	952
CCRL2	CXCL2	505
CCRL2	CCL4	925
CCRL2	GATA3	602
CCRL2	IRF4	527
CCRL2	TNFSF13B	470
CCRL2	PECAM1	470
CCRL2	CXCR3	701
CCRL2	SELL	692
CCRL2	IDO1	619
CCRL2	ITGA4	493
CCRL2	STAT1	481
CCRL2	CXCR6	526
CCRL2	CTLA4	604
CCRL2	TLR1	764
CCRL2	TNF	745
CCRL2	CX3CR1	472
IRF8	CD74	618
IRF8	CD4	658
IRF8	GZMB	474
IRF8	NFKBIA	402
IRF8	RELB	546
IRF8	CD79A	482
IRF8	CCL2	428
IRF8	CD38	444
IRF8	NFKB1	701
IRF8	SPI1	999
IRF8	IL10RA	631
IRF8	CD69	463
IRF8	IFNG	859
IRF8	IL4	559
IRF8	FLT3	619
IRF8	CCR7	588
IRF8	CD68	465
IRF8	NOTCH2	478
IRF8	PDGFRA	428
IRF8	TLR2	536
IRF8	SCARB1	462
IRF8	PDGFRB	609
IRF8	CD33	444
IRF8	TYROBP	714
IRF8	ITGAE	650
IRF8	EP300	426
IRF8	IL1B	559
IRF8	IL7	420
IRF8	CBL	411
IRF8	CD80	540
IRF8	STAT3	711
IRF8	SCARB2	471
IRF8	LEF1	400
IRF8	CD27	427
IRF8	JUN	643
IRF8	CXCL10	705
IRF8	IL17A	440
IRF8	RUNX1	795
IRF8	TLR7	671
IRF8	ITGB2	539
IRF8	RELA	588
IRF8	IFNA2	595
IRF8	FCER1G	417
IRF8	CXCL9	683
IRF8	IL12RB1	730
IRF8	IL6	544
IRF8	ARG1	418
IRF8	SLAMF1	425
IRF8	CD83	575
IRF8	CD48	511
IRF8	CCL4	502
IRF8	CD5	408
IRF8	CXCR5	498
IRF8	CEBPA	611
IRF8	IRF4	561
IRF8	SOCS3	410
IRF8	CEBPB	709
IRF8	GATA3	427
IRF8	CSF3R	520
IRF8	IL4R	402
IRF8	STAT5A	519
IRF8	IDO1	424
IRF8	ETS1	456
IRF8	SELL	448
IRF8	CXCR3	585
IRF8	BCL2	416
IRF8	TNFSF13B	465
IRF8	ACTB	429
IRF8	GAPDH	403
IRF8	IL18	416
IRF8	AIF1	539
IRF8	CTLA4	430
IRF8	SYK	542
IRF8	STAT1	904
IRF8	CD3E	409
IRF8	BTK	587
IRF8	CD86	708
IRF8	IL3RA	476
IRF8	CX3CR1	581
IRF8	NFATC1	789
IRF8	TNF	745
IRF8	TLR1	411
IRF8	CD24	442
IRF8	KLF4	695
IRF8	ICOS	453
IRF8	FCGR1A	502
IRF8	TLR4	559
IRF8	JAK1	496
IRF8	PTPRC	726
IRF8	CSF1R	723
IRF8	LYN	472
IRF8	TLR3	548
IRF8	CYBB	782
IRF8	KIT	484
IRF8	IFNA1	716
IRF8	REL	501
IRF8	TNFAIP3	662
IRF8	SOCS1	451
IRF8	IL7R	583
IRF8	PTPN6	406
IRF8	TLR8	610
IRF8	CD40	595
IRF8	STAT5B	478
IRF8	PRDM1	619
IRF8	VCAM1	482
IRF8	CD8A	650
IRF8	FOS	752
IRF8	BCL6	630
IRF8	IFNAR1	478
IRF8	CCR5	502
IRF8	CD274	432
IRF8	CD19	607
IRF8	CSF1	556
IRF8	MMP9	459
IRF8	TLR9	539
IRF8	CD2	412
IRF8	CLEC7A	414
IRF8	IFNB1	751
IRF8	SIRPA	607
IRF8	IFNGR1	588
IRF8	TYK2	554
FOXO3	CD4	452
FOXO3	MAPK1	963
FOXO3	NFKBIA	446
FOXO3	RPS6KB1	731
FOXO3	NFKB1	711
FOXO3	CCND1	756
FOXO3	CDKN1B	980
FOXO3	IFNG	441
FOXO3	NANOG	602
FOXO3	NR3C1	686
FOXO3	EGR1	421
FOXO3	TNFSF10	520
FOXO3	TWIST1	610
FOXO3	SNAI1	422
FOXO3	APOE	447
FOXO3	H3-3B	556
FOXO3	KRAS	444
FOXO3	CCNB1	442
FOXO3	CDK4	703
FOXO3	MDM2	995
FOXO3	CDH1	480
FOXO3	SMAD2	992
FOXO3	AXIN1	414
FOXO3	MAPK3	961
FOXO3	EP300	991
FOXO3	IL1B	526
FOXO3	PIK3CA	617
FOXO3	STAT3	978
FOXO3	PPARGC1A	987
FOXO3	EGF	451
FOXO3	CDK2	999
FOXO3	ERBB3	419
FOXO3	TP53	998
FOXO3	ERBB2	545
FOXO3	ATM	826
FOXO3	PPARG	582
FOXO3	KIT	407
FOXO3	WNT4	510
FOXO3	STAT5B	516
FOXO3	WNT1	533
FOXO3	REL	417
FOXO3	ALB	452
FOXO3	ANXA5	523
FOXO3	RUNX1	908
FOXO3	MAP2K1	417
FOXO3	HSPA4	402
FOXO3	IRS1	629
FOXO3	CEBPB	687
FOXO3	FOS	682
FOXO3	CXCL8	406
FOXO3	EIF2AK3	453
FOXO3	CYCS	624
FOXO3	TERT	616
FOXO3	CASP3	776
FOXO3	HNF4A	446
FOXO3	CD19	473
FOXO3	SOX2	640
FOXO3	CASP9	683
FOXO3	SMAD3	995
FOXO3	H3C13	549
FOXO3	HSP90AA1	492
FOXO3	CAV1	824
FOXO3	MCL1	705
FOXO3	CDKN1A	995
FOXO3	STAT1	433
FOXO3	PPARA	527
FOXO3	SHC1	522
FOXO3	IKBKB	989
FOXO3	BRCA1	749
FOXO3	ESR2	707
FOXO3	ESR1	898
FOXO3	TNF	590
FOXO3	PIK3CD	523
FOXO3	BCL2L1	629
FOXO3	AR	660
FOXO3	INS	879
FOXO3	BCL2	730
FOXO3	RUNX2	402
FOXO3	XIAP	482
FOXO3	PARP1	544
FOXO3	AGT	451
FOXO3	STAT5A	470
FOXO3	IGF1	803
FOXO3	IGF1R	674
FOXO3	GAPDH	635
FOXO3	ACTB	633
FOXO3	BECN1	691
FOXO3	PAX6	502
FOXO3	FN1	580
FOXO3	H3-4	549
FOXO3	HDAC1	479
FOXO3	CEBPA	669
FOXO3	KITLG	627
FOXO3	FOXO1	955
FOXO3	CASP8	493
FOXO3	GATA3	578
FOXO3	H3-7	549
FOXO3	IRF4	473
FOXO3	HIF1A	997
FOXO3	PRKACB	939
FOXO3	RELA	677
FOXO3	SRC	485
FOXO3	PIK3CB	701
FOXO3	HSP90AB1	492
FOXO3	H3C12	549
FOXO3	JUN	773
FOXO3	SMAD4	979
FOXO3	NFE2L2	574
FOXO3	IGF2	445
FOXO3	DNMT1	418
FOXO3	IL6	581
FOXO3	KEAP1	466
FOXO3	SQSTM1	516
FOXO3	BMI1	563
FOXO3	AKT1	998
FOXO3	MMP9	454
FOXO3	CDK1	890
FOXO3	BRAF	431
FOXO3	MTOR	747
FOXO3	CD8A	423
FOXO3	BCL2L11	984
FOXO3	PRDM1	418
FOXO3	BCL6	721
FOXO3	PTEN	853
FOXO3	E2F1	994
FOXO3	FASLG	934
FOXO3	H3-5	549
FOXO3	CDKN2A	760
FOXO3	NOTCH1	466
FOXO3	PIK3R1	510
FOXO3	PRKACG	938
FOXO3	CTNNB1	998
FOXO3	TLR4	403
FOXO3	MAPK8	954
FOXO3	KLF4	860
CXCL12	CX3CL1	893
CXCL12	CD74	411
CXCL12	CD4	825
CXCL12	SNAI2	472
CXCL12	TNFRSF1A	403
CXCL12	FGF4	625
CXCL12	NGFR	429
CXCL12	LAG3	452
CXCL12	FGF22	609
CXCL12	GZMB	423
CXCL12	NFKBIA	417
CXCL12	TIMP1	737
CXCL12	MMP2	762
CXCL12	CCL22	683
CXCL12	CCL17	632
CXCL12	HGF	751
CXCL12	SERPINE1	529
CXCL12	CSF3	786
CXCL12	CCL2	841
CXCL12	COL1A1	599
CXCL12	VTN	608
CXCL12	CD38	657
CXCL12	NFKB1	564
CXCL12	CCND1	769
CXCL12	CD69	439
CXCL12	GLI1	610
CXCL12	FGF6	623
CXCL12	IFNG	713
CXCL12	NANOG	448
CXCL12	HBEGF	447
CXCL12	LOX	500
CXCL12	IL4	771
CXCL12	IL5	675
CXCL12	TGFB3	504
CXCL12	KLRK1	406
CXCL12	TNFSF10	413
CXCL12	FLT3	496
CXCL12	TWIST1	476
CXCL12	PLCG1	470
CXCL12	SNAI1	506
CXCL12	BMP4	514
CXCL12	CCR7	999
CXCL12	CD68	570
CXCL12	APOE	500
CXCL12	EPO	542
CXCL12	GFAP	494
CXCL12	LGALS3	744
CXCL12	JAG1	559
CXCL12	KRAS	447
CXCL12	PDGFRA	806
CXCL12	NT5E	584
CXCL12	CCL21	999
CXCL12	POU5F1	472
CXCL12	TLR2	527
CXCL12	THBS1	553
CXCL12	ITGAV	583
CXCL12	VWF	583
CXCL12	SCARB1	402
CXCL12	CDH1	726
CXCL12	PDGFRB	815
CXCL12	SMAD2	420
CXCL12	CD33	426
CXCL12	ITGA2B	428
CXCL12	MAPK3	592
CXCL12	IL1A	682
CXCL12	IL1B	755
CXCL12	EPCAM	433
CXCL12	IL7	640
CXCL12	KDR	893
CXCL12	CD80	542
CXCL12	FGF2	896
CXCL12	IL11	521
CXCL12	WNT5A	497
CXCL12	STAT3	684
CXCL12	FGF10	634
CXCL12	ICAM1	670
CXCL12	SCARB2	406
CXCL12	EGF	790
CXCL12	NRP1	420
CXCL12	CD27	408
CXCL12	FGF7	693
CXCL12	TP53	582
CXCL12	ERBB2	677
CXCL12	IL9	418
CXCL12	IFNA1	507
CXCL12	IL18	718
CXCL12	FLT1	800
CXCL12	CSF1R	879
CXCL12	CXCL13	964
CXCL12	PPARG	462
CXCL12	KIT	974
CXCL12	CXCR5	998
CXCL12	CCR5	998
CXCL12	STAT5B	414
CXCL12	VCAM1	864
CXCL12	CXCR1	992
CXCL12	ALB	592
CXCL12	CXCL5	905
CXCL12	ANXA5	486
CXCL12	IL15	601
CXCL12	TLR3	453
CXCL12	IL3	581
CXCL12	SHH	516
CXCL12	MMP3	576
CXCL12	AXL	430
CXCL12	CCL11	998
CXCL12	IRS1	455
CXCL12	IL13	582
CXCL12	CEBPB	400
CXCL12	CXCL10	999
CXCL12	IL7R	427
CXCL12	FOS	426
CXCL12	CXCL8	951
CXCL12	CXCL11	999
CXCL12	CCL19	966
CXCL12	PLG	418
CXCL12	CASP3	543
CXCL12	FGF5	615
CXCL12	HAVCR2	480
CXCL12	LEP	440
CXCL12	CD19	600
CXCL12	ANGPT2	602
CXCL12	MET	902
CXCL12	MMP1	534
CXCL12	SOX2	493
CXCL12	CD28	460
CXCL12	PGR	400
CXCL12	CSF1	701
CXCL12	PDGFB	550
CXCL12	CD86	551
CXCL12	SMAD3	414
CXCL12	FGF3	613
CXCL12	PDCD1	447
CXCL12	CAV1	642
CXCL12	STAT5A	439
CXCL12	ERBB4	811
CXCL12	PDGFA	423
CXCL12	FN1	884
CXCL12	ITGAL	428
CXCL12	ARG1	533
CXCL12	CX3CR1	990
CXCL12	CCL20	999
CXCL12	TLR9	634
CXCL12	STAT1	663
CXCL12	MTOR	439
CXCL12	CXCL9	999
CXCL12	TLR1	493
CXCL12	CD47	418
CXCL12	AGT	704
CXCL12	PTGS2	534
CXCL12	FASLG	476
CXCL12	NES	656
CXCL12	IL6R	790
CXCL12	MCL1	408
CXCL12	NGF	583
CXCL12	JUN	477
CXCL12	RUNX2	531
CXCL12	PTEN	646
CXCL12	CD40	578
CXCL12	MMP9	891
CXCL12	PLAU	494
CXCL12	CSF3R	631
CXCL12	ENG	636
CXCL12	SRC	789
CXCL12	CXCR3	998
CXCL12	DKK1	636
CXCL12	TLR4	821
CXCL12	KLF4	403
CXCL12	SYK	411
CXCL12	TNFSF13B	623
CXCL12	BCL2L1	454
CXCL12	BMP2	532
CXCL12	EDN1	485
CXCL12	TEK	825
CXCL12	IFNA2	565
CXCL12	IFNB1	434
CXCL12	TLR7	441
CXCL12	SDC1	702
CXCL12	IL33	509
CXCL12	CD274	757
CXCL12	FGF9	621
CXCL12	CD9	416
CXCL12	IGF1	845
CXCL12	SPP1	683
CXCL12	CCL4	948
CXCL12	KITLG	839
CXCL12	CD48	422
CXCL12	HIF1A	824
CXCL12	BDNF	699
CXCL12	IL17A	632
CXCL12	NFE2L2	510
CXCL12	ITGB2	709
CXCL12	IL6	811
CXCL12	ADIPOQ	597
CXCL12	CXCL2	999
CXCL12	IGF2	698
CXCL12	SLAMF1	450
CXCL12	CXCR6	978
CXCL12	ESR1	879
CXCL12	FGF1	660
CXCL12	CTLA4	582
CXCL12	BTK	505
CXCL12	FGFR1	422
CXCL12	TNF	750
CXCL12	IDO1	604
CXCL12	SELL	720
CXCL12	ITGA4	533
CXCL12	BCL2	727
CXCL12	PECAM1	745
CXCL12	INS	661
CXCL12	GAPDH	602
CXCL12	ACTB	585
CXCL12	PROM1	647
CXCL12	IGF1R	634
CXCL12	FGF16	609
CXCL12	CDKN2A	432
CXCL12	NOTCH1	503
CXCL12	NTRK1	660
CXCL12	TGFA	479
CXCL12	IL22	447
CXCL12	CTNNB1	610
CXCL12	NCAM1	695
CXCL12	ANGPT1	704
CXCL12	CD24	481
CXCL12	LYN	643
CXCL12	PTPRC	827
CXCL12	JAK1	423
CXCL12	AKT1	722
CXCL12	PTPN11	491
CXCL12	PDCD1LG2	480
CXCL12	SIRPA	402
CXCL12	FGF13	742
CXCL12	VEGFC	619
CXCL12	CD8A	701
CXCL12	ERVW-1	407
CXCL12	ITGB1	678
CXCL12	RHOA	517
IL4R	CD4	780
IL4R	TNFRSF1A	475
IL4R	IL2RB	820
IL4R	GZMB	412
IL4R	CCL22	462
IL4R	CCL17	533
IL4R	RELB	481
IL4R	CSF3	836
IL4R	CCL2	665
IL4R	NFKB1	453
IL4R	IL10RA	802
IL4R	IFNG	962
IL4R	IL4	999
IL4R	IL5	933
IL4R	CCR7	478
IL4R	CD68	439
IL4R	EPO	700
IL4R	TLR2	531
IL4R	VWF	488
IL4R	CD33	505
IL4R	IL1A	688
IL4R	IL1B	746
IL4R	IL7	943
IL4R	CD80	551
IL4R	IL11	728
IL4R	STAT3	809
IL4R	EGF	750
IL4R	IFNAR1	697
IL4R	FCGR2A	417
IL4R	IL9	924
IL4R	IFNA1	779
IL4R	IL18	478
IL4R	CSF1R	650
IL4R	STAT5B	660
IL4R	VCAM1	411
IL4R	IL15	880
IL4R	IL3	798
IL4R	CCL11	726
IL4R	CLEC7A	467
IL4R	IRS1	704
IL4R	IL13	999
IL4R	CXCL10	443
IL4R	IL7R	832
IL4R	CXCL8	659
IL4R	LEP	711
IL4R	CD19	461
IL4R	ICOS	650
IL4R	CD28	418
IL4R	NOS2	444
IL4R	CSF1	487
IL4R	SOCS3	543
IL4R	PDGFB	683
IL4R	CD86	648
IL4R	IL21R	781
IL4R	STAT5A	671
IL4R	PDGFA	677
IL4R	ARG1	769
IL4R	TLR9	426
IL4R	STAT1	778
IL4R	CD247	401
IL4R	IFNGR1	732
IL4R	IL6R	828
IL4R	CD2	433
IL4R	CD40	790
IL4R	CSF3R	521
IL4R	CXCR3	554
IL4R	TLR4	547
IL4R	GATA3	755
IL4R	IFNA2	716
IL4R	IFNB1	776
IL4R	IRF4	545
IL4R	IL33	769
IL4R	CD274	494
IL4R	IL22	811
IL4R	JAK1	999
IL4R	PTPRC	574
IL4R	CD1D	428
IL4R	SOCS1	742
IL4R	PTPN6	723
IL4R	PTPN11	833
IL4R	PDCD1LG2	415
IL4R	TYK2	902
IL4R	CD8A	718
IL4R	BCL6	425
IL4R	IL17A	724
IL4R	IL12RB1	692
IL4R	IL6	937
IL4R	CTLA4	449
IL4R	SHC1	754
IL4R	TNF	645
IL4R	SELL	423
CDK2	SNAI2	415
CDK2	TNFRSF1A	499
CDK2	NFKBIA	506
CDK2	MMP2	479
CDK2	NFKB1	523
CDK2	CCND1	999
CDK2	CDKN1B	999
CDK2	NANOG	421
CDK2	SNAI1	448
CDK2	H3-3B	635
CDK2	KRAS	552
CDK2	CCNB1	999
CDK2	CDK4	998
CDK2	MDM2	849
CDK2	POU5F1	524
CDK2	CCND2	995
CDK2	CDH1	603
CDK2	SMAD2	575
CDK2	EP300	925
CDK2	IL1B	411
CDK2	KDR	432
CDK2	PIK3CA	448
CDK2	FGF2	421
CDK2	STAT3	627
CDK2	EGF	565
CDK2	SEM1	433
CDK2	NTRK1	536
CDK2	H3-5	629
CDK2	E2F1	997
CDK2	FASLG	407
CDK2	NOTCH1	464
CDK2	ANXA5	683
CDK2	CDKN2A	993
CDK2	CALML5	444
CDK2	CALML3	444
CDK2	CALML6	427
CDK2	PPARG	431
CDK2	HSPA5	428
CDK2	CTNNB1	733
CDK2	CASP9	673
CDK2	JAK1	518
CDK2	MAPK8	467
CDK2	TERT	689
CDK2	LYN	414
CDK2	PTGS2	598
CDK2	CALM3	465
CDK2	REL	510
CDK2	NPM1	826
CDK2	KIT	430
CDK2	RPS27A	914
CDK2	MMP9	566
CDK2	TFRC	531
CDK2	BMI1	575
CDK2	AKT1	577
CDK2	MTOR	585
CDK2	CDK1	994
CDK2	TYK2	493
CDK2	BCL2L11	505
CDK2	ALB	536
CDK2	NRAS	523
CDK2	RHOA	514
CDK2	BCL6	438
CDK2	SOX2	462
CDK2	FOS	643
CDK2	PTEN	784
CDK2	CEBPA	992
CDK2	HDAC1	575
CDK2	HSP90AA1	799
CDK2	H3-4	806
CDK2	FOXO1	967
CDK2	CASP8	756
CDK2	SMAD3	836
CDK2	CEBPB	424
CDK2	GATA3	518
CDK2	H3-7	633
CDK2	HIF1A	773
CDK2	PGR	822
CDK2	H3C13	638
CDK2	HSPA4	439
CDK2	RELA	435
CDK2	CYCS	675
CDK2	HSP90AB1	739
CDK2	TP53	987
CDK2	H3C12	632
CDK2	JUN	825
CDK2	SMAD4	404
CDK2	DNMT1	529
CDK2	IL6	473
CDK2	STAT1	417
CDK2	CDKN1A	999
CDK2	MCL1	602
CDK2	UBA52	900
CDK2	SHC1	596
CDK2	BRCA1	984
CDK2	ESR1	714
CDK2	CALML4	427
CDK2	TNF	489
CDK2	AR	495
CDK2	MYCN	504
CDK2	BCL2L1	664
CDK2	INS	515
CDK2	BCL2	812
CDK2	STAT5A	599
CDK2	XIAP	600
CDK2	PARP1	705
CDK2	IGF1	447
CDK2	UBB	910
CDK2	ATM	966
CDK2	ACTB	816
CDK2	BECN1	403
CDK2	GAPDH	791
CDK2	CASP3	829
HBEGF	CD4	507
HBEGF	TNFRSF1A	519
HBEGF	FGF4	657
HBEGF	FGF22	639
HBEGF	TIMP1	485
HBEGF	MMP2	939
HBEGF	CCL22	514
HBEGF	HGF	708
HBEGF	SERPINE1	506
HBEGF	CSF3	409
HBEGF	CCL2	620
HBEGF	FGF6	640
HBEGF	IFNG	483
HBEGF	ICAM1	550
HBEGF	EGR1	509
HBEGF	INS	478
HBEGF	FYN	480
HBEGF	PECAM1	415
HBEGF	MMP3	843
HBEGF	CD8A	506
HBEGF	AGT	433
HBEGF	ALB	586
HBEGF	VEGFC	444
HBEGF	FGF13	507
HBEGF	NRAS	580
HBEGF	FGF16	640
HBEGF	UBB	499
HBEGF	RHOA	669
HBEGF	IGF1	521
HBEGF	IGF1R	684
HBEGF	IL1A	503
HBEGF	FGF10	661
HBEGF	BCL6	607
HBEGF	ACTB	416
HBEGF	MAPK3	510
HBEGF	ANGPT2	454
HBEGF	GAPDH	434
HBEGF	ERBB4	999
HBEGF	FGF9	642
HBEGF	FOS	695
HBEGF	CD9	980
HBEGF	MMP9	950
HBEGF	RPS27A	526
HBEGF	PLAU	650
HBEGF	AKT1	592
HBEGF	PTPN11	507
HBEGF	FGF5	640
HBEGF	SHC1	606
HBEGF	UBA52	499
HBEGF	CXCL8	591
HBEGF	MET	411
HBEGF	ESR1	636
HBEGF	FGF1	600
HBEGF	CSF1	430
HBEGF	FLT1	539
HBEGF	TNF	586
HBEGF	IL1B	628
HBEGF	THBS1	462
HBEGF	ITGAE	418
HBEGF	PIK3CA	513
HBEGF	SOS1	498
HBEGF	CX3CR1	447
HBEGF	PDGFB	546
HBEGF	ERBB3	991
HBEGF	CSF1R	456
HBEGF	PTPRC	523
HBEGF	CBL	606
HBEGF	EDN1	504
HBEGF	TLR4	423
HBEGF	SRC	809
HBEGF	STAT3	475
HBEGF	ERBB2	944
HBEGF	PTGS2	830
HBEGF	KDR	549
HBEGF	IL6R	481
HBEGF	JUN	549
HBEGF	KRAS	678
HBEGF	EGF	992
HBEGF	CXCL2	431
HBEGF	ADIPOQ	767
HBEGF	FGF3	639
HBEGF	FGFR3	404
HBEGF	CDH1	435
HBEGF	TNFSF10	603
HBEGF	IL6	644
HBEGF	IL4	458
HBEGF	TGFA	917
HBEGF	FN1	479
HBEGF	HSP90AA1	582
HBEGF	PDGFRB	636
HBEGF	PIK3R1	452
HBEGF	PRKCA	582
HBEGF	TEK	595
HBEGF	PLCG1	576
HBEGF	LOX	400
HBEGF	FGF7	720
HBEGF	HIF1A	681
HBEGF	CTNNB1	410
HBEGF	FGF2	829
FYN	CD4	980
FYN	SNAI2	492
FYN	CDH17	408
FYN	TNFRSF1A	508
FYN	MAPK1	526
FYN	IL2RB	408
FYN	NFKBIA	554
FYN	CD79A	932
FYN	PIK3R2	955
FYN	RPS6KB1	464
FYN	NFKB1	636
FYN	CD69	408
FYN	IFNG	458
FYN	NR3C1	468
FYN	KLRK1	680
FYN	FLT3	570
FYN	PLCG1	904
FYN	KRAS	685
FYN	PDGFRA	448
FYN	SCARB1	941
FYN	CDH1	719
FYN	PDGFRB	891
FYN	SMAD2	605
FYN	TYROBP	933
FYN	EP300	523
FYN	IL1B	586
FYN	KDR	807
FYN	PIK3CA	951
FYN	CBL	998
FYN	CD80	598
FYN	WNT5A	546
FYN	STAT3	891
FYN	ICAM1	590
FYN	SCARB2	942
FYN	ZAP70	993
FYN	EGF	787
FYN	NRP1	832
FYN	ERBB3	678
FYN	TP53	657
FYN	ERBB2	807
FYN	FCGR2A	605
FYN	RPS27A	539
FYN	FLT1	605
FYN	CSF1R	692
FYN	KIT	771
FYN	FCER1G	981
FYN	CALM3	685
FYN	NCR1	646
FYN	STAT5B	734
FYN	ALB	442
FYN	IL15	545
FYN	AXL	467
FYN	CALML6	680
FYN	IRS1	923
FYN	IL7R	724
FYN	FOS	634
FYN	CYCS	588
FYN	CASP3	633
FYN	HAVCR2	839
FYN	CD19	642
FYN	CALML3	682
FYN	SOX2	400
FYN	CD28	867
FYN	CSF1	641
FYN	CD86	623
FYN	HSP90AA1	896
FYN	KLRD1	666
FYN	CAV1	997
FYN	STAT5A	825
FYN	ERBB4	634
FYN	CD5	700
FYN	PRKACG	548
FYN	CD40	467
FYN	CTNNB1	986
FYN	FASLG	856
FYN	CALML5	681
FYN	PRKCA	514
FYN	PIK3R1	988
FYN	SOCS1	574
FYN	PTPN6	810
FYN	CD1D	400
FYN	LYN	996
FYN	FCGR1A	541
FYN	MAPK8	656
FYN	PTPRC	988
FYN	JAK1	588
FYN	VAV1	959
FYN	FGFR2	425
FYN	TJP1	490
FYN	NCAM1	908
FYN	FAS	689
FYN	TYK2	538
FYN	PTPN11	988
FYN	AKT1	834
FYN	CD2	902
FYN	CDK1	425
FYN	MTOR	400
FYN	RHOA	966
FYN	PTEN	657
FYN	CD8A	964
FYN	ITGB1	923
FYN	NRAS	669
FYN	CD247	993
FYN	GATA3	541
FYN	FN1	678
FYN	KITLG	560
FYN	CD48	613
FYN	SLAMF1	948
FYN	IL6	426
FYN	KEAP1	431
FYN	PRKACB	614
FYN	RELA	538
FYN	SRC	999
FYN	PIK3CB	951
FYN	JUN	558
FYN	BDNF	828
FYN	HSP90AB1	821
FYN	IL17A	424
FYN	SOS1	850
FYN	PIK3CD	936
FYN	TNF	616
FYN	BTK	876
FYN	CD3E	967
FYN	STAT1	704
FYN	CALML4	679
FYN	SYK	983
FYN	CTLA4	910
FYN	UBA52	524
FYN	SHC1	995
FYN	UBB	532
FYN	GAPDH	493
FYN	ACTB	671
FYN	BCL2	428
FYN	PECAM1	870
FYN	INS	637
CD247	CD4	989
CD247	LAG3	658
CD247	IL2RB	917
CD247	GZMB	883
CD247	CD79A	418
CD247	PIK3R2	577
CD247	CD38	637
CD247	CD69	680
CD247	IFNG	740
CD247	IL4	484
CD247	KLRK1	901
CD247	PLCG1	892
CD247	CCR7	750
CD247	CD68	523
CD247	ITGAV	427
CD247	CD33	738
CD247	TYROBP	916
CD247	CD81	693
CD247	IL7	598
CD247	PIK3CA	571
CD247	CBL	523
CD247	CD80	579
CD247	STAT3	407
CD247	ICAM1	409
CD247	ZAP70	999
CD247	CD27	821
CD247	ERBB2	690
CD247	FCGR2A	592
CD247	IL18	448
CD247	FCER1G	989
CD247	NCR1	999
CD247	CCR5	469
CD247	STAT5B	553
CD247	IL15	657
CD247	IL13	405
CD247	IL7R	683
CD247	CCL19	414
CD247	HAVCR2	625
CD247	CD19	808
CD247	ICOS	793
CD247	CD28	981
CD247	IL3RA	517
CD247	CASP9	405
CD247	CD86	562
CD247	PDCD1	871
CD247	KLRD1	839
CD247	STAT5A	562
CD247	CD5	684
CD247	ITGAL	695
CD247	ARG1	597
CD247	CD3E	999
CD247	CXCR3	446
CD247	CD8A	998
CD247	SELL	598
CD247	IDO1	526
CD247	TNF	560
CD247	SOS1	475
CD247	PDCD1LG2	741
CD247	BCL2L1	553
CD247	CD2	944
CD247	PTPN11	817
CD247	AKT1	489
CD247	BTK	474
CD247	SHC1	980
CD247	CTLA4	708
CD247	CD274	874
CD247	SYK	997
CD247	CXCR6	417
CD247	SLAMF1	447
CD247	CD1D	679
CD247	PTPN6	938
CD247	IL6	654
CD247	ITGB2	577
CD247	VAV1	887
CD247	PTPRC	881
CD247	PIK3CB	548
CD247	FCGR1A	872
CD247	SRC	863
CD247	LYN	630
CD247	NCAM1	510
CD247	JUN	508
CD247	HLA-A	963
CD247	CD40	444
CD247	FASLG	635
CD247	PIK3R1	890
CD247	CD48	638
CD63	CD74	431
CD63	CD4	577
CD63	TIMP1	998
CD63	MMP2	431
CD63	MPO	758
CD63	CCL2	449
CD63	VTN	453
CD63	CD69	428
CD63	IFNG	495
CD63	IL4	450
CD63	KLRK1	585
CD63	CD68	476
CD63	APOE	421
CD63	LGALS3	764
CD63	NT5E	743
CD63	VWF	725
CD63	SCARB1	457
CD63	CDH1	451
CD63	ITGA2B	736
CD63	TYROBP	428
CD63	IL1B	527
CD63	CD81	994
CD63	EPCAM	743
CD63	KDR	743
CD63	CBL	403
CD63	CD80	454
CD63	WNT5A	406
CD63	STAT3	442
CD63	ICAM1	775
CD63	SCARB2	946
CD63	EGF	464
CD63	TP53	402
CD63	ERBB2	630
CD63	WNT3A	466
CD63	KIT	757
CD63	VCAM1	456
CD63	ALB	739
CD63	ANXA5	818
CD63	IL3	416
CD63	ANPEP	486
CD63	CLEC7A	748
CD63	HSPA4	981
CD63	CXCL8	432
CD63	CYCS	404
CD63	CASP3	521
CD63	CD19	654
CD63	CALR	498
CD63	HSPA5	579
CD63	IL3RA	454
CD63	CD86	737
CD63	HSP90AA1	829
CD63	CAV1	682
CD63	FN1	710
CD63	ITGAL	446
CD63	CD47	627
CD63	CR2	529
CD63	FASLG	406
CD63	HSP90AB1	829
CD63	PTEN	447
CD63	CD40	431
CD63	MMP9	699
CD63	ENG	726
CD63	SRC	573
CD63	TLR4	418
CD63	EDN1	481
CD63	SDC1	680
CD63	CD274	653
CD63	CD9	994
CD63	TFRC	721
CD63	SPP1	422
CD63	ITGB1	997
CD63	GAPDH	756
CD63	ITGA4	603
CD63	ITGB2	481
CD63	BCL2	413
CD63	IL6	562
CD63	CD8A	507
CD63	ERV3-1	583
CD63	TNF	549
CD63	PRKCA	443
CD63	PTPRC	613
CD63	ERVW-1	587
CD63	ERVFRD-1	584
CD63	PROM1	729
CD63	HSPA8	774
CD63	HIF1A	627
CD63	CTNNB1	646
CD63	NCAM1	401
CD63	CD24	447
CD63	AKT1	568
CD63	ACTB	662
CD63	PECAM1	682
CASP8	CD4	586
CASP8	TNFRSF1A	998
CASP8	MAPK1	839
CASP8	GZMB	962
CASP8	NFKBIA	686
CASP8	MMP2	490
CASP8	RELB	448
CASP8	RPS6KB1	480
CASP8	CCL2	669
CASP8	NFKB1	664
CASP8	CCND1	687
CASP8	CDKN1B	621
CASP8	IFNG	626
CASP8	IL4	423
CASP8	TNFSF10	994
CASP8	SNAI1	619
CASP8	H3-3B	422
CASP8	KRAS	480
CASP8	CCNB1	604
CASP8	CDK4	602
CASP8	MDM2	750
CASP8	TLR2	529
CASP8	CDH1	692
CASP8	SMAD2	402
CASP8	MAPK3	709
CASP8	EP300	589
CASP8	IL1A	582
CASP8	IL1B	943
CASP8	PIK3CA	488
CASP8	STAT3	634
CASP8	ICAM1	472
CASP8	EGF	486
CASP8	TP53	991
CASP8	ERBB2	538
CASP8	IFNAR1	447
CASP8	IFNA1	478
CASP8	ATM	961
CASP8	IL18	631
CASP8	PPARG	445
CASP8	STAT5B	416
CASP8	REL	474
CASP8	ALB	595
CASP8	ANXA5	842
CASP8	TLR3	923
CASP8	NOD2	492
CASP8	MAP2K1	481
CASP8	CLEC7A	787
CASP8	HSPA4	711
CASP8	CEBPB	482
CASP8	CXCL10	404
CASP8	FOS	653
CASP8	CXCL8	515
CASP8	EIF2AK3	578
CASP8	CYCS	952
CASP8	TERT	428
CASP8	CASP3	999
CASP8	TLR8	446
CASP8	MET	587
CASP8	CALR	440
CASP8	SOX2	565
CASP8	HSPA5	673
CASP8	CD28	404
CASP8	CASP9	944
CASP8	CD86	428
CASP8	H3C13	422
CASP8	HSP90AA1	692
CASP8	NLRP3	948
CASP8	H3-5	421
CASP8	ESR2	576
CASP8	E2F1	464
CASP8	FN1	411
CASP8	BECN1	914
CASP8	ACTB	779
CASP8	GAPDH	717
CASP8	IGF1	448
CASP8	IGF1R	441
CASP8	RUNX2	465
CASP8	XIAP	970
CASP8	PARP1	873
CASP8	BCL2	984
CASP8	INS	504
CASP8	VIM	820
CASP8	AR	536
CASP8	BCL2L1	933
CASP8	TNF	999
CASP8	TLR1	402
CASP8	BRCA1	468
CASP8	ESR1	690
CASP8	IKBKB	870
CASP8	SYK	446
CASP8	STAT1	559
CASP8	MCL1	802
CASP8	CDKN1A	621
CASP8	SQSTM1	982
CASP8	KEAP1	407
CASP8	IL6	739
CASP8	SPP1	474
CASP8	NFE2L2	497
CASP8	JUN	782
CASP8	IL17A	441
CASP8	HSP90AB1	761
CASP8	H3C12	423
CASP8	SRC	853
CASP8	TLR7	502
CASP8	RELA	704
CASP8	H3-7	421
CASP8	HIF1A	556
CASP8	HDAC1	403
CASP8	H3-4	422
CASP8	PTEN	781
CASP8	DNTT	639
CASP8	RHOA	660
CASP8	BCL2L11	753
CASP8	CD8A	595
CASP8	HSPA8	526
CASP8	IFNB1	727
CASP8	FAS	999
CASP8	MTOR	611
CASP8	CD274	445
CASP8	BRAF	440
CASP8	CDK1	716
CASP8	MMP9	712
CASP8	TLR9	412
CASP8	AKT1	790
CASP8	TNFAIP3	789
CASP8	PTPN6	454
CASP8	PTGS2	700
CASP8	NCAM1	527
CASP8	MAPK8	890
CASP8	TLR4	885
CASP8	JAK1	634
CASP8	PTPRC	504
CASP8	LYN	613
CASP8	CTNNB1	768
CASP8	TLR5	435
CASP8	CD40	625
CASP8	PRKCA	490
CASP8	PIK3R1	598
CASP8	NOTCH1	498
CASP8	CDKN2A	586
CASP8	GPT	406
CASP8	FASLG	999
CEBPA	CD4	434
CEBPA	MPO	458
CEBPA	CSF3	664
CEBPA	CCL2	445
CEBPA	NFKB1	608
CEBPA	SPI1	990
CEBPA	CCND1	627
CEBPA	IFNG	406
CEBPA	NANOG	423
CEBPA	NR3C1	758
CEBPA	EGR1	480
CEBPA	FLT3	981
CEBPA	BMP4	418
CEBPA	APOE	402
CEBPA	H3-3B	737
CEBPA	KRAS	523
CEBPA	PDGFRA	403
CEBPA	CDK4	991
CEBPA	POU5F1	456
CEBPA	SCARB1	594
CEBPA	SMAD2	598
CEBPA	CD33	464
CEBPA	MAPK3	493
CEBPA	EP300	902
CEBPA	IL1B	523
CEBPA	STAT3	875
CEBPA	PPARGC1A	859
CEBPA	SCARB2	579
CEBPA	LEF1	862
CEBPA	TP53	930
CEBPA	CSF1R	567
CEBPA	PPARG	991
CEBPA	KIT	691
CEBPA	STAT5B	521
CEBPA	WNT1	822
CEBPA	ALB	642
CEBPA	IL3	447
CEBPA	NPM1	813
CEBPA	ANPEP	401
CEBPA	RUNX1	994
CEBPA	WNT10B	891
CEBPA	IRS1	509
CEBPA	CEBPB	990
CEBPA	FOS	859
CEBPA	CXCL8	608
CEBPA	LEP	943
CEBPA	HNF4A	828
CEBPA	CALR	642
CEBPA	SOX2	656
CEBPA	CSF1	578
CEBPA	SMAD3	882
CEBPA	H3C13	735
CEBPA	H3-5	473
CEBPA	STAT5A	542
CEBPA	SMAD4	643
CEBPA	E2F1	913
CEBPA	NF1	494
CEBPA	H3C12	736
CEBPA	DNMT1	679
CEBPA	STAT1	471
CEBPA	H3-4	490
CEBPA	PARP1	671
CEBPA	IL6R	809
CEBPA	NRAS	621
CEBPA	PRKACB	555
CEBPA	JUN	886
CEBPA	RUNX2	767
CEBPA	PTEN	463
CEBPA	PLAU	459
CEBPA	CSF3R	936
CEBPA	HDAC1	939
CEBPA	CXCR3	471
CEBPA	TLR4	444
CEBPA	KLF4	587
CEBPA	AR	546
CEBPA	PRKACG	548
CEBPA	WT1	685
CEBPA	GATA3	716
CEBPA	FOXO1	975
CEBPA	ETS1	806
CEBPA	IGF1	445
CEBPA	GPT	419
CEBPA	MAPK8	662
CEBPA	GAPDH	594
CEBPA	INS	811
CEBPA	BCL2	621
CEBPA	RELA	611
CEBPA	CDKN1A	956
CEBPA	PPARA	685
CEBPA	IL6	739
CEBPA	CD8A	589
CEBPA	ADIPOQ	942
CEBPA	TNF	926
CEBPA	ESR1	606
CEBPA	PTPRC	513
CEBPA	CDKN2A	460
CEBPA	GATA4	428
CEBPA	PTPN11	534
CEBPA	AKT1	631
CEBPA	CTNNB1	733
CEBPA	NOTCH1	466
CEBPA	ACTB	602
CEBPA	H3-7	483
CEBPA	HIF1A	826
JUN	CX3CL1	535
JUN	CD4	626
JUN	SNAI2	775
JUN	CDH17	432
JUN	TNFRSF1A	729
JUN	FGF4	505
JUN	NGFR	478
JUN	FGF22	486
JUN	MAPK1	998
JUN	NFKBIA	908
JUN	TIMP1	701
JUN	MMP2	633
JUN	RELB	581
JUN	PIK3R2	424
JUN	HGF	481
JUN	SERPINE1	586
JUN	MPO	467
JUN	CSF3	418
JUN	RPS6KB1	959
JUN	CCL2	980
JUN	COL1A1	667
JUN	NFKB1	994
JUN	SPI1	993
JUN	CCND1	919
JUN	CD69	442
JUN	GLI1	474
JUN	FGF6	481
JUN	CDKN1B	554
JUN	IFNG	711
JUN	NANOG	448
JUN	LOX	513
JUN	IL4	608
JUN	IL5	476
JUN	NR3C1	961
JUN	TGFB3	624
JUN	EGR1	990
JUN	TNFSF10	471
JUN	TWIST1	417
JUN	PLCG1	602
JUN	SNAI1	823
JUN	BMP4	437
JUN	CD68	609
JUN	APOE	545
JUN	GFAP	459
JUN	LGALS3	456
JUN	H3-3B	873
JUN	JAG1	437
JUN	KRAS	624
JUN	CCNB1	561
JUN	CDK4	759
JUN	MDM2	803
JUN	POU5F1	480
JUN	TLR2	611
JUN	THBS1	493
JUN	ITGAV	494
JUN	CCND2	675
JUN	SCARB1	688
JUN	CDH1	755
JUN	PDGFRB	657
JUN	SMAD2	925
JUN	AXIN1	559
JUN	MAPK3	987
JUN	EP300	999
JUN	IL1A	944
JUN	IL1B	987
JUN	KDR	499
JUN	PIK3CA	646
JUN	CBL	611
JUN	CD80	412
JUN	FGF2	589
JUN	WNT5A	677
JUN	STAT3	995
JUN	FGF10	486
JUN	ICAM1	655
JUN	PPARGC1A	700
JUN	SCARB2	448
JUN	ZAP70	461
JUN	LEF1	681
JUN	EGF	890
JUN	ERBB3	493
JUN	FGF7	510
JUN	TP53	997
JUN	ERBB2	759
JUN	RPS27A	710
JUN	IFNA1	507
JUN	ATM	565
JUN	IL18	952
JUN	MYCN	449
JUN	FLT1	415
JUN	WNT3A	484
JUN	CSF1R	415
JUN	PPARG	849
JUN	KIT	452
JUN	ACE	469
JUN	CALM3	582
JUN	STAT5B	579
JUN	WNT1	434
JUN	VCAM1	581
JUN	REL	649
JUN	ALB	697
JUN	ANXA5	630
JUN	IL15	590
JUN	TLR3	535
JUN	IL3	433
JUN	SHH	441
JUN	MMP3	587
JUN	RUNX1	843
JUN	AXL	633
JUN	MAP2K1	808
JUN	AXIN2	503
JUN	HSPA4	765
JUN	CALML6	570
JUN	IRS1	701
JUN	IL13	544
JUN	CEBPB	927
JUN	CXCL10	508
JUN	FOS	999
JUN	CXCL8	987
JUN	EIF2AK3	721
JUN	CYCS	829
JUN	PLG	418
JUN	CASP3	809
JUN	FGF5	505
JUN	LEP	548
JUN	HNF4A	889
JUN	CALML3	581
JUN	MET	541
JUN	CALR	431
JUN	MMP1	842
JUN	SOX2	591
JUN	HSPA5	671
JUN	CD28	447
JUN	PGR	664
JUN	NOS2	534
JUN	CSF1	488
JUN	CASP9	770
JUN	SOCS3	634
JUN	CD86	419
JUN	SMAD3	997
JUN	H3C13	867
JUN	FGF3	480
JUN	HSP90AA1	798
JUN	NLRP3	488
JUN	CAV1	451
JUN	H3-5	746
JUN	STAT5A	721
JUN	SMAD4	989
JUN	ERBB4	436
JUN	ESR2	967
JUN	E2F1	743
JUN	FN1	625
JUN	TJP1	675
JUN	ARG1	415
JUN	NF1	446
JUN	CCL20	461
JUN	H3C12	867
JUN	DNMT1	507
JUN	TLR9	474
JUN	STAT1	910
JUN	MTOR	715
JUN	BECN1	725
JUN	AGT	623
JUN	H3-4	772
JUN	PARP1	805
JUN	PTGS2	866
JUN	FASLG	724
JUN	MCL1	656
JUN	NGF	652
JUN	NRAS	510
JUN	PRKACB	963
JUN	DNTT	529
JUN	XIAP	584
JUN	CD8A	583
JUN	HSPA8	503
JUN	BMP2	474
JUN	ITGB1	605
JUN	BCL2L11	778
JUN	FGF13	443
JUN	VEGFC	597
JUN	BCL6	814
JUN	RHOA	808
JUN	FGF9	510
JUN	PTEN	775
JUN	BMI1	672
JUN	PTPN11	575
JUN	AKT1	991
JUN	PLAU	516
JUN	MMP9	866
JUN	DKK1	447
JUN	GATA4	691
JUN	BRAF	576
JUN	CDK1	778
JUN	CD274	479
JUN	FAS	473
JUN	TYK2	418
JUN	IFNB1	608
JUN	SLC2A1	409
JUN	LYN	673
JUN	WT1	582
JUN	MAPK8	999
JUN	TLR4	741
JUN	VAV1	557
JUN	JAK1	544
JUN	PTPRC	582
JUN	KLF4	647
JUN	TNFAIP3	553
JUN	SOCS1	431
JUN	CYBB	531
JUN	TGFBR1	541
JUN	TGFA	487
JUN	NTRK1	543
JUN	CALML5	581
JUN	CDKN2A	779
JUN	GPT	546
JUN	PRKCA	570
JUN	PIK3R1	615
JUN	NOTCH1	603
JUN	PRKACG	963
JUN	CD40	671
JUN	CTNNB1	898
JUN	VIM	411
JUN	PECAM1	438
JUN	BCL2	927
JUN	INS	741
JUN	ETS1	873
JUN	RUNX2	968
JUN	ITGA4	407
JUN	AIF1	416
JUN	IGF1	636
JUN	IGF1R	574
JUN	FGF16	485
JUN	GAPDH	781
JUN	ACTB	806
JUN	BTK	425
JUN	CDKN1A	831
JUN	CALML4	570
JUN	PPARA	979
JUN	SYK	553
JUN	CTLA4	421
JUN	BRCA1	794
JUN	ESR1	999
JUN	SHC1	540
JUN	IKBKB	785
JUN	SOS1	447
JUN	FGFR1	414
JUN	NFATC1	963
JUN	TNF	989
JUN	BCL2L1	706
JUN	AR	840
JUN	RELA	986
JUN	PIK3CB	508
JUN	SRC	974
JUN	TLR7	453
JUN	EDN1	630
JUN	IL17A	582
JUN	HSP90AB1	752
JUN	BDNF	644
JUN	SPP1	515
JUN	NFE2L2	920
JUN	IGF2	407
JUN	IL6	989
JUN	ADIPOQ	517
JUN	SQSTM1	589
JUN	CXCL2	953
JUN	KEAP1	594
JUN	HDAC1	967
JUN	ALK	414
JUN	FOXO1	792
JUN	CCL4	640
JUN	GATA3	897
JUN	H3-7	746
JUN	HIF1A	961
JUN	IRF4	842
CD40	CX3CL1	428
CD40	CD74	570
CD40	CD4	924
CD40	TNFRSF1A	919
CD40	LAG3	632
CD40	IL2RB	451
CD40	GZMB	722
CD40	NFKBIA	822
CD40	CCL22	611
CD40	CCL17	561
CD40	RELB	934
CD40	CD79A	538
CD40	CSF3	525
CD40	CCL2	811
CD40	CD38	714
CD40	NFKB1	898
CD40	SPI1	476
CD40	CCND1	550
CD40	IL10RA	509
CD40	CD69	732
CD40	IFNG	927
CD40	IL4	929
CD40	IL5	789
CD40	KLRK1	508
CD40	TNFSF10	494
CD40	FLT3	400
CD40	CCR7	801
CD40	CD68	643
CD40	APOE	440
CD40	JAG1	587
CD40	NT5E	557
CD40	CCL21	610
CD40	TLR2	911
CD40	VWF	597
CD40	SCARB1	707
CD40	CD33	516
CD40	ITGA2B	732
CD40	MAPK3	471
CD40	ITGAE	660
CD40	IL1A	803
CD40	IL1B	949
CD40	CD81	455
CD40	IL7	618
CD40	KDR	529
CD40	PIK3CA	457
CD40	CBL	602
CD40	CD80	999
CD40	STAT3	634
CD40	ICAM1	972
CD40	SCARB2	706
CD40	ZAP70	501
CD40	NRP1	405
CD40	CD27	921
CD40	TP53	667
CD40	ERBB2	446
CD40	IFNAR1	464
CD40	FCGR2A	686
CD40	IL9	460
CD40	IFNA1	808
CD40	IL18	638
CD40	CSF1R	623
CD40	CXCL13	589
CD40	KIT	454
CD40	NCR1	427
CD40	CXCR5	786
CD40	CCR5	751
CD40	STAT5B	467
CD40	VCAM1	857
CD40	REL	992
CD40	ALB	541
CD40	CXCL5	431
CD40	ANXA5	667
CD40	IL15	769
CD40	TLR3	855
CD40	IL3	515
CD40	RAG1	575
CD40	NOD2	484
CD40	CCL11	451
CD40	CLEC7A	512
CD40	HSPA4	991
CD40	IL13	674
CD40	CXCL10	700
CD40	IL7R	595
CD40	CXCL8	682
CD40	CXCL11	535
CD40	CCL19	648
CD40	CASP3	515
CD40	FGF5	415
CD40	HAVCR2	614
CD40	TLR8	589
CD40	AOC3	582
CD40	LEP	548
CD40	CD19	880
CD40	CD209	672
CD40	ICOS	987
CD40	CALR	445
CD40	CD28	997
CD40	NOS2	454
CD40	CSF1	598
CD40	IL3RA	591
CD40	SOCS3	417
CD40	CD86	988
CD40	SMAD3	539
CD40	PDCD1	639
CD40	HSP90AA1	780
CD40	NLRP3	404
CD40	IL21R	661
CD40	KLRD1	525
CD40	STAT5A	485
CD40	CD5	659
CD40	FN1	431
CD40	ITGAL	721
CD40	ARG1	581
CD40	CX3CR1	512
CD40	CCL20	520
CD40	TLR9	845
CD40	STAT1	758
CD40	MTOR	435
CD40	CD3E	497
CD40	CXCL9	641
CD40	TLR1	582
CD40	CD47	539
CD40	CR2	693
CD40	PTGS2	447
CD40	FASLG	950
CD40	IFNGR1	429
CD40	IL6R	445
CD40	MCL1	418
CD40	PRDM1	773
CD40	FCGR1A	590
CD40	CD2	517
CD40	NGF	577
CD40	ENTPD1	545
CD40	HSP90AB1	780
CD40	ITGB1	455
CD40	ERVW-1	448
CD40	CD8A	915
CD40	HSPA8	568
CD40	IL33	478
CD40	SDC1	603
CD40	BCL6	741
CD40	MMP9	626
CD40	TFRC	438
CD40	PTPN11	401
CD40	AKT1	597
CD40	CD274	857
CD40	TYK2	414
CD40	FAS	865
CD40	ENG	487
CD40	SIRPA	549
CD40	IFNB1	615
CD40	PDCD1LG2	683
CD40	VAV1	400
CD40	JAK1	464
CD40	PTPRC	798
CD40	MAPK8	438
CD40	TLR4	918
CD40	LYN	717
CD40	CD24	552
CD40	NCAM1	581
CD40	CD1D	840
CD40	TNFAIP3	558
CD40	SOCS1	505
CD40	CYBB	407
CD40	IL22	523
CD40	TGFA	545
CD40	SEM1	400
CD40	NOTCH1	801
CD40	PIK3R1	449
CD40	HLA-A	549
CD40	TLR5	528
CD40	INS	457
CD40	CXCR3	594
CD40	PECAM1	666
CD40	BCL2	591
CD40	TNFSF13B	959
CD40	ITGA4	448
CD40	SELL	671
CD40	IDO1	731
CD40	ACTB	512
CD40	GAPDH	507
CD40	CD9	447
CD40	BTK	660
CD40	IKBKB	857
CD40	CTLA4	973
CD40	SYK	627
CD40	TNF	992
CD40	PIK3CD	455
CD40	BCL2L1	710
CD40	ITGB2	566
CD40	SRC	458
CD40	TLR7	740
CD40	IFNA2	405
CD40	RELA	991
CD40	IL17A	856
CD40	BDNF	428
CD40	SLAMF1	639
CD40	CD83	951
CD40	IL12RB1	447
CD40	LOC102723407	593
CD40	CXCL2	439
CD40	SPN	606
CD40	IL6	891
CD40	ERVFRD-1	447
CD40	CD48	687
CD40	CCL4	739
CD40	GATA3	474
CD40	IRF4	634
CD40	HIF1A	400
CD40	ERV3-1	447
LGALS3	CD74	429
LGALS3	CD4	652
LGALS3	CDH17	561
LGALS3	LAG3	990
LGALS3	GZMB	515
LGALS3	TIMP1	743
LGALS3	MMP2	695
LGALS3	MPO	443
LGALS3	CCL2	761
LGALS3	COL1A1	422
LGALS3	VTN	868
LGALS3	NFKB1	619
LGALS3	CCND1	618
LGALS3	IFNG	844
LGALS3	IL4	512
LGALS3	KLRK1	431
LGALS3	TNFSF10	491
LGALS3	CD68	706
LGALS3	APOE	581
LGALS3	GFAP	499
LGALS3	ALB	770
LGALS3	VWF	840
LGALS3	FGF13	521
LGALS3	NRAS	590
LGALS3	IL33	444
LGALS3	SCARB1	639
LGALS3	VCAM1	805
LGALS3	ITGB1	931
LGALS3	CD8A	543
LGALS3	MMP3	417
LGALS3	CD80	407
LGALS3	MAPK3	526
LGALS3	ITGA2	403
LGALS3	CD274	616
LGALS3	CXCL8	674
LGALS3	BRAF	433
LGALS3	CSF1	456
LGALS3	MMP9	824
LGALS3	AKT1	697
LGALS3	TFRC	654
LGALS3	CLEC7A	994
LGALS3	IRS1	480
LGALS3	TYROBP	422
LGALS3	PDCD1LG2	402
LGALS3	FAS	492
LGALS3	ENG	709
LGALS3	PTGS2	417
LGALS3	ACE	436
LGALS3	FGFR2	476
LGALS3	TLR4	938
LGALS3	PTPRC	983
LGALS3	VAV1	431
LGALS3	CSF1R	469
LGALS3	KRAS	959
LGALS3	CYBB	415
LGALS3	KIT	590
LGALS3	NPM1	581
LGALS3	HAVCR2	858
LGALS3	ANXA5	477
LGALS3	CD47	616
LGALS3	FGF2	613
LGALS3	CTNNB1	865
LGALS3	PPARG	678
LGALS3	IL13	443
LGALS3	AGT	434
LGALS3	RUNX2	887
LGALS3	PARP1	424
LGALS3	BCL2	915
LGALS3	PECAM1	684
LGALS3	INS	472
LGALS3	ICAM1	672
LGALS3	VIM	778
LGALS3	ACTB	506
LGALS3	CD9	464
LGALS3	CASP3	461
LGALS3	AXL	508
LGALS3	GAPDH	517
LGALS3	EPCAM	578
LGALS3	IL1A	455
LGALS3	HNF4A	497
LGALS3	AIF1	520
LGALS3	CTLA4	844
LGALS3	SCARB2	646
LGALS3	MET	538
LGALS3	CD209	590
LGALS3	CD86	440
LGALS3	CX3CR1	442
LGALS3	PDCD1	536
LGALS3	ERBB3	446
LGALS3	MMP1	612
LGALS3	NFATC1	485
LGALS3	THBS1	559
LGALS3	IL1B	655
LGALS3	TNF	626
LGALS3	FGFR1	501
LGALS3	PIK3CA	430
LGALS3	STAT3	449
LGALS3	SPP1	619
LGALS3	ANPEP	608
LGALS3	CXCL10	402
LGALS3	KDR	911
LGALS3	HSP90AB1	613
LGALS3	IL17A	615
LGALS3	TP53	474
LGALS3	RUNX1	847
LGALS3	SRC	635
LGALS3	ITGB2	609
LGALS3	SQSTM1	481
LGALS3	EGF	773
LGALS3	SPN	890
LGALS3	CDH1	430
LGALS3	IL6	768
LGALS3	ARG1	447
LGALS3	FCGR2A	660
LGALS3	CD48	474
LGALS3	SMAD3	451
LGALS3	HSP90AA1	480
LGALS3	FN1	985
LGALS3	SMAD2	451
LGALS3	TLR2	948
LGALS3	CEBPB	539
CCR7	CX3CL1	915
CCR7	CD74	474
CCR7	CD4	947
CCR7	LAG3	707
CCR7	IL2RB	728
CCR7	GZMB	803
CCR7	NFKBIA	607
CCR7	CCL22	984
CCR7	CCL17	932
CCR7	RELB	449
CCR7	CD79A	631
CCR7	CSF3	405
CCR7	CCL2	965
CCR7	CD38	884
CCR7	NFKB1	564
CCR7	SPI1	400
CCR7	IL10RA	591
CCR7	CD69	905
CCR7	IFNG	841
CCR7	IL4	735
CCR7	IL5	574
CCR7	KLRK1	601
CCR7	FLT3	432
CCR7	ERV3-1	568
CCR7	IRF4	641
CCR7	GATA3	607
CCR7	TLR2	564
CCR7	CXCR5	962
CCR7	CD5	890
CCR7	CCL4	996
CCR7	FOXO1	476
CCR7	CXCL11	930
CCR7	CD48	610
CCR7	FN1	615
CCR7	IL15	690
CCR7	NOS2	543
CCR7	ERVFRD-1	568
CCR7	ARG1	489
CCR7	SPN	452
CCR7	CDH1	400
CCR7	IL6	824
CCR7	IL12RB1	637
CCR7	CXCL2	898
CCR7	LOC102723407	418
CCR7	CXCL9	961
CCR7	KLRD1	574
CCR7	FCGR2A	545
CCR7	ZAP70	646
CCR7	SLAMF1	605
CCR7	CD83	876
CCR7	IL17A	704
CCR7	CXCL10	968
CCR7	IL6R	414
CCR7	STAT3	552
CCR7	CD27	923
CCR7	SPP1	553
CCR7	ITGB2	731
CCR7	SRC	774
CCR7	TLR7	591
CCR7	PDCD1	689
CCR7	LEF1	558
CCR7	CX3CR1	762
CCR7	IL3RA	727
CCR7	CXCR1	793
CCR7	TLR1	434
CCR7	CXCL5	877
CCR7	TNF	783
CCR7	IL1B	804
CCR7	ITGAE	773
CCR7	SYK	420
CCR7	CXCR6	863
CCR7	CTLA4	798
CCR7	CD86	895
CCR7	IL7	715
CCR7	BTK	402
CCR7	NT5E	426
CCR7	CD3E	744
CCR7	CD209	618
CCR7	STAT1	533
CCR7	GAPDH	464
CCR7	CD68	703
CCR7	ACTB	453
CCR7	IL18	530
CCR7	IL1A	540
CCR7	SELL	942
CCR7	IDO1	587
CCR7	AGT	577
CCR7	STAT5A	533
CCR7	IL13	609
CCR7	ITGA4	828
CCR7	TNFSF13B	530
CCR7	IL9	418
CCR7	ICAM1	736
CCR7	BCL2	662
CCR7	PECAM1	609
CCR7	CXCR3	763
CCR7	ITGAL	764
CCR7	ACE2	426
CCR7	PPARG	559
CCR7	HLA-A	600
CCR7	CCL20	994
CCR7	CD28	857
CCR7	ANXA5	468
CCR7	TLR8	464
CCR7	FASLG	561
CCR7	IL22	571
CCR7	ENTPD1	606
CCR7	KIT	400
CCR7	TLR3	491
CCR7	TNFAIP3	439
CCR7	IL7R	922
CCR7	HAVCR2	711
CCR7	IFNA1	591
CCR7	CD1D	626
CCR7	NCAM1	732
CCR7	ICOS	838
CCR7	NOD2	472
CCR7	CCND2	402
CCR7	CD24	553
CCR7	RAG1	513
CCR7	PTGS2	581
CCR7	PTPRC	877
CCR7	AOC3	513
CCR7	CSF1R	526
CCR7	FCGR1A	547
CCR7	TLR4	618
CCR7	PDCD1LG2	575
CCR7	TYROBP	412
CCR7	SIRPA	510
CCR7	IFNB1	487
CCR7	IL21R	620
CCR7	FAS	721
CCR7	CSF1	435
CCR7	CD19	880
CCR7	JAG1	487
CCR7	CD274	684
CCR7	CXCL8	900
CCR7	CCR5	956
CCR7	CD2	822
CCR7	PTPN11	513
CCR7	AKT1	480
CCR7	TLR9	701
CCR7	CCL11	806
CCR7	MMP9	706
CCR7	PDGFA	433
CCR7	CR2	620
CCR7	CCL21	999
CCR7	CD80	894
CCR7	NCR1	566
CCR7	BCL6	655
CCR7	CD33	541
CCR7	CCL19	999
CCR7	IL33	427
CCR7	VEGFC	672
CCR7	VCAM1	580
CCR7	PRDM1	614
CCR7	SDC1	430
CCR7	ALB	497
CCR7	STAT5B	504
CCR7	ERVW-1	571
CCR7	CD8A	941
CCR7	CXCL13	999
CD83	CD74	466
CD83	CD4	754
CD83	TNFRSF1A	627
CD83	GZMB	461
CD83	NFKBIA	495
CD83	CCL22	469
CD83	RELB	454
CD83	CD79A	471
CD83	CCL2	533
CD83	CD38	565
CD83	NFKB1	438
CD83	IL10RA	433
CD83	CD69	678
CD83	IFNG	740
CD83	IL4	792
CD83	IL5	435
CD83	CD68	793
CD83	CCL21	541
CD83	TLR2	619
CD83	CD33	497
CD83	ITGAE	481
CD83	IL1A	516
CD83	IL1B	727
CD83	IL7	460
CD83	CD80	914
CD83	ICAM1	696
CD83	NRP1	418
CD83	CD27	489
CD83	FCGR2A	490
CD83	IFNA1	604
CD83	IL18	433
CD83	CSF1R	442
CD83	CXCR5	449
CD83	CCR5	556
CD83	VCAM1	416
CD83	ANXA5	406
CD83	IL15	543
CD83	TLR3	703
CD83	CLEC7A	521
CD83	IL13	451
CD83	CXCL10	536
CD83	IL7R	434
CD83	FOS	491
CD83	CXCL8	666
CD83	CCL19	606
CD83	TLR8	493
CD83	CD19	793
CD83	CD209	787
CD83	CD28	724
CD83	CSF1	422
CD83	IL3RA	669
CD83	CD86	926
CD83	CD5	425
CD83	ITGAL	404
CD83	CCL20	494
CD83	TLR9	552
CD83	STAT1	428
CD83	CXCL9	480
CD83	TLR1	449
CD83	FCGR1A	675
CD83	CD2	558
CD83	TLR4	646
CD83	TNFSF13B	615
CD83	IL17A	529
CD83	NCAM1	583
CD83	ITGB2	425
CD83	PTPRC	611
CD83	TLR7	615
CD83	IL6	742
CD83	CXCL2	425
CD83	TNFAIP3	595
CD83	CD1D	914
CD83	CCL4	632
CD83	ERVFRD-1	507
CD83	ERV3-1	507
CD83	IRF4	442
CD83	TLR5	425
CD83	HLA-A	492
CD83	SELL	500
CD83	SDC1	552
CD83	IDO1	537
CD83	CD8A	726
CD83	BCL6	417
CD83	CD274	623
CD83	CTLA4	552
CD83	PDCD1LG2	518
CD83	IFNB1	457
CD83	TNF	923
JAG1	CD4	470
JAG1	SNAI2	580
JAG1	FGF4	463
JAG1	FGF22	441
JAG1	MMP2	410
JAG1	HGF	449
JAG1	COL1A1	440
JAG1	NFKB1	429
JAG1	CCND1	742
JAG1	GLI1	524
JAG1	FGF6	453
JAG1	CDKN1B	446
JAG1	IFNG	425
JAG1	NANOG	450
JAG1	TWIST1	699
JAG1	SNAI1	565
JAG1	BMP4	571
JAG1	GFAP	603
JAG1	GAPDH	567
JAG1	CASP3	423
JAG1	ACTB	554
JAG1	FGF10	505
JAG1	POU5F1	459
JAG1	PROM1	540
JAG1	IGF1R	600
JAG1	IGF1	418
JAG1	EPCAM	453
JAG1	UBB	442
JAG1	HNF4A	452
JAG1	FGF16	448
JAG1	RUNX2	487
JAG1	PECAM1	556
JAG1	BCL2	449
JAG1	INS	412
JAG1	IL9	472
JAG1	WNT4	465
JAG1	LEF1	449
JAG1	THBS1	599
JAG1	TNF	488
JAG1	IL1B	450
JAG1	MET	408
JAG1	ESR1	631
JAG1	UBA52	410
JAG1	CDKN1A	454
JAG1	IL6	526
JAG1	CDH1	589
JAG1	FGF3	593
JAG1	EGF	869
JAG1	KDR	701
JAG1	SHH	616
JAG1	SMAD4	444
JAG1	TP53	509
JAG1	STAT3	532
JAG1	SPP1	659
JAG1	SRC	417
JAG1	EDN1	530
JAG1	SMAD2	483
JAG1	WNT5A	501
JAG1	HIF1A	518
JAG1	AXIN1	407
JAG1	TEK	494
JAG1	GATA3	463
JAG1	SMAD3	523
JAG1	KITLG	487
JAG1	PDGFRB	451
JAG1	FN1	500
JAG1	PTEN	489
JAG1	FGF9	476
JAG1	ANGPT2	416
JAG1	MAPK3	425
JAG1	SOX2	701
JAG1	VWF	404
JAG1	FGF13	423
JAG1	VEGFC	408
JAG1	VCAM1	469
JAG1	ALB	437
JAG1	BMP2	496
JAG1	WNT1	694
JAG1	ITGB1	401
JAG1	PDGFB	440
JAG1	GATA4	657
JAG1	FLT1	463
JAG1	FGF5	618
JAG1	BMI1	451
JAG1	AKT1	613
JAG1	NOTCH2	999
JAG1	PLAU	573
JAG1	RPS27A	488
JAG1	ITGAV	560
JAG1	MMP9	449
JAG1	DKK1	634
JAG1	KIT	461
JAG1	TGFBR1	449
JAG1	KRAS	430
JAG1	WNT3A	587
JAG1	NES	524
JAG1	FGFR2	596
JAG1	KLF4	497
JAG1	ERBB2	492
JAG1	ANGPT1	532
JAG1	CD24	483
JAG1	WT1	408
JAG1	PDGFRA	435
JAG1	TLR4	423
JAG1	PTPRC	490
JAG1	FGF2	536
JAG1	CTNNB1	796
JAG1	FGF7	624
JAG1	NOTCH1	999
JAG1	AXIN2	623
GLI1	FGF4	521
GLI1	FGF22	439
GLI1	RPS6KB1	585
GLI1	CCND1	633
GLI1	FGF5	458
GLI1	MTOR	401
GLI1	NOTCH2	514
GLI1	GFAP	414
GLI1	BMI1	867
GLI1	AKT1	794
GLI1	DKK1	439
GLI1	RPS27A	556
GLI1	MMP9	445
GLI1	FGF9	521
GLI1	PTEN	493
GLI1	SOX2	772
GLI1	MAPK3	472
GLI1	TWIST1	508
GLI1	ALB	610
GLI1	BMP2	507
GLI1	WNT1	503
GLI1	FGF2	458
GLI1	PPARGC1A	428
GLI1	CTNNB1	829
GLI1	MDM2	435
GLI1	FGF7	474
GLI1	PRKACG	954
GLI1	CDKN2A	459
GLI1	NOTCH1	578
GLI1	AXIN2	626
GLI1	H3-5	433
GLI1	SEM1	400
GLI1	KIT	536
GLI1	WNT3A	476
GLI1	KRAS	544
GLI1	CCND2	487
GLI1	NES	587
GLI1	FGFR2	488
GLI1	CD24	480
GLI1	ERBB2	448
GLI1	LYN	427
GLI1	BMP4	644
GLI1	PDGFRA	711
GLI1	MYCN	759
GLI1	WNT4	424
GLI1	AR	586
GLI1	LEF1	553
GLI1	WNT10B	412
GLI1	FGFR1	435
GLI1	TNF	484
GLI1	UBA52	541
GLI1	IKBKB	444
GLI1	ESR1	422
GLI1	CCNB1	411
GLI1	NANOG	779
GLI1	CASP3	473
GLI1	GAPDH	597
GLI1	ATM	539
GLI1	ACTB	675
GLI1	FGF10	531
GLI1	PROM1	582
GLI1	POU5F1	607
GLI1	FGF16	508
GLI1	IGF1	402
GLI1	IGF1R	407
GLI1	HNF4A	509
GLI1	UBB	529
GLI1	XIAP	530
GLI1	RUNX2	689
GLI1	CDK4	524
GLI1	INS	425
GLI1	BCL2	577
GLI1	PECAM1	411
GLI1	SMAD2	600
GLI1	AXIN1	512
GLI1	H3-7	433
GLI1	WNT5A	509
GLI1	HIF1A	453
GLI1	KITLG	464
GLI1	SMAD3	443
GLI1	PDGFRB	504
GLI1	PAX6	590
GLI1	FN1	418
GLI1	H3-3B	436
GLI1	H3-4	433
GLI1	HSP90AA1	461
GLI1	HDAC1	691
GLI1	FGF3	531
GLI1	CDH1	582
GLI1	IL6	406
GLI1	EGF	614
GLI1	IGF2	401
GLI1	EP300	402
GLI1	HSP90AB1	461
GLI1	H3C12	435
GLI1	TP53	647
GLI1	SMAD4	745
GLI1	KDR	409
GLI1	SHH	979
GLI1	FGF6	453
GLI1	STAT3	859
GLI1	SPP1	439
GLI1	PRKACB	954
GLI1	H3C13	433
ITGA4	CX3CL1	646
ITGA4	CD4	740
ITGA4	LAG3	406
ITGA4	IL2RB	471
ITGA4	GZMB	499
ITGA4	CCL22	517
ITGA4	CCL17	512
ITGA4	CCL2	407
ITGA4	COL1A1	830
ITGA4	VTN	834
ITGA4	CD38	802
ITGA4	NFKB1	574
ITGA4	CD69	784
ITGA4	IFNG	692
ITGA4	IL4	506
ITGA4	EGR1	459
ITGA4	KLRK1	408
ITGA4	NT5E	515
ITGA4	CCL21	487
ITGA4	THBS1	738
ITGA4	ITGAV	960
ITGA4	VWF	743
ITGA4	SCARB1	563
ITGA4	CD33	434
ITGA4	ITGA2B	598
ITGA4	ITGAE	647
ITGA4	IL1B	489
ITGA4	CD81	745
ITGA4	IL7	592
ITGA4	CD80	681
ITGA4	ICAM1	986
ITGA4	SCARB2	565
ITGA4	ZAP70	579
ITGA4	NRP1	497
ITGA4	CD27	613
ITGA4	FCGR2A	449
ITGA4	KIT	454
ITGA4	CXCR5	476
ITGA4	CCR5	677
ITGA4	VCAM1	999
ITGA4	IL15	415
ITGA4	ITGA2	951
ITGA4	ANPEP	471
ITGA4	CXCL10	611
ITGA4	IL7R	630
ITGA4	AOC3	416
ITGA4	CD19	772
ITGA4	ICOS	462
ITGA4	CD28	801
ITGA4	CD86	516
ITGA4	CD5	704
ITGA4	FN1	999
ITGA4	ITGAL	963
ITGA4	CX3CR1	599
ITGA4	CD3E	434
ITGA4	CD47	663
ITGA4	CR2	413
ITGA4	FCGR1A	414
ITGA4	CD2	675
ITGA4	MMP9	428
ITGA4	ENG	705
ITGA4	SRC	954
ITGA4	CXCR3	717
ITGA4	TLR4	441
ITGA4	TEK	480
ITGA4	SDC1	432
ITGA4	CD9	478
ITGA4	TFRC	635
ITGA4	SPP1	973
ITGA4	ITGB1	999
ITGA4	NTRK1	424
ITGA4	ANGPT1	553
ITGA4	NCAM1	543
ITGA4	PTPRC	765
ITGA4	LYN	655
ITGA4	FAS	556
ITGA4	AKT1	579
ITGA4	CD8A	835
ITGA4	CD48	414
ITGA4	CCL4	434
ITGA4	LOC102723407	501
ITGA4	IL6	500
ITGA4	SPN	472
ITGA4	IL17A	506
ITGA4	ITGB2	994
ITGA4	TNF	754
ITGA4	CTLA4	465
ITGA4	CXCR6	630
ITGA4	BTK	423
ITGA4	ACTB	779
ITGA4	IGF1R	493
ITGA4	SELL	842
ITGA4	PECAM1	746
BRCA1	SNAI2	420
BRCA1	CDH17	503
BRCA1	MAPK1	516
BRCA1	NFKB1	726
BRCA1	CCND1	922
BRCA1	CDKN1B	506
BRCA1	NANOG	447
BRCA1	EGR1	415
BRCA1	FLT3	486
BRCA1	SNAI1	444
BRCA1	H3-3B	735
BRCA1	KRAS	721
BRCA1	CCNB1	916
BRCA1	PDGFRA	516
BRCA1	CDK4	972
BRCA1	MDM2	794
BRCA1	POU5F1	626
BRCA1	CCND2	456
BRCA1	VWF	425
BRCA1	CDH1	676
BRCA1	SMAD2	562
BRCA1	AXIN1	535
BRCA1	ITGA2B	565
BRCA1	MAPK3	566
BRCA1	EP300	986
BRCA1	EPCAM	580
BRCA1	PIK3CA	728
BRCA1	CBL	484
BRCA1	STAT3	812
BRCA1	PPARGC1A	412
BRCA1	EGF	571
BRCA1	ERBB3	509
BRCA1	TP53	999
BRCA1	ERBB2	918
BRCA1	RPS27A	725
BRCA1	ATM	999
BRCA1	MYCN	728
BRCA1	KIT	511
BRCA1	VCAM1	543
BRCA1	ALB	503
BRCA1	ANXA5	490
BRCA1	NPM1	773
BRCA1	RUNX1	530
BRCA1	HSPA4	571
BRCA1	CEBPB	427
BRCA1	TERT	646
BRCA1	CASP3	577
BRCA1	MET	409
BRCA1	SOX2	443
BRCA1	PGR	963
BRCA1	CASP9	574
BRCA1	SMAD3	867
BRCA1	H3C13	743
BRCA1	PDCD1	418
BRCA1	HSP90AA1	752
BRCA1	FGFR3	444
BRCA1	H3-5	738
BRCA1	STAT5A	734
BRCA1	SMAD4	596
BRCA1	ERBB4	436
BRCA1	ESR2	646
BRCA1	E2F1	879
BRCA1	NF1	876
BRCA1	H3C12	759
BRCA1	DNMT1	799
BRCA1	STAT1	958
BRCA1	MTOR	497
BRCA1	BECN1	603
BRCA1	H3-4	872
BRCA1	PARP1	974
BRCA1	FASLG	435
BRCA1	MCL1	432
BRCA1	PRDM1	405
BRCA1	NRAS	538
BRCA1	XIAP	536
BRCA1	HSP90AB1	660
BRCA1	PTEN	821
BRCA1	HDAC1	958
BRCA1	SRC	660
BRCA1	AR	908
BRCA1	BCL2L1	448
BRCA1	BMI1	970
BRCA1	WT1	683
BRCA1	GATA3	770
BRCA1	FOXO1	633
BRCA1	CD274	620
BRCA1	ALK	544
BRCA1	SQSTM1	416
BRCA1	ETS1	490
BRCA1	IGF1	445
BRCA1	KEAP1	757
BRCA1	CDK1	878
BRCA1	MAPK8	546
BRCA1	GAPDH	602
BRCA1	NFE2L2	813
BRCA1	INS	517
BRCA1	BCL2	800
BRCA1	RELA	878
BRCA1	CDKN1A	809
BRCA1	IL6	416
BRCA1	CD8A	447
BRCA1	UBA52	534
BRCA1	FGFR1	483
BRCA1	TNF	418
BRCA1	ESR1	999
BRCA1	FGFR2	575
BRCA1	CDKN2A	832
BRCA1	H3-7	743
BRCA1	HIF1A	637
BRCA1	LOC102723407	507
BRCA1	CTLA4	450
BRCA1	IKBKB	623
BRCA1	IGF1R	480
BRCA1	UBB	578
BRCA1	ACTB	581
BRCA1	CTNNB1	731
BRCA1	NTRK1	415
BRCA1	SEM1	895
BRCA1	PIK3R1	766
BRCA1	NOTCH1	698
BRCA1	JAK1	496
BRCA1	CD24	447
BRCA1	AKT1	993
BRCA1	BRAF	678
BRCA1	HSPA8	617
PIK3CD	CD4	499
PIK3CD	NGFR	900
PIK3CD	IL2RB	525
PIK3CD	CD79A	807
PIK3CD	PIK3R2	999
PIK3CD	RPS6KB1	557
PIK3CD	IFNG	402
PIK3CD	IL4	417
PIK3CD	IL5	527
PIK3CD	FLT3	940
PIK3CD	PLCG1	927
PIK3CD	EPO	538
PIK3CD	KRAS	974
PIK3CD	PDGFRA	924
PIK3CD	PDGFRB	932
PIK3CD	KDR	928
PIK3CD	PIK3CA	998
PIK3CD	CBL	722
PIK3CD	STAT3	421
PIK3CD	ZAP70	944
PIK3CD	ERBB3	951
PIK3CD	TP53	462
PIK3CD	ERBB2	941
PIK3CD	FLT1	737
PIK3CD	CSF1R	439
PIK3CD	KIT	940
PIK3CD	FCER1G	926
PIK3CD	VCAM1	479
PIK3CD	ITGA2	910
PIK3CD	IL3	500
PIK3CD	IRS1	943
PIK3CD	FOS	512
PIK3CD	CD19	971
PIK3CD	MET	922
PIK3CD	ICOS	944
PIK3CD	CD28	943
PIK3CD	PGR	911
PIK3CD	IL3RA	469
PIK3CD	SOCS3	600
PIK3CD	FGFR3	715
PIK3CD	ERBB4	925
PIK3CD	MTOR	942
PIK3CD	BECN1	618
PIK3CD	AGT	431
PIK3CD	IFNGR1	911
PIK3CD	MCL1	427
PIK3CD	NRAS	954
PIK3CD	PTEN	973
PIK3CD	SRC	967
PIK3CD	TLR4	934
PIK3CD	SYK	976
PIK3CD	TNFSF13B	477
PIK3CD	BCL2L1	415
PIK3CD	AKT1	976
PIK3CD	PTPN11	931
PIK3CD	BRAF	433
PIK3CD	CD274	402
PIK3CD	TYK2	760
PIK3CD	CD8A	548
PIK3CD	ITGB1	915
PIK3CD	NTRK1	922
PIK3CD	PIK3R1	999
PIK3CD	LYN	956
PIK3CD	JAK1	945
PIK3CD	PTPRC	476
PIK3CD	VAV1	945
PIK3CD	FGFR2	727
PIK3CD	SOCS1	613
PIK3CD	PTPN6	926
PIK3CD	BTK	978
PIK3CD	CTLA4	418
PIK3CD	SHC1	552
PIK3CD	SOS1	632
PIK3CD	FGFR1	924
PIK3CD	TNF	431
PIK3CD	BCL2	465
PIK3CD	SELL	435
PIK3CD	IGF1R	950
PIK3CD	ALK	927
PIK3CD	FOXO1	597
PIK3CD	KITLG	430
PIK3CD	PIK3CB	998
PIK3CD	ITGB2	926
PIK3CD	IL6	407
PIK3CD	LOC102723407	507
TLR1	CD4	672
TLR1	TNFRSF1A	401
TLR1	NFKBIA	545
TLR1	RELB	448
TLR1	CSF3	583
TLR1	CCL2	610
TLR1	NFKB1	770
TLR1	SPI1	485
TLR1	IL10RA	443
TLR1	IFNG	704
TLR1	IL4	700
TLR1	IL5	421
TLR1	TNFSF10	404
TLR1	CD68	425
TLR1	TLR2	999
TLR1	SCARB1	941
TLR1	TYROBP	455
TLR1	IL1A	607
TLR1	IL1B	842
TLR1	CD80	615
TLR1	STAT3	429
TLR1	ICAM1	508
TLR1	SCARB2	932
TLR1	IFNAR1	420
TLR1	FCGR2A	573
TLR1	IFNA1	727
TLR1	IL18	606
TLR1	CSF1R	423
TLR1	FCER1G	401
TLR1	CCR5	529
TLR1	REL	451
TLR1	IL15	462
TLR1	TLR3	651
TLR1	NOD2	841
TLR1	CLEC7A	824
TLR1	IL13	505
TLR1	CXCL10	586
TLR1	FOS	559
TLR1	CXCL8	665
TLR1	TLR8	800
TLR1	CD19	442
TLR1	CD209	506
TLR1	CSF1	408
TLR1	CD86	720
TLR1	NLRP3	569
TLR1	CCL20	593
TLR1	TLR9	663
TLR1	STAT1	518
TLR1	CXCL9	433
TLR1	TLR5	860
TLR1	FCGR1A	459
TLR1	TLR4	996
TLR1	PTPRC	585
TLR1	LYN	401
TLR1	PTGS2	423
TLR1	TNFAIP3	417
TLR1	CYBB	533
TLR1	MMP9	609
TLR1	AKT1	451
TLR1	IFNB1	766
TLR1	IFNGR1	410
TLR1	CD8A	749
TLR1	CD48	469
TLR1	CCL4	667
TLR1	TLR7	780
TLR1	ITGB2	860
TLR1	RELA	448
TLR1	IL6R	616
TLR1	IL17A	528
TLR1	IL6	889
TLR1	BTK	460
TLR1	IKBKB	482
TLR1	SYK	519
TLR1	TNF	834
TLR1	BCL2L1	467
TLR1	TNFSF13B	522
TLR1	SELL	458
TLR1	AIF1	400
TLR1	BECN1	495
TLR1	ACTB	632
TLR1	GAPDH	496
SERPINE1	CD4	415
SERPINE1	SNAI2	523
SERPINE1	TNFRSF1A	464
SERPINE1	FGF4	440
SERPINE1	FGF22	486
SERPINE1	NFKBIA	400
SERPINE1	TIMP1	840
SERPINE1	MMP2	755
SERPINE1	HGF	832
SERPINE1	MMP3	877
SERPINE1	EGR1	464
SERPINE1	ITGB1	429
SERPINE1	CCND1	652
SERPINE1	VCAM1	719
SERPINE1	VEGFC	489
SERPINE1	SCARB1	461
SERPINE1	VWF	817
SERPINE1	IL11	425
SERPINE1	ALB	629
SERPINE1	ITGA2	614
SERPINE1	IFNG	720
SERPINE1	RHOA	420
SERPINE1	FOS	480
SERPINE1	FGF9	477
SERPINE1	PTEN	407
SERPINE1	MAPK3	506
SERPINE1	CSF3	492
SERPINE1	SOX2	498
SERPINE1	ANGPT2	545
SERPINE1	AKT1	608
SERPINE1	ITGAV	411
SERPINE1	MMP9	801
SERPINE1	PLAU	999
SERPINE1	CCL11	584
SERPINE1	CSF1	612
SERPINE1	FLT1	457
SERPINE1	FGF5	509
SERPINE1	CXCL8	736
SERPINE1	EPO	582
SERPINE1	ENG	514
SERPINE1	MAP2K1	550
SERPINE1	IRS1	457
SERPINE1	SLC2A1	667
SERPINE1	VTN	999
SERPINE1	PDGFB	414
SERPINE1	TLR4	721
SERPINE1	FCGR1A	452
SERPINE1	SNAI1	536
SERPINE1	ACE	710
SERPINE1	ANGPT1	477
SERPINE1	ERBB2	447
SERPINE1	PTGS2	815
SERPINE1	TGFBR1	623
SERPINE1	PLG	989
SERPINE1	TGFA	417
SERPINE1	GPT	659
SERPINE1	CDKN2A	471
SERPINE1	NOTCH1	524
SERPINE1	LOX	573
SERPINE1	FGF7	546
SERPINE1	PPARG	732
SERPINE1	ACE2	549
SERPINE1	LEP	851
SERPINE1	CTNNB1	494
SERPINE1	PPARGC1A	405
SERPINE1	FGF2	741
SERPINE1	VIM	468
SERPINE1	CAV1	529
SERPINE1	ICAM1	742
SERPINE1	INS	853
SERPINE1	PECAM1	527
SERPINE1	BCL2	448
SERPINE1	ETS1	541
SERPINE1	AGT	498
SERPINE1	IL13	442
SERPINE1	FGF10	486
SERPINE1	IL18	480
SERPINE1	FGF16	477
SERPINE1	IL1A	758
SERPINE1	TGFB3	515
SERPINE1	IGF1	733
SERPINE1	EPCAM	538
SERPINE1	CD68	583
SERPINE1	GAPDH	745
SERPINE1	AXL	609
SERPINE1	CASP3	527
SERPINE1	ACTB	548
SERPINE1	COL1A1	643
SERPINE1	NFKB1	525
SERPINE1	CDKN1A	701
SERPINE1	MCL1	446
SERPINE1	PPARA	455
SERPINE1	ESR1	473
SERPINE1	SCARB2	427
SERPINE1	TNF	764
SERPINE1	IL1B	746
SERPINE1	CXCL5	425
SERPINE1	THBS1	819
SERPINE1	MMP1	773
SERPINE1	EDN1	755
SERPINE1	SRC	446
SERPINE1	TP53	593
SERPINE1	IL17A	460
SERPINE1	BDNF	406
SERPINE1	SMAD4	873
SERPINE1	KDR	453
SERPINE1	CXCL10	666
SERPINE1	SPP1	563
SERPINE1	FGF6	486
SERPINE1	APOE	601
SERPINE1	STAT3	517
SERPINE1	NGF	419
SERPINE1	ITGA2B	438
SERPINE1	IGF2	761
SERPINE1	FGF3	486
SERPINE1	ADIPOQ	789
SERPINE1	IL6	849
SERPINE1	CDH1	545
SERPINE1	IL4	447
SERPINE1	EGF	571
SERPINE1	FN1	790
SERPINE1	HDAC1	508
SERPINE1	NOS2	401
SERPINE1	SMAD3	848
SERPINE1	CCL4	422
SERPINE1	PDGFRB	405
SERPINE1	CCL2	918
SERPINE1	SMAD2	846
SERPINE1	MPO	685
SERPINE1	HIF1A	624
RPS27A	CD74	974
RPS27A	TNFRSF1A	657
RPS27A	FGF4	514
RPS27A	NGFR	499
RPS27A	FGF22	515
RPS27A	MAPK1	475
RPS27A	NFKBIA	986
RPS27A	RELB	538
RPS27A	HGF	530
RPS27A	CSF3	702
RPS27A	NFKB1	657
RPS27A	CCND1	679
RPS27A	FGF6	515
RPS27A	CDKN1B	966
RPS27A	FLT3	541
RPS27A	SNAI1	526
RPS27A	GFAP	543
RPS27A	H3-3B	521
RPS27A	KRAS	636
RPS27A	CCNB1	593
RPS27A	NOTCH2	555
RPS27A	MDM2	994
RPS27A	CDH1	904
RPS27A	PDGFRB	400
RPS27A	SMAD2	679
RPS27A	AXIN1	768
RPS27A	EP300	688
RPS27A	CBL	954
RPS27A	FGF2	556
RPS27A	FGF10	518
RPS27A	ZAP70	815
RPS27A	EGF	554
RPS27A	ERBB3	578
RPS27A	FGF7	521
RPS27A	TP53	971
RPS27A	ERBB2	743
RPS27A	FGF3	509
RPS27A	FGFR3	503
RPS27A	KEAP1	521
RPS27A	SQSTM1	989
RPS27A	NGF	513
RPS27A	DNMT1	944
RPS27A	H3C12	952
RPS27A	HSP90AB1	712
RPS27A	SMAD4	658
RPS27A	SHH	510
RPS27A	NFE2L2	723
RPS27A	RELA	861
RPS27A	HSPA4	433
RPS27A	H3C13	949
RPS27A	SRC	689
RPS27A	SOCS3	528
RPS27A	HIF1A	559
RPS27A	H3-7	948
RPS27A	CSF3R	705
RPS27A	NF1	542
RPS27A	SMAD3	654
RPS27A	H3-4	774
RPS27A	HSP90AA1	707
RPS27A	NOS2	657
RPS27A	GAPDH	637
RPS27A	ATM	567
RPS27A	ACTB	600
RPS27A	FGF16	517
RPS27A	UBB	998
RPS27A	XIAP	779
RPS27A	PARP1	725
RPS27A	RUNX2	550
RPS27A	FGFR1	511
RPS27A	TNF	593
RPS27A	SYK	545
RPS27A	IKBKB	585
RPS27A	UBA52	999
RPS27A	MET	531
RPS27A	ESR1	509
RPS27A	FGF1	509
RPS27A	CDKN1A	837
RPS27A	WNT3A	515
RPS27A	TLR3	534
RPS27A	TGFBR1	557
RPS27A	SOCS1	509
RPS27A	TNFAIP3	977
RPS27A	REL	572
RPS27A	NPM1	547
RPS27A	FGFR2	512
RPS27A	LYN	581
RPS27A	CSF1R	535
RPS27A	JAK1	543
RPS27A	TLR4	549
RPS27A	CTNNB1	735
RPS27A	CDKN2A	750
RPS27A	NOTCH1	658
RPS27A	AXIN2	642
RPS27A	H3-5	503
RPS27A	SEM1	730
RPS27A	TGFA	499
RPS27A	ERBB4	643
RPS27A	FGF9	525
RPS27A	PTEN	752
RPS27A	RHOA	848
RPS27A	NRAS	597
RPS27A	HSPA8	772
RPS27A	TYK2	531
RPS27A	MAP2K1	561
RPS27A	CDK1	698
RPS27A	CSF1	526
RPS27A	FGF5	516
RPS27A	AKT1	561
RPS27A	PTPN11	517
RPS27A	BMI1	541
IL22	CD4	913
IL22	TNFRSF1A	571
IL22	IL2RB	831
IL22	GZMB	712
IL22	CCL22	523
IL22	CCL17	590
IL22	MPO	476
IL22	CSF3	646
IL22	CCL2	652
IL22	NFKB1	484
IL22	IL10RA	938
IL22	CD69	582
IL22	IFNG	939
IL22	IL4	851
IL22	IL5	850
IL22	KLRK1	474
IL22	PDGFRA	679
IL22	CCL21	408
IL22	TLR2	606
IL22	PDGFRB	677
IL22	ITGAE	637
IL22	IL1A	775
IL22	IL1B	846
IL22	IL7	695
IL22	CD80	531
IL22	IL11	575
IL22	STAT3	926
IL22	ICAM1	509
IL22	LEF1	441
IL22	EGF	447
IL22	CD27	505
IL22	IFNAR1	867
IL22	IL9	866
IL22	IFNA1	764
IL22	IL18	837
IL22	CXCL13	547
IL22	KIT	447
IL22	NCR1	669
IL22	CXCR5	550
IL22	CCR5	513
IL22	STAT5B	524
IL22	VCAM1	416
IL22	ALB	436
IL22	CXCL5	733
IL22	IL15	706
IL22	TLR3	476
IL22	IL3	631
IL22	RAG1	583
IL22	MMP3	586
IL22	NOD2	647
IL22	CCL11	587
IL22	CLEC7A	570
IL22	IL13	847
IL22	CXCL10	672
IL22	IL7R	872
IL22	CXCL8	720
IL22	CXCL11	454
IL22	CCL19	444
IL22	AOC3	448
IL22	CD19	583
IL22	ICOS	585
IL22	CD28	615
IL22	CSF1	439
IL22	IL3RA	755
IL22	SOCS3	495
IL22	CD86	517
IL22	PDCD1	606
IL22	NLRP3	473
IL22	IL21R	823
IL22	KLRD1	473
IL22	STAT5A	512
IL22	TJP1	418
IL22	CX3CR1	481
IL22	CCL20	755
IL22	TLR9	528
IL22	STAT1	757
IL22	CXCL9	597
IL22	PTGS2	416
IL22	FASLG	465
IL22	IFNGR1	771
IL22	IL6R	810
IL22	MMP9	447
IL22	CSF3R	696
IL22	CXCR3	585
IL22	TLR4	625
IL22	TNFSF13B	507
IL22	BCL2L1	404
IL22	GATA3	721
IL22	IFNA2	688
IL22	IFNB1	738
IL22	TLR7	530
IL22	IRF4	558
IL22	IL33	735
IL22	CD274	487
IL22	GAPDH	522
IL22	INS	420
IL22	BCL2	413
IL22	BCL6	446
IL22	IL6	863
IL22	CD8A	771
IL22	ADIPOQ	546
IL22	CXCR6	455
IL22	TNF	827
IL22	PTPRC	599
IL22	CXCL2	612
IL22	IDO1	557
IL22	TYK2	786
IL22	SELL	529
IL22	ACTB	447
IL22	CTLA4	588
IL22	PTPN11	592
IL22	AKT1	446
IL22	IL17A	976
IL22	NCAM1	507
IL22	JAK1	779
IL22	IL12RB1	891
IL22	SOCS1	404
IL22	CD1D	581
IL22	CCL4	606
IL22	TLR5	524
TGFB3	CD4	514
TGFB3	SNAI2	463
TGFB3	FGF4	686
TGFB3	FGF22	680
TGFB3	TIMP1	561
TGFB3	MMP2	516
TGFB3	HGF	465
TGFB3	CSF3	407
TGFB3	CCL2	508
TGFB3	COL1A1	719
TGFB3	FGF6	684
TGFB3	IFNG	546
TGFB3	LOX	510
TGFB3	IL4	503
TGFB3	IL5	407
TGFB3	MMP3	477
TGFB3	BMP2	569
TGFB3	CD8A	426
TGFB3	ITGB1	734
TGFB3	FGF13	557
TGFB3	VWF	419
TGFB3	IL11	414
TGFB3	ALB	520
TGFB3	TWIST1	435
TGFB3	PDGFA	442
TGFB3	FGF9	694
TGFB3	MAPK3	416
TGFB3	AKT1	531
TGFB3	ITGAV	899
TGFB3	MMP9	528
TGFB3	FLT1	553
TGFB3	FGF5	668
TGFB3	CXCL8	444
TGFB3	ENG	995
TGFB3	PDGFB	484
TGFB3	PDGFRA	420
TGFB3	PTPRC	513
TGFB3	SNAI1	495
TGFB3	WNT3A	436
TGFB3	TGFBR1	999
TGFB3	TGFA	701
TGFB3	PPARG	413
TGFB3	FGF7	744
TGFB3	CTNNB1	523
TGFB3	FGF2	687
TGFB3	INS	637
TGFB3	PECAM1	504
TGFB3	RUNX2	610
TGFB3	IL13	452
TGFB3	FGF10	702
TGFB3	FGF16	676
TGFB3	IGF1	626
TGFB3	IL1A	529
TGFB3	GAPDH	567
TGFB3	ACTB	476
TGFB3	NT5E	518
TGFB3	FGF1	474
TGFB3	FGFR1	592
TGFB3	TNF	578
TGFB3	IL1B	586
TGFB3	THBS1	890
TGFB3	MMP1	417
TGFB3	LEF1	582
TGFB3	EDN1	407
TGFB3	SRC	408
TGFB3	BDNF	466
TGFB3	IL17A	481
TGFB3	SMAD4	807
TGFB3	SHH	532
TGFB3	KDR	404
TGFB3	SPP1	489
TGFB3	STAT3	434
TGFB3	IGF2	418
TGFB3	FGF3	668
TGFB3	CDH1	489
TGFB3	IL6	600
TGFB3	EGF	578
TGFB3	ALK	572
TGFB3	FN1	622
TGFB3	SMAD3	865
TGFB3	CXCL11	580
TGFB3	PDGFRB	515
TGFB3	SMAD2	865
TGFB3	HIF1A	447
TGFB3	WNT5A	439
PRKACG	MAPK1	927
PRKACG	NFKBIA	965
PRKACG	RPS6KB1	931
PRKACG	CCL2	419
PRKACG	NFKB1	944
PRKACG	CCND1	473
PRKACG	IFNG	447
PRKACG	NR3C1	700
PRKACG	EGR1	454
PRKACG	APOE	617
PRKACG	H3-3B	404
PRKACG	KRAS	420
PRKACG	MAPK3	957
PRKACG	EP300	849
PRKACG	IL1A	428
PRKACG	IL1B	601
PRKACG	KDR	468
PRKACG	CBL	438
PRKACG	FGF2	432
PRKACG	STAT3	488
PRKACG	PPARGC1A	705
PRKACG	EGF	552
PRKACG	TP53	512
PRKACG	PPARG	577
PRKACG	CALM3	992
PRKACG	ALB	612
PRKACG	ITGA2	908
PRKACG	SHH	526
PRKACG	MAP2K1	929
PRKACG	HSPA4	449
PRKACG	CALML6	991
PRKACG	IRS1	465
PRKACG	CEBPB	431
PRKACG	FOS	959
PRKACG	CYCS	568
PRKACG	CASP3	532
PRKACG	LEP	643
PRKACG	HNF4A	416
PRKACG	CALML3	992
PRKACG	PGR	937
PRKACG	SMAD3	594
PRKACG	H3C13	405
PRKACG	HSP90AA1	551
PRKACG	CAV1	894
PRKACG	H3-5	405
PRKACG	ESR2	943
PRKACG	FN1	431
PRKACG	TJP1	402
PRKACG	NF1	677
PRKACG	H3C12	405
PRKACG	MTOR	671
PRKACG	AGT	590
PRKACG	H3-4	409
PRKACG	PTGS2	584
PRKACG	NGF	590
PRKACG	PRKACB	968
PRKACG	RUNX2	936
PRKACG	HSP90AB1	545
PRKACG	PTEN	482
PRKACG	MMP9	412
PRKACG	TLR4	434
PRKACG	AR	938
PRKACG	ITGB1	914
PRKACG	RHOA	962
PRKACG	BRAF	922
PRKACG	PRKCA	441
PRKACG	CALML5	992
PRKACG	CTNNB1	956
PRKACG	INS	746
PRKACG	BCL2	700
PRKACG	ACTB	577
PRKACG	GAPDH	582
PRKACG	IGF1R	920
PRKACG	IGF1	548
PRKACG	FGF1	481
PRKACG	ESR1	956
PRKACG	PPARA	945
PRKACG	CALML4	992
PRKACG	TNF	587
PRKACG	NFATC1	926
PRKACG	BDNF	748
PRKACG	EDN1	526
PRKACG	RELA	956
PRKACG	ADIPOQ	452
PRKACG	IL6	602
PRKACG	FOXO1	965
PRKACG	HIF1A	469
PRKACG	H3-7	405
CALML4	FGF4	592
CALML4	FGF22	594
CALML4	MAPK1	473
CALML4	NFKBIA	407
CALML4	RPS6KB1	443
CALML4	NFKB1	641
CALML4	FGF6	594
CALML4	IFNG	445
CALML4	EGR1	577
CALML4	PLCG1	937
CALML4	H3-3B	430
CALML4	KRAS	998
CALML4	CDK4	710
CALML4	MDM2	553
CALML4	CCND2	500
CALML4	CDH1	568
CALML4	SMAD2	544
CALML4	MAPK3	633
CALML4	IL1B	512
CALML4	PIK3CA	517
CALML4	CBL	493
CALML4	FGF10	591
CALML4	PPARGC1A	437
CALML4	EGF	505
CALML4	FGF7	594
CALML4	TP53	657
CALML4	ACE	763
CALML4	CALM3	996
CALML4	REL	582
CALML4	ALB	791
CALML4	SHH	500
CALML4	MAP2K1	490
CALML4	HSPA4	719
CALML4	CALML6	961
CALML4	IRS1	653
CALML4	FOS	589
CALML4	CYCS	605
CALML4	CASP3	514
CALML4	FGF5	592
CALML4	LEP	422
CALML4	CALML3	963
CALML4	CALR	711
CALML4	HSPA5	425
CALML4	NOS2	993
CALML4	H3C13	430
CALML4	FGF3	592
CALML4	HSP90AA1	996
CALML4	CAV1	995
CALML4	H3-5	430
CALML4	ESR2	554
CALML4	FN1	642
CALML4	TJP1	609
CALML4	H3C12	429
CALML4	MTOR	707
CALML4	BECN1	406
CALML4	AGT	633
CALML4	H3-4	430
CALML4	NGF	868
CALML4	NRAS	954
CALML4	PRKACB	989
CALML4	HSP90AB1	995
CALML4	PTEN	413
CALML4	SRC	927
CALML4	TLR4	403
CALML4	AR	535
CALML4	SYK	411
CALML4	AIF1	496
CALML4	BCL2L1	414
CALML4	CYBB	499
CALML4	EDN1	535
CALML4	CALML5	964
CALML4	FGF9	592
CALML4	IGF1	437
CALML4	CDK1	427
CALML4	MAPK8	405
CALML4	GAPDH	648
CALML4	INS	771
CALML4	BCL2	526
CALML4	CDKN1A	548
CALML4	PPARA	546
CALML4	IL6	482
CALML4	ACE2	591
CALML4	NFATC1	786
CALML4	FGFR1	494
CALML4	FGF13	544
CALML4	TNF	740
CALML4	FGF16	593
CALML4	RHOA	760
CALML4	ESR1	979
CALML4	PRKCA	719
CALML4	BDNF	814
CALML4	BRAF	471
CALML4	H3-7	430
CALML4	HIF1A	461
CALML4	ACTB	590
CALML4	IGF1R	551
CALML4	SELL	565
CALML4	CTNNB1	631
CALML4	NTRK1	515
CALML4	VAV1	441
CALML4	LYN	586
CALML4	FAS	549
CALML4	AKT1	713
CALML4	HSPA8	651
CCL21	CX3CL1	931
CCL21	CD4	881
CCL21	LAG3	606
CCL21	CCL22	807
CCL21	CCL17	998
CCL21	CSF3	699
CCL21	CD38	561
CCL21	IL10RA	445
CCL21	CD69	478
CCL21	IFNG	898
CCL21	IL4	571
CCL21	IL5	445
CCL21	PLCG1	429
CCL21	CD68	403
CCL21	EPO	572
CCL21	CCL11	661
CCL21	MMP9	639
CCL21	AKT1	405
CCL21	CD209	403
CCL21	IL7	640
CCL21	CD86	632
CCL21	CTLA4	599
CCL21	CCR5	981
CCL21	CD274	494
CCL21	CXCL8	879
CCL21	CXCR6	894
CCL21	CD19	553
CCL21	ITGAE	447
CCL21	IL1B	593
CCL21	TNF	623
CCL21	CXCL5	851
CCL21	IL21R	473
CCL21	CXCR1	943
CCL21	IFNB1	683
CCL21	CX3CR1	982
CCL21	PDCD1	579
CCL21	TYROBP	436
CCL21	CXCR3	997
CCL21	PECAM1	532
CCL21	BCL2	495
CCL21	CXCL13	991
CCL21	ICAM1	616
CCL21	CD8A	862
CCL21	TNFSF13B	593
CCL21	IL13	471
CCL21	AGT	569
CCL21	IDO1	416
CCL21	VEGFC	577
CCL21	IL33	494
CCL21	VCAM1	653
CCL21	SELL	932
CCL21	IL1A	655
CCL21	CCL19	997
CCL21	IL18	435
CCL21	CD80	625
CCL21	CR2	494
CCL21	IL15	497
CCL21	FN1	420
CCL21	NOTCH1	477
CCL21	CD28	460
CCL21	CXCL11	999
CCL21	CCL20	728
CCL21	CCL4	574
CCL21	CXCR5	997
CCL21	SRC	757
CCL21	TLR4	463
CCL21	TLR7	428
CCL21	EDN1	486
CCL21	AOC3	401
CCL21	PTPRC	615
CCL21	RELA	472
CCL21	CD27	438
CCL21	CXCL10	999
CCL21	IL17A	533
CCL21	ICOS	421
CCL21	CD1D	429
CCL21	IFNA1	445
CCL21	IL7R	464
CCL21	CXCL2	999
CCL21	CXCL9	999
CCL21	IL6	606
FGF22	CD4	423
FGF22	SNAI2	478
FGF22	CDH17	441
FGF22	FGF4	511
FGF22	NGFR	758
FGF22	MAPK1	573
FGF22	KIT	848
FGF22	WNT3A	531
FGF22	KRAS	685
FGF22	TGFBR1	426
FGF22	BMP4	653
FGF22	PDGFRA	858
FGF22	PTPRC	496
FGF22	CSF1R	799
FGF22	MMP2	511
FGF22	KLF4	439
FGF22	SNAI1	535
FGF22	CALM3	605
FGF22	NES	594
FGF22	FGFR2	999
FGF22	PTGS2	456
FGF22	ERBB2	824
FGF22	ANGPT1	589
FGF22	PPARG	454
FGF22	CALML6	596
FGF22	FGF7	462
FGF22	LOX	442
FGF22	LEP	449
FGF22	CALML3	602
FGF22	PLCG1	617
FGF22	FGF2	629
FGF22	CTNNB1	662
FGF22	PLG	512
FGF22	TGFA	593
FGF22	NTRK1	887
FGF22	FLT3	804
FGF22	CALML5	597
FGF22	NOTCH1	460
FGF22	PIK3R1	494
FGF22	TWIST1	427
FGF22	IFNG	597
FGF22	RHOA	447
FGF22	PDGFA	425
FGF22	FGF9	479
FGF22	PTEN	470
FGF22	FOS	451
FGF22	ERBB4	758
FGF22	SOX2	589
FGF22	CSF3	616
FGF22	MAPK3	721
FGF22	ANGPT2	512
FGF22	ERVW-1	522
FGF22	MMP3	424
FGF22	BMP2	755
FGF22	WNT1	483
FGF22	CD8A	418
FGF22	NRP1	823
FGF22	ITGB1	425
FGF22	CCND1	466
FGF22	VEGFC	556
FGF22	VCAM1	475
FGF22	VWF	479
FGF22	SDC1	761
FGF22	NRAS	612
FGF22	PIK3R2	475
FGF22	ALB	751
FGF22	IL11	420
FGF22	ENG	532
FGF22	EPO	480
FGF22	IRS1	526
FGF22	IL5	471
FGF22	VTN	496
FGF22	HGF	880
FGF22	PDGFB	666
FGF22	GFAP	483
FGF22	PTPN11	626
FGF22	AKT1	678
FGF22	TLR9	574
FGF22	DKK1	490
FGF22	CCL11	491
FGF22	TIMP1	520
FGF22	MMP9	598
FGF22	FLT1	877
FGF22	CSF1	418
FGF22	GATA4	458
FGF22	FGF5	447
FGF22	CXCL8	754
FGF22	MTOR	491
FGF22	CD274	407
FGF22	NGF	702
FGF22	IGF2	628
FGF22	ADIPOQ	606
FGF22	FGF3	712
FGF22	IL4	644
FGF22	CDH1	596
FGF22	FGFR3	966
FGF22	IL6	711
FGF22	CXCL9	411
FGF22	EGF	989
FGF22	CBL	606
FGF22	EDN1	513
FGF22	SRC	549
FGF22	PIK3CB	457
FGF22	BDNF	652
FGF22	IL17A	510
FGF22	TP53	523
FGF22	CXCL10	513
FGF22	SMAD4	462
FGF22	KDR	930
FGF22	SHH	826
FGF22	APOE	568
FGF22	STAT3	556
FGF22	FGF6	526
FGF22	SPP1	528
FGF22	TEK	848
FGF22	CCL2	627
FGF22	SMAD2	527
FGF22	ERV3-1	511
FGF22	WNT5A	443
FGF22	HIF1A	594
FGF22	PAX6	508
FGF22	FN1	799
FGF22	IL15	460
FGF22	HSP90AA1	542
FGF22	ERVFRD-1	514
FGF22	KITLG	508
FGF22	CCL4	448
FGF22	SMAD3	471
FGF22	PDGFRB	894
FGF22	FGF10	427
FGF22	PROM1	507
FGF22	POU5F1	685
FGF22	FGF16	503
FGF22	IGF1	782
FGF22	IGF1R	854
FGF22	IL1A	602
FGF22	HNF4A	444
FGF22	UBB	507
FGF22	CASP3	469
FGF22	GAPDH	554
FGF22	CD9	446
FGF22	ACTB	520
FGF22	NFKB1	416
FGF22	INS	831
FGF22	IL9	469
FGF22	ICAM1	482
FGF22	BCL2	448
FGF22	PECAM1	746
FGF22	RUNX2	545
FGF22	AGT	648
FGF22	IL13	529
FGF22	PIK3CA	552
FGF22	FGFR1	999
FGF22	SOS1	557
FGF22	THBS1	506
FGF22	IL1B	683
FGF22	TNF	652
FGF22	MMP1	400
FGF22	ERBB3	767
FGF22	AR	436
FGF22	LEF1	421
FGF22	IL7	475
FGF22	NANOG	524
FGF22	NT5E	487
FGF22	UBA52	517
FGF22	SHC1	573
FGF22	ESR2	402
FGF22	ESR1	477
FGF22	MET	865
FGF22	FGF1	746
SLC2A1	CD4	542
SLC2A1	MMP2	426
SLC2A1	RPS6KB1	470
SLC2A1	NFKB1	452
SLC2A1	CCND1	464
SLC2A1	IFNG	473
SLC2A1	LOX	434
SLC2A1	EPO	536
SLC2A1	H3-3B	406
SLC2A1	KRAS	530
SLC2A1	POU5F1	422
SLC2A1	SCARB1	516
SLC2A1	CDH1	450
SLC2A1	MAPK3	598
SLC2A1	EP300	418
SLC2A1	IL1B	486
SLC2A1	KDR	611
SLC2A1	FGF2	613
SLC2A1	STAT3	489
SLC2A1	FGF10	447
SLC2A1	PPARGC1A	724
SLC2A1	SCARB2	508
SLC2A1	EGF	418
SLC2A1	NRP1	819
SLC2A1	TP53	967
SLC2A1	ERBB2	432
SLC2A1	FLT1	409
SLC2A1	WNT3A	555
SLC2A1	PPARG	575
SLC2A1	ALB	630
SLC2A1	IRS1	665
SLC2A1	CXCL8	414
SLC2A1	CYCS	439
SLC2A1	CASP3	456
SLC2A1	LEP	583
SLC2A1	CALR	624
SLC2A1	SOX2	555
SLC2A1	CD28	470
SLC2A1	H3C13	405
SLC2A1	FGF3	562
SLC2A1	HSP90AA1	410
SLC2A1	FGFR3	442
SLC2A1	H3-5	406
SLC2A1	ESR2	445
SLC2A1	ARG1	456
SLC2A1	H3C12	406
SLC2A1	MTOR	634
SLC2A1	H3-4	406
SLC2A1	PTGS2	422
SLC2A1	NGF	491
SLC2A1	HSP90AB1	526
SLC2A1	PTEN	692
SLC2A1	MMP9	406
SLC2A1	ENG	410
SLC2A1	SRC	414
SLC2A1	BCL2L1	435
SLC2A1	BMI1	425
SLC2A1	FOXO1	426
SLC2A1	CD274	474
SLC2A1	ALK	489
SLC2A1	TFRC	567
SLC2A1	IGF1	476
SLC2A1	GAPDH	737
SLC2A1	INS	849
SLC2A1	BCL2	512
SLC2A1	PPARA	693
SLC2A1	IL6	506
SLC2A1	CD8A	517
SLC2A1	ADIPOQ	418
SLC2A1	IGF2	446
SLC2A1	FGF13	541
SLC2A1	TNF	816
SLC2A1	ESR1	410
SLC2A1	FGFR2	422
SLC2A1	BDNF	601
SLC2A1	CDKN2A	414
SLC2A1	CTNNB1	526
SLC2A1	ERVW-1	490
SLC2A1	AKT1	708
SLC2A1	BRAF	437
SLC2A1	PAX6	408
SLC2A1	H3-7	406
SLC2A1	HIF1A	902
SLC2A1	PECAM1	512
SLC2A1	IDO1	444
SLC2A1	IGF1R	623
SLC2A1	ACTB	611
SLC2A1	FGF1	516
BECN1	CD4	431
BECN1	MAPK1	431
BECN1	NFKBIA	445
BECN1	TIMP1	518
BECN1	PIK3R2	617
BECN1	RPS6KB1	728
BECN1	NFKB1	504
BECN1	CCND1	679
BECN1	IFNG	476
BECN1	SNAI1	609
BECN1	GFAP	444
BECN1	H3-3B	434
BECN1	KRAS	458
BECN1	CCNB1	406
BECN1	CDK4	495
BECN1	MDM2	751
BECN1	TLR2	619
BECN1	CDH1	447
BECN1	SMAD2	531
BECN1	MAPK3	600
BECN1	EP300	602
BECN1	IL1B	650
BECN1	PIK3CA	696
BECN1	STAT3	803
BECN1	PPARGC1A	577
BECN1	EGF	400
BECN1	TP53	939
BECN1	ERBB2	888
BECN1	ATM	438
BECN1	IL18	532
BECN1	CXCL13	444
BECN1	PPARG	451
BECN1	CALM3	454
BECN1	ALB	590
BECN1	ANXA5	678
BECN1	TLR3	596
BECN1	NOD2	608
BECN1	HSPA4	885
BECN1	CALML6	406
BECN1	IRS1	921
BECN1	EIF2AK3	596
BECN1	CYCS	778
BECN1	TERT	483
BECN1	CASP3	925
BECN1	CALML3	447
BECN1	HSPA5	765
BECN1	CASP9	928
BECN1	SOCS3	609
BECN1	H3C13	427
BECN1	HSP90AA1	793
BECN1	NLRP3	718
BECN1	CAV1	842
BECN1	H3-5	423
BECN1	H3C12	422
BECN1	TLR9	861
BECN1	MTOR	891
BECN1	H3-7	423
BECN1	HIF1A	632
BECN1	H3-4	423
BECN1	FOXO1	600
BECN1	SLAMF1	963
BECN1	IL6	609
BECN1	KEAP1	535
BECN1	SQSTM1	958
BECN1	RELA	523
BECN1	PIK3CB	789
BECN1	SRC	466
BECN1	TLR7	643
BECN1	HSP90AB1	719
BECN1	NFE2L2	568
BECN1	TNF	602
BECN1	BCL2L1	999
BECN1	AR	482
BECN1	MCL1	998
BECN1	IKBKB	437
BECN1	ESR1	422
BECN1	IGF1	489
BECN1	IGF1R	409
BECN1	GAPDH	757
BECN1	ACTB	785
BECN1	VIM	609
BECN1	INS	563
BECN1	BCL2	999
BECN1	XIAP	867
BECN1	PARP1	669
BECN1	TLR5	491
BECN1	CTNNB1	547
BECN1	CDKN2A	671
BECN1	CALML5	446
BECN1	PIK3R1	642
BECN1	SOCS1	592
BECN1	CYBB	457
BECN1	MAPK8	769
BECN1	TLR4	574
BECN1	PTGS2	435
BECN1	IFNB1	614
BECN1	AKT1	918
BECN1	MMP9	473
BECN1	RHOA	452
BECN1	DNTT	484
BECN1	PTEN	639
BECN1	HSPA8	549
BECN1	BCL2L11	987
TLR9	CD4	868
TLR9	TNFRSF1A	486
TLR9	FGF4	574
TLR9	LAG3	409
TLR9	GZMB	489
TLR9	NFKBIA	719
TLR9	CCL22	412
TLR9	RELB	425
TLR9	CD79A	630
TLR9	PIK3R2	515
TLR9	MPO	466
TLR9	CSF3	476
TLR9	CCL2	654
TLR9	CD38	484
TLR9	NFKB1	828
TLR9	SPI1	461
TLR9	IL10RA	436
TLR9	CD69	585
TLR9	FGF6	573
TLR9	IFNG	891
TLR9	IL4	780
TLR9	IL5	573
TLR9	NR3C1	482
TLR9	KLRK1	438
TLR9	TNFSF10	604
TLR9	FLT3	685
TLR9	CD68	440
TLR9	TLR2	961
TLR9	SCARB1	478
TLR9	TYROBP	416
TLR9	MAPK3	424
TLR9	ITGAE	511
TLR9	IL1A	897
TLR9	IL1B	975
TLR9	IL7	442
TLR9	PIK3CA	571
TLR9	CD80	740
TLR9	FGF2	596
TLR9	STAT3	592
TLR9	FGF10	575
TLR9	ICAM1	708
TLR9	SCARB2	470
TLR9	NRP1	455
TLR9	CD27	629
TLR9	FGF7	586
TLR9	TP53	407
TLR9	IFNAR1	667
TLR9	FCGR2A	756
TLR9	IFNA1	899
TLR9	IL18	808
TLR9	CSF1R	452
TLR9	FCER1G	408
TLR9	CXCR5	499
TLR9	CCR5	527
TLR9	VCAM1	417
TLR9	REL	434
TLR9	ALB	494
TLR9	IL15	570
TLR9	TLR3	856
TLR9	IL3	431
TLR9	RAG1	412
TLR9	NOD2	920
TLR9	CLEC7A	783
TLR9	HSPA4	467
TLR9	IRS1	741
TLR9	IL13	613
TLR9	CXCL10	761
TLR9	CXCL8	776
TLR9	CCL19	523
TLR9	CASP3	413
TLR9	FGF5	574
TLR9	HAVCR2	452
TLR9	TLR8	869
TLR9	CD19	710
TLR9	CD209	601
TLR9	ICOS	448
TLR9	CALR	425
TLR9	HSPA5	535
TLR9	CD28	516
TLR9	CSF1	485
TLR9	IL3RA	586
TLR9	SOCS3	404
TLR9	CD86	747
TLR9	FGF3	573
TLR9	PDCD1	473
TLR9	NLRP3	746
TLR9	FGFR3	517
TLR9	CD5	468
TLR9	ARG1	465
TLR9	CX3CR1	457
TLR9	CCL20	477
TLR9	TNFSF13B	622
TLR9	BCL2	460
TLR9	CXCR3	501
TLR9	SELL	533
TLR9	IDO1	582
TLR9	FGF16	574
TLR9	GAPDH	551
TLR9	ACTB	537
TLR9	BTK	911
TLR9	STAT1	617
TLR9	SYK	824
TLR9	IKBKB	515
TLR9	FGF1	527
TLR9	CTLA4	591
TLR9	FGFR1	701
TLR9	TNF	896
TLR9	AR	418
TLR9	IFNA2	833
TLR9	RELA	452
TLR9	ITGB2	452
TLR9	TLR7	992
TLR9	SRC	604
TLR9	PIK3CB	562
TLR9	IL17A	669
TLR9	IL6R	487
TLR9	IL6	895
TLR9	CXCL9	507
TLR9	CXCL2	427
TLR9	LOC102723407	428
TLR9	ERVFRD-1	405
TLR9	CCL4	709
TLR9	ERV3-1	406
TLR9	HIF1A	510
TLR9	IRF4	504
TLR9	ERVW-1	454
TLR9	HSPA8	457
TLR9	CD8A	850
TLR9	IL33	658
TLR9	SDC1	460
TLR9	BCL6	402
TLR9	FGF9	575
TLR9	CR2	689
TLR9	AKT1	538
TLR9	PTPN11	660
TLR9	MMP9	442
TLR9	CD274	591
TLR9	TYK2	477
TLR9	FAS	416
TLR9	PDCD1LG2	424
TLR9	IFNGR1	400
TLR9	SIRPA	479
TLR9	IFNB1	874
TLR9	LYN	463
TLR9	PTPRC	751
TLR9	JAK1	466
TLR9	TLR4	979
TLR9	FCGR1A	468
TLR9	NCAM1	453
TLR9	FGFR2	704
TLR9	PTGS2	618
TLR9	SOCS1	453
TLR9	TNFAIP3	446
TLR9	CD1D	528
TLR9	CYBB	423
TLR9	FASLG	481
TLR9	PIK3R1	556
TLR9	ACE2	411
TLR9	TLR5	608
TLR9	CD47	609
GAPDH	CX3CL1	418
GAPDH	CD74	560
GAPDH	CD4	759
GAPDH	SNAI2	712
GAPDH	CDH17	604
GAPDH	TNFRSF1A	513
GAPDH	FGF4	596
GAPDH	NGFR	447
GAPDH	MAPK1	701
GAPDH	GZMB	469
GAPDH	NFKBIA	789
GAPDH	TIMP1	643
GAPDH	MMP2	718
GAPDH	RELB	545
GAPDH	HGF	594
GAPDH	MPO	541
GAPDH	CSF3	522
GAPDH	RPS6KB1	713
GAPDH	CCL2	729
GAPDH	COL1A1	740
GAPDH	VTN	642
GAPDH	CD38	459
GAPDH	NFKB1	783
GAPDH	SPI1	453
GAPDH	CCND1	819
GAPDH	CD69	477
GAPDH	FGF6	571
GAPDH	CDKN1B	546
GAPDH	IFNG	794
GAPDH	NANOG	760
GAPDH	LOX	601
GAPDH	IL4	713
GAPDH	IL5	532
GAPDH	NR3C1	539
GAPDH	EGR1	602
GAPDH	TNFSF10	400
GAPDH	FLT3	471
GAPDH	TWIST1	603
GAPDH	SNAI1	762
GAPDH	BMP4	618
GAPDH	CD68	863
GAPDH	APOE	636
GAPDH	EPO	477
GAPDH	GFAP	749
GAPDH	H3-3B	817
GAPDH	KRAS	682
GAPDH	CCNB1	828
GAPDH	NOTCH2	523
GAPDH	PDGFRA	550
GAPDH	NT5E	635
GAPDH	CDK4	723
GAPDH	MDM2	741
GAPDH	POU5F1	818
GAPDH	TLR2	672
GAPDH	THBS1	519
GAPDH	ITGAV	472
GAPDH	CCND2	537
GAPDH	VWF	568
GAPDH	SCARB1	623
GAPDH	CDH1	855
GAPDH	PDGFRB	563
GAPDH	SMAD2	728
GAPDH	AXIN1	492
GAPDH	MAPK3	832
GAPDH	EP300	787
GAPDH	IL1A	675
GAPDH	IL1B	872
GAPDH	CD81	752
GAPDH	EPCAM	591
GAPDH	IL7	446
GAPDH	KDR	630
GAPDH	PIK3CA	677
GAPDH	CBL	509
GAPDH	CD80	533
GAPDH	FGF2	746
GAPDH	IL11	502
GAPDH	WNT5A	581
GAPDH	STAT3	807
GAPDH	FGF10	585
GAPDH	ICAM1	663
GAPDH	PPARGC1A	678
GAPDH	SCARB2	593
GAPDH	LEF1	547
GAPDH	EGF	783
GAPDH	NRP1	412
GAPDH	ERBB3	487
GAPDH	FGF7	599
GAPDH	TP53	886
GAPDH	ERBB2	806
GAPDH	IFNAR1	501
GAPDH	FCGR2A	494
GAPDH	IFNA1	713
GAPDH	ATM	624
GAPDH	IL18	622
GAPDH	MYCN	618
GAPDH	FLT1	520
GAPDH	WNT3A	626
GAPDH	CSF1R	482
GAPDH	PPARG	742
GAPDH	KIT	623
GAPDH	WNT4	426
GAPDH	ACE	539
GAPDH	CALM3	684
GAPDH	CCR5	498
GAPDH	STAT5B	586
GAPDH	WNT1	517
GAPDH	VCAM1	602
GAPDH	REL	634
GAPDH	ALB	895
GAPDH	CXCL5	443
GAPDH	ANXA5	943
GAPDH	IL15	444
GAPDH	ITGA2	640
GAPDH	TLR3	618
GAPDH	IL3	532
GAPDH	NPM1	802
GAPDH	SHH	586
GAPDH	RAG1	453
GAPDH	MMP3	757
GAPDH	ANPEP	639
GAPDH	RUNX1	488
GAPDH	NOD2	422
GAPDH	AXL	471
GAPDH	MAP2K1	655
GAPDH	AXIN2	603
GAPDH	HSPA4	901
GAPDH	CALML6	648
GAPDH	IRS1	601
GAPDH	IL13	611
GAPDH	CEBPB	582
GAPDH	CXCL10	630
GAPDH	IL7R	418
GAPDH	FOS	722
GAPDH	CXCL8	699
GAPDH	CXCL11	447
GAPDH	EIF2AK3	732
GAPDH	CYCS	880
GAPDH	PLG	990
GAPDH	TERT	632
GAPDH	CASP3	890
GAPDH	FGF5	595
GAPDH	TLR8	440
GAPDH	AOC3	501
GAPDH	LEP	612
GAPDH	HNF4A	605
GAPDH	CD19	609
GAPDH	ANGPT2	428
GAPDH	CALML3	671
GAPDH	MET	568
GAPDH	CALR	757
GAPDH	MMP1	575
GAPDH	SOX2	752
GAPDH	HSPA5	806
GAPDH	CD28	519
GAPDH	PGR	624
GAPDH	NOS2	692
GAPDH	CSF1	743
GAPDH	CASP9	786
GAPDH	SOCS3	584
GAPDH	PDGFB	452
GAPDH	CD86	593
GAPDH	SMAD3	794
GAPDH	H3C13	815
GAPDH	FGF3	566
GAPDH	HSP90AA1	922
GAPDH	NLRP3	613
GAPDH	CAV1	631
GAPDH	FGFR3	427
GAPDH	H3-5	813
GAPDH	STAT5A	600
GAPDH	SMAD4	633
GAPDH	ERBB4	601
GAPDH	ESR2	571
GAPDH	E2F1	643
GAPDH	PDGFA	403
GAPDH	FN1	945
GAPDH	TJP1	697
GAPDH	ARG1	652
GAPDH	NF1	404
GAPDH	CX3CR1	467
GAPDH	CCL20	500
GAPDH	H3C12	815
GAPDH	DNMT1	658
GAPDH	STAT1	690
GAPDH	MTOR	701
GAPDH	CD3E	423
GAPDH	CXCL9	491
GAPDH	AGT	643
GAPDH	H3-4	813
GAPDH	PARP1	793
GAPDH	PTGS2	820
GAPDH	FASLG	538
GAPDH	NES	678
GAPDH	IL6R	464
GAPDH	MCL1	741
GAPDH	NGF	602
GAPDH	NRAS	502
GAPDH	PRKACB	583
GAPDH	DNTT	716
GAPDH	XIAP	627
GAPDH	RUNX2	775
GAPDH	HSP90AB1	872
GAPDH	PTEN	752
GAPDH	MMP9	814
GAPDH	PLAU	493
GAPDH	ENG	602
GAPDH	HDAC1	762
GAPDH	SRC	702
GAPDH	CXCR3	423
GAPDH	DKK1	560
GAPDH	TLR4	761
GAPDH	KLF4	638
GAPDH	AR	828
GAPDH	SYK	452
GAPDH	AIF1	750
GAPDH	BCL2L1	752
GAPDH	BMI1	686
GAPDH	CYBB	610
GAPDH	BMP2	621
GAPDH	WT1	514
GAPDH	GATA3	575
GAPDH	EDN1	533
GAPDH	FOXO1	650
GAPDH	TEK	477
GAPDH	IFNA2	448
GAPDH	IFNB1	697
GAPDH	CALML5	670
GAPDH	TLR7	557
GAPDH	IRF4	431
GAPDH	SDC1	501
GAPDH	IL33	470
GAPDH	CD274	583
GAPDH	FGF9	581
GAPDH	CD9	675
GAPDH	ALK	489
GAPDH	SQSTM1	699
GAPDH	TFRC	753
GAPDH	ETS1	492
GAPDH	IGF1	683
GAPDH	BCL2L11	599
GAPDH	KEAP1	721
GAPDH	GPT	699
GAPDH	SPP1	716
GAPDH	CDK1	663
GAPDH	MAPK8	625
GAPDH	ITGB1	770
GAPDH	GATA4	609
GAPDH	PTPN11	425
GAPDH	BCL6	442
GAPDH	VEGFC	496
GAPDH	HSPA8	986
GAPDH	ERVW-1	694
GAPDH	CTNNB1	897
GAPDH	ACE2	530
GAPDH	PRKCA	499
GAPDH	NOTCH1	643
GAPDH	SOCS1	510
GAPDH	FGFR2	459
GAPDH	NCAM1	486
GAPDH	ANGPT1	464
GAPDH	LYN	406
GAPDH	PTPRC	728
GAPDH	JAK1	542
GAPDH	NFATC1	612
GAPDH	ESR1	800
GAPDH	FGF1	445
GAPDH	CTLA4	465
GAPDH	UBA52	406
GAPDH	IDO1	511
GAPDH	VIM	769
GAPDH	BCL2	876
GAPDH	PECAM1	740
GAPDH	H3-7	813
GAPDH	IL6	879
GAPDH	SPN	414
GAPDH	ADIPOQ	594
GAPDH	LOC102723407	405
GAPDH	BDNF	709
GAPDH	IL17A	679
GAPDH	RELA	624
GAPDH	PDCD1LG2	401
GAPDH	FAS	404
GAPDH	BRAF	592
GAPDH	AKT1	911
GAPDH	RHOA	803
GAPDH	FGF13	583
GAPDH	CD8A	691
GAPDH	TLR5	463
GAPDH	CDKN2A	698
GAPDH	PIK3R1	619
GAPDH	NTRK1	529
GAPDH	TGFA	434
GAPDH	TGFBR1	591
GAPDH	CD24	532
GAPDH	FGFR1	492
GAPDH	TNF	849
GAPDH	PPARA	634
GAPDH	IKBKB	622
GAPDH	SHC1	403
GAPDH	BTK	426
GAPDH	CDKN1A	777
GAPDH	ACTB	975
GAPDH	PROM1	621
GAPDH	UBB	869
GAPDH	IGF1R	600
GAPDH	FGF16	552
GAPDH	SELL	491
GAPDH	INS	816
GAPDH	ERV3-1	685
GAPDH	HIF1A	751
GAPDH	CCL4	507
GAPDH	KITLG	523
GAPDH	PAX6	609
GAPDH	ERVFRD-1	685
GAPDH	CXCL2	448
GAPDH	IGF2	560
GAPDH	NFE2L2	641
CX3CL1	EPO	614
CX3CL1	IL5	618
CX3CL1	TYROBP	401
CX3CL1	IFNB1	686
CX3CL1	SIRPA	620
CX3CL1	GFAP	521
CX3CL1	AKT1	451
CX3CL1	CCL11	992
CX3CL1	TNFRSF1A	586
CX3CL1	TIMP1	450
CX3CL1	MMP9	694
CX3CL1	CSF1	605
CX3CL1	CXCL8	845
CX3CL1	CCR5	977
CX3CL1	CCL19	801
CX3CL1	IFNG	923
CX3CL1	CSF3	942
CX3CL1	CD8A	704
CX3CL1	CXCL13	860
CX3CL1	ITGB1	441
CX3CL1	FGF13	968
CX3CL1	IL33	479
CX3CL1	VCAM1	615
CX3CL1	ALB	403
CX3CL1	CCL17	856
CX3CL1	FGF7	402
CX3CL1	LOX	501
CX3CL1	LEP	411
CX3CL1	IL3	570
CX3CL1	KLRK1	545
CX3CL1	GZMB	594
CX3CL1	FGF2	971
CX3CL1	CD47	464
CX3CL1	FASLG	446
CX3CL1	TGFA	710
CX3CL1	NTRK1	410
CX3CL1	CCL20	920
CX3CL1	FLT3	519
CX3CL1	TNFAIP3	420
CX3CL1	IFNA1	423
CX3CL1	HAVCR2	469
CX3CL1	TNFSF10	568
CX3CL1	TLR3	540
CX3CL1	TLR4	586
CX3CL1	PTPRC	689
CX3CL1	CSF1R	711
CX3CL1	NCAM1	400
CX3CL1	PTGS2	633
CX3CL1	CXCL5	801
CX3CL1	IL1B	839
CX3CL1	TNF	814
CX3CL1	PDCD1	426
CX3CL1	CXCR1	994
CX3CL1	CX3CR1	999
CX3CL1	CD4	609
CX3CL1	CD86	465
CX3CL1	IL7	702
CX3CL1	STAT1	526
CX3CL1	CXCR6	939
CX3CL1	PPARA	519
CX3CL1	SYK	406
CX3CL1	IL18	580
CX3CL1	AIF1	633
CX3CL1	IGF1	448
CX3CL1	IL1A	829
CX3CL1	CD68	552
CX3CL1	NFKB1	424
CX3CL1	BCL2	554
CX3CL1	CXCR3	990
CX3CL1	PECAM1	655
CX3CL1	IL9	571
CX3CL1	ICAM1	725
CX3CL1	IDO1	407
CX3CL1	SELL	414
CX3CL1	IL13	641
CX3CL1	AGT	666
CX3CL1	TLR2	499
CX3CL1	CCL2	831
CX3CL1	IL15	609
CX3CL1	FN1	562
CX3CL1	CCL4	904
CX3CL1	CXCR5	787
CX3CL1	CXCL11	859
CX3CL1	NGF	462
CX3CL1	IL4	780
CX3CL1	IL6	735
CX3CL1	ARG1	450
CX3CL1	CXCL2	798
CX3CL1	CXCL9	926
CX3CL1	EGF	961
CX3CL1	RELA	442
CX3CL1	IFNA2	825
CX3CL1	SRC	661
CX3CL1	EDN1	404
CX3CL1	ITGB2	485
CX3CL1	CXCL10	948
CX3CL1	BDNF	628
CX3CL1	IL17A	622
CX3CL1	CCL22	878
CX3CL1	STAT3	560
CX3CL1	APOE	641
CLEC7A	CD74	689
CLEC7A	CD4	779
CLEC7A	NFKBIA	405
CLEC7A	RELB	419
CLEC7A	CSF3	410
CLEC7A	CCL2	548
CLEC7A	NFKB1	478
CLEC7A	SPI1	419
CLEC7A	IL10RA	406
CLEC7A	IFNG	685
CLEC7A	IL4	599
CLEC7A	IL5	432
CLEC7A	CD68	629
CLEC7A	APOE	585
CLEC7A	TLR2	998
CLEC7A	SCARB1	727
CLEC7A	CDH1	500
CLEC7A	TYROBP	704
CLEC7A	ITGAE	436
CLEC7A	IL1A	542
CLEC7A	IL1B	737
CLEC7A	CD80	532
CLEC7A	STAT3	437
CLEC7A	ICAM1	407
CLEC7A	SCARB2	761
CLEC7A	FCGR2A	600
CLEC7A	IFNA1	418
CLEC7A	IL18	531
CLEC7A	CSF1R	525
CLEC7A	FCER1G	830
CLEC7A	CCR5	404
CLEC7A	REL	420
CLEC7A	TLR3	584
CLEC7A	NOD2	709
CLEC7A	AXL	402
CLEC7A	IL33	429
CLEC7A	CD8A	742
CLEC7A	FOS	563
CLEC7A	CXCL8	531
CLEC7A	CSF1	496
CLEC7A	PTPN11	496
CLEC7A	AKT1	602
CLEC7A	IFNB1	473
CLEC7A	SIRPA	429
CLEC7A	FCGR1A	636
CLEC7A	TLR4	978
CLEC7A	PTPRC	752
CLEC7A	CYBB	576
CLEC7A	CD1D	405
CLEC7A	SOCS1	568
CLEC7A	TLR8	646
CLEC7A	PLG	406
CLEC7A	TLR5	571
CLEC7A	IL13	520
CLEC7A	IDO1	403
CLEC7A	AIF1	539
CLEC7A	SYK	999
CLEC7A	STAT1	480
CLEC7A	CD86	647
CLEC7A	CALR	529
CLEC7A	CX3CR1	533
CLEC7A	NLRP3	611
CLEC7A	TNF	703
CLEC7A	CXCL10	473
CLEC7A	IL17A	757
CLEC7A	SRC	882
CLEC7A	TLR7	713
CLEC7A	ITGB2	657
CLEC7A	CXCL2	425
CLEC7A	CXCL9	451
CLEC7A	IL12RB1	479
CLEC7A	IL6	683
CLEC7A	ARG1	547
CLEC7A	CCL4	450
CLEC7A	CD5	451
CLEC7A	IRF4	406
CLEC7A	SOCS3	566
BCL2L1	CD4	746
BCL2L1	SNAI2	437
BCL2L1	TNFRSF1A	613
BCL2L1	MAPK1	672
BCL2L1	GZMB	411
BCL2L1	NFKBIA	772
BCL2L1	MMP2	570
BCL2L1	RELB	524
BCL2L1	HGF	446
BCL2L1	CSF3	566
BCL2L1	RPS6KB1	594
BCL2L1	CCL2	457
BCL2L1	NFKB1	670
BCL2L1	CCND1	808
BCL2L1	CDKN1B	836
BCL2L1	IFNG	609
BCL2L1	NANOG	414
BCL2L1	IL4	513
BCL2L1	NR3C1	597
BCL2L1	EGR1	402
BCL2L1	TNFSF10	608
BCL2L1	FLT3	504
BCL2L1	SNAI1	496
BCL2L1	EPO	684
BCL2L1	H3-3B	490
BCL2L1	KRAS	982
BCL2L1	CCNB1	631
BCL2L1	CDK4	656
BCL2L1	MDM2	794
BCL2L1	POU5F1	445
BCL2L1	TLR2	585
BCL2L1	CCND2	545
BCL2L1	CDH1	587
BCL2L1	PDGFRB	427
BCL2L1	MAPK3	701
BCL2L1	EP300	411
BCL2L1	IL1A	556
BCL2L1	IL1B	764
BCL2L1	IL7	603
BCL2L1	KDR	473
BCL2L1	PIK3CA	461
BCL2L1	CD80	479
BCL2L1	FGF2	480
BCL2L1	STAT3	949
BCL2L1	ICAM1	482
BCL2L1	EGF	592
BCL2L1	ERBB3	445
BCL2L1	TP53	999
BCL2L1	ERBB2	767
BCL2L1	IFNA1	427
BCL2L1	ATM	617
BCL2L1	IL18	406
BCL2L1	CXCL13	525
BCL2L1	PPARG	505
BCL2L1	KIT	525
BCL2L1	CALM3	429
BCL2L1	STAT5B	897
BCL2L1	VCAM1	586
BCL2L1	REL	581
BCL2L1	ALB	572
BCL2L1	ANXA5	796
BCL2L1	IL15	468
BCL2L1	IL3	716
BCL2L1	MAP2K1	557
BCL2L1	HSPA4	730
BCL2L1	CALML6	414
BCL2L1	IRS1	530
BCL2L1	CXCL10	559
BCL2L1	IL7R	617
BCL2L1	FOS	681
BCL2L1	CXCL8	507
BCL2L1	EIF2AK3	587
BCL2L1	CYCS	998
BCL2L1	TERT	425
BCL2L1	CASP3	950
BCL2L1	CD19	459
BCL2L1	CALML3	412
BCL2L1	MET	495
BCL2L1	SOX2	452
BCL2L1	HSPA5	571
BCL2L1	CD28	512
BCL2L1	PGR	404
BCL2L1	CASP9	992
BCL2L1	SOCS3	465
BCL2L1	CD86	433
BCL2L1	SMAD3	410
BCL2L1	H3C13	490
BCL2L1	HSP90AA1	727
BCL2L1	CAV1	491
BCL2L1	H3-5	489
BCL2L1	STAT5A	891
BCL2L1	SMAD4	408
BCL2L1	E2F1	702
BCL2L1	FN1	448
BCL2L1	H3C12	489
BCL2L1	STAT1	610
BCL2L1	MTOR	813
BCL2L1	H3-4	488
BCL2L1	PARP1	796
BCL2L1	CR2	468
BCL2L1	PTGS2	627
BCL2L1	FASLG	728
BCL2L1	MCL1	989
BCL2L1	NGF	445
BCL2L1	NRAS	453
BCL2L1	DNTT	613
BCL2L1	XIAP	939
BCL2L1	HSP90AB1	603
BCL2L1	PTEN	669
BCL2L1	MMP9	649
BCL2L1	PLAU	628
BCL2L1	HDAC1	452
BCL2L1	SRC	673
BCL2L1	TLR4	455
BCL2L1	AR	477
BCL2L1	SYK	434
BCL2L1	TNFSF13B	433
BCL2L1	HIF1A	674
BCL2L1	H3-7	489
BCL2L1	KITLG	402
BCL2L1	FOXO1	519
BCL2L1	KEAP1	671
BCL2L1	SQSTM1	485
BCL2L1	LOC102723407	503
BCL2L1	IL6	809
BCL2L1	ITGB2	498
BCL2L1	RELA	773
BCL2L1	NFE2L2	484
BCL2L1	BDNF	512
BCL2L1	IL17A	432
BCL2L1	TNF	878
BCL2L1	CDKN1A	704
BCL2L1	BTK	492
BCL2L1	IKBKB	591
BCL2L1	ESR1	578
BCL2L1	CTLA4	447
BCL2L1	IGF1R	541
BCL2L1	IGF1	704
BCL2L1	PROM1	447
BCL2L1	ACTB	784
BCL2L1	INS	544
BCL2L1	BCL2	999
BCL2L1	PECAM1	646
BCL2L1	CTNNB1	766
BCL2L1	NTRK1	418
BCL2L1	NOTCH1	483
BCL2L1	PRKCA	418
BCL2L1	GPT	400
BCL2L1	CALML5	412
BCL2L1	CDKN2A	814
BCL2L1	SOCS1	401
BCL2L1	TNFAIP3	499
BCL2L1	PTPRC	491
BCL2L1	JAK1	561
BCL2L1	MAPK8	986
BCL2L1	TYK2	448
BCL2L1	FAS	786
BCL2L1	AKT1	991
BCL2L1	PTPN11	725
BCL2L1	CD274	488
BCL2L1	CDK1	703
BCL2L1	BRAF	557
BCL2L1	RHOA	417
BCL2L1	BCL6	474
BCL2L1	BCL2L11	999
BCL2L1	CD8A	726
FGF10	CD4	435
FGF10	SNAI2	503
FGF10	CDH17	444
FGF10	FGF4	573
FGF10	NGFR	772
FGF10	MAPK1	576
FGF10	TIMP1	496
FGF10	MMP2	527
FGF10	PIK3R2	476
FGF10	HGF	887
FGF10	CSF3	610
FGF10	CCL2	622
FGF10	COL1A1	408
FGF10	VTN	499
FGF10	NFKB1	418
FGF10	CCND1	495
FGF10	FGF6	528
FGF10	IFNG	596
FGF10	NANOG	556
FGF10	LOX	478
FGF10	IL4	563
FGF10	IL5	641
FGF10	FLT3	806
FGF10	TWIST1	456
FGF10	PLCG1	626
FGF10	SNAI1	541
FGF10	BMP4	885
FGF10	APOE	571
FGF10	EPO	472
FGF10	GFAP	481
FGF10	H3-3B	400
FGF10	KRAS	707
FGF10	PDGFRA	880
FGF10	NT5E	488
FGF10	POU5F1	711
FGF10	THBS1	507
FGF10	VWF	501
FGF10	CDH1	616
FGF10	PDGFRB	904
FGF10	SMAD2	529
FGF10	AXIN1	408
FGF10	MAPK3	739
FGF10	IL1A	602
FGF10	IL1B	682
FGF10	EPCAM	425
FGF10	IL7	475
FGF10	KDR	933
FGF10	PIK3CA	573
FGF10	CBL	616
FGF10	FGF2	629
FGF10	IL11	423
FGF10	WNT5A	562
FGF10	STAT3	580
FGF10	BCL2	452
FGF10	PECAM1	753
FGF10	IL9	470
FGF10	INS	820
FGF10	ICAM1	487
FGF10	IL13	530
FGF10	AGT	634
FGF10	RUNX2	576
FGF10	IGF1	789
FGF10	IGF1R	874
FGF10	HNF4A	485
FGF10	UBB	507
FGF10	FGF16	645
FGF10	PROM1	516
FGF10	ACTB	553
FGF10	CASP3	500
FGF10	ESR2	411
FGF10	MET	881
FGF10	ESR1	511
FGF10	FGF1	741
FGF10	UBA52	517
FGF10	SHC1	575
FGF10	MMP1	401
FGF10	TNF	650
FGF10	SOS1	564
FGF10	FGFR1	999
FGF10	WNT4	439
FGF10	AR	508
FGF10	LEF1	499
FGF10	ERBB3	775
FGF10	SRC	559
FGF10	PIK3CB	473
FGF10	EDN1	513
FGF10	SPP1	525
FGF10	CXCL10	512
FGF10	SMAD4	488
FGF10	SHH	924
FGF10	BDNF	649
FGF10	IL17A	506
FGF10	TP53	606
FGF10	IGF2	643
FGF10	NGF	679
FGF10	EGF	990
FGF10	CXCL9	403
FGF10	FGFR3	981
FGF10	IL6	711
FGF10	FGF3	669
FGF10	ADIPOQ	606
FGF10	ERVFRD-1	521
FGF10	IL15	466
FGF10	PAX6	547
FGF10	FN1	799
FGF10	CXCL11	576
FGF10	CCL4	447
FGF10	SMAD3	473
FGF10	KITLG	511
FGF10	TEK	855
FGF10	HIF1A	591
FGF10	PGR	422
FGF10	ERV3-1	519
FGF10	ITGB1	432
FGF10	CD8A	418
FGF10	NRP1	822
FGF10	MMP3	438
FGF10	ERVW-1	522
FGF10	BMP2	766
FGF10	WNT1	509
FGF10	ALB	758
FGF10	FGF13	448
FGF10	NRAS	614
FGF10	SDC1	761
FGF10	VEGFC	556
FGF10	VCAM1	488
FGF10	RHOA	460
FGF10	ANGPT2	516
FGF10	SOX2	624
FGF10	FGF9	528
FGF10	PTEN	474
FGF10	FOS	459
FGF10	ERBB4	776
FGF10	PDGFA	454
FGF10	CCL11	506
FGF10	MMP9	598
FGF10	DKK1	545
FGF10	PTPN11	638
FGF10	AKT1	682
FGF10	CXCL8	770
FGF10	CD274	408
FGF10	MTOR	490
FGF10	FGF5	463
FGF10	GATA4	530
FGF10	CSF1	418
FGF10	FLT1	877
FGF10	ENG	533
FGF10	PDGFB	680
FGF10	IRS1	526
FGF10	TLR4	406
FGF10	TERT	572
FGF10	PTPRC	503
FGF10	CSF1R	800
FGF10	ERBB2	826
FGF10	PTGS2	466
FGF10	ANGPT1	590
FGF10	NES	603
FGF10	FGFR2	999
FGF10	TJP1	406
FGF10	KLF4	594
FGF10	CALM3	604
FGF10	TGFBR1	456
FGF10	WNT3A	676
FGF10	KIT	858
FGF10	TGFA	609
FGF10	NTRK1	889
FGF10	PLG	510
FGF10	AXIN2	483
FGF10	PIK3R1	505
FGF10	NOTCH1	487
FGF10	CDKN2A	415
FGF10	CALML5	595
FGF10	LEP	451
FGF10	CALML3	595
FGF10	CALML6	592
FGF10	PPARG	480
FGF10	FGF7	638
FGF10	CTNNB1	686
IL33	CD74	534
IL33	CD4	729
IL33	TNFRSF1A	403
IL33	GZMB	443
IL33	CCL22	571
IL33	CCL17	779
IL33	MPO	430
IL33	CSF3	531
IL33	CCL2	706
IL33	NFKB1	679
IL33	CD69	474
IL33	IFNG	778
IL33	IL4	908
IL33	IL5	938
IL33	CD68	445
IL33	PDGFRA	581
IL33	TLR2	814
IL33	MAPK3	413
IL33	ITGAE	541
IL33	IL1A	820
IL33	IL1B	890
IL33	IL7	693
IL33	CD80	483
IL33	FGF2	415
IL33	IL11	499
IL33	STAT3	569
IL33	ICAM1	507
IL33	EGF	405
IL33	FGF7	439
IL33	IL9	771
IL33	IFNA1	575
IL33	IL18	869
IL33	CXCL13	594
IL33	PPARG	447
IL33	KIT	549
IL33	NCR1	494
IL33	CCR5	419
IL33	STAT5B	436
IL33	VCAM1	502
IL33	ALB	438
IL33	CXCL5	511
IL33	IL15	748
IL33	TLR3	536
IL33	IL3	600
IL33	RAG1	510
IL33	NOD2	426
IL33	CCL11	844
IL33	IL13	937
IL33	CXCL10	633
IL33	IL7R	621
IL33	CXCL8	799
IL33	CXCL11	455
IL33	CCL19	521
IL33	CD19	505
IL33	ICOS	548
IL33	CD28	419
IL33	CSF1	476
IL33	IL3RA	554
IL33	CD86	592
IL33	SMAD3	405
IL33	HSP90AA1	478
IL33	NLRP3	586
IL33	CAV1	504
IL33	STAT5A	447
IL33	FN1	400
IL33	ARG1	530
IL33	CX3CR1	428
IL33	CCL20	619
IL33	STAT1	542
IL33	CXCL9	586
IL33	PTGS2	472
IL33	IL6R	606
IL33	ENTPD1	415
IL33	MMP9	485
IL33	CXCR3	447
IL33	TLR4	843
IL33	TNFSF13B	502
IL33	GATA3	816
IL33	IFNA2	407
IL33	IFNB1	655
IL33	TLR7	562
IL33	IRF4	447
IL33	ACTB	418
IL33	IGF1R	439
IL33	IGF1	403
IL33	SELL	436
IL33	CD8A	667
IL33	TNF	770
IL33	CD274	475
IL33	CTLA4	437
IL33	CXCR6	597
IL33	AKT1	430
IL33	CXCL2	549
IL33	IL6	798
IL33	CD1D	443
IL33	SPP1	409
IL33	IL17A	852
IL33	PTPRC	592
IL33	TLR5	412
IL33	CCL4	548
IL33	KITLG	459
BMP2	SNAI2	423
BMP2	FGF4	817
BMP2	MMP2	477
BMP2	HGF	462
BMP2	COL1A1	691
BMP2	VTN	623
BMP2	CCND1	422
BMP2	FGF6	746
BMP2	NANOG	534
BMP2	TWIST1	449
BMP2	SNAI1	453
BMP2	BMP4	970
BMP2	CD68	476
BMP2	NT5E	507
BMP2	POU5F1	478
BMP2	THBS1	492
BMP2	VWF	630
BMP2	SMAD2	668
BMP2	AXIN1	408
BMP2	MAPK3	518
BMP2	EP300	557
BMP2	IL1A	465
BMP2	IL1B	605
BMP2	KDR	415
BMP2	FGF2	937
BMP2	WNT5A	592
BMP2	STAT3	611
BMP2	LEF1	461
BMP2	EGF	583
BMP2	FGF7	760
BMP2	TP53	416
BMP2	WNT3A	745
BMP2	PPARG	548
BMP2	WNT4	554
BMP2	WNT1	503
BMP2	VCAM1	568
BMP2	ALB	828
BMP2	SHH	832
BMP2	MMP3	418
BMP2	WNT10B	479
BMP2	AXIN2	448
BMP2	HSPA4	478
BMP2	CXCL10	480
BMP2	FOS	433
BMP2	CXCL8	434
BMP2	CASP3	421
BMP2	FGF5	762
BMP2	LEP	570
BMP2	HNF4A	425
BMP2	MMP1	425
BMP2	SOX2	485
BMP2	PGR	474
BMP2	CSF1	416
BMP2	SMAD3	638
BMP2	FGF3	749
BMP2	SMAD4	954
BMP2	PDGFA	534
BMP2	FN1	902
BMP2	STAT1	548
BMP2	PTGS2	439
BMP2	NES	481
BMP2	NGF	612
BMP2	RUNX2	982
BMP2	MMP9	479
BMP2	ENG	854
BMP2	DKK1	764
BMP2	KLF4	409
BMP2	SYK	448
BMP2	CTNNB1	801
BMP2	NOTCH1	468
BMP2	TGFBR1	747
BMP2	PTPRC	455
BMP2	FGFR2	413
BMP2	AKT1	582
BMP2	GATA4	490
BMP2	FGF9	778
BMP2	ITGB1	468
BMP2	FGF13	644
BMP2	SDC1	436
BMP2	HIF1A	496
BMP2	FOXO1	422
BMP2	IGF2	471
BMP2	IL6	599
BMP2	RELA	520
BMP2	EDN1	478
BMP2	SPP1	921
BMP2	FGFR1	425
BMP2	TNF	731
BMP2	NFATC1	470
BMP2	ESR1	445
BMP2	FGF1	684
BMP2	PROM1	473
BMP2	FGF16	769
BMP2	IGF1R	447
BMP2	IGF1	784
BMP2	ACTB	537
BMP2	INS	594
BMP2	PECAM1	485
BMP2	ETS1	400
NPM1	CD4	437
NPM1	MAPK1	518
NPM1	MPO	411
NPM1	CSF3	412
NPM1	CD38	473
NPM1	NFKB1	411
NPM1	CCND1	625
NPM1	NANOG	507
NPM1	FLT3	943
NPM1	PLCG1	767
NPM1	H3-3B	523
NPM1	KRAS	803
NPM1	CCNB1	434
NPM1	PDGFRA	583
NPM1	CDK4	497
NPM1	MDM2	974
NPM1	POU5F1	502
NPM1	CCND2	514
NPM1	PDGFRB	477
NPM1	CD33	597
NPM1	AXIN1	433
NPM1	EP300	788
NPM1	KDR	613
NPM1	PIK3CA	712
NPM1	STAT3	744
NPM1	TP53	997
NPM1	ERBB2	471
NPM1	ATM	651
NPM1	MYCN	474
NPM1	CSF1R	563
NPM1	KIT	765
NPM1	STAT5B	727
NPM1	WNT1	413
NPM1	ALB	580
NPM1	IL3	545
NPM1	FGFR2	541
NPM1	NCAM1	401
NPM1	TERT	527
NPM1	JAK1	519
NPM1	PTPRC	400
NPM1	WT1	722
NPM1	PIK3R1	782
NPM1	NOTCH1	515
NPM1	CDKN2A	999
NPM1	NTRK1	419
NPM1	H3-5	489
NPM1	HSPA5	483
NPM1	CTNNB1	515
NPM1	NRAS	832
NPM1	ITGB1	522
NPM1	HSPA8	444
NPM1	SOX2	451
NPM1	ERBB4	469
NPM1	PTEN	507
NPM1	BRAF	685
NPM1	CDK1	525
NPM1	MMP9	487
NPM1	AKT1	796
NPM1	PTPN11	789
NPM1	BMI1	414
NPM1	IRS1	848
NPM1	ANPEP	507
NPM1	SMAD4	416
NPM1	H3C12	667
NPM1	HSP90AB1	806
NPM1	SRC	658
NPM1	RUNX1	854
NPM1	H3C13	482
NPM1	RELA	579
NPM1	HSPA4	857
NPM1	SQSTM1	711
NPM1	FGFR3	563
NPM1	H3-4	584
NPM1	HDAC1	541
NPM1	HSP90AA1	804
NPM1	ALK	994
NPM1	FN1	693
NPM1	H3-7	472
NPM1	CEBPB	803
NPM1	NF1	432
NPM1	CSF3R	516
NPM1	STAT5A	809
NPM1	PARP1	970
NPM1	RUNX2	432
NPM1	BCL2	660
NPM1	ACTB	588
NPM1	EIF2AK3	502
NPM1	CASP3	656
NPM1	IGF1R	559
NPM1	PROM1	455
NPM1	ESR1	749
NPM1	SHC1	839
NPM1	UBA52	524
NPM1	CDKN1A	666
NPM1	MCL1	400
NPM1	CALR	520
NPM1	IL3RA	447
NPM1	FGFR1	543
SHH	SNAI2	524
SHH	CDH17	466
SHH	FGF4	928
SHH	HGF	642
SHH	VTN	658
SHH	CCND1	625
SHH	FGF6	797
SHH	CDKN1B	463
SHH	NANOG	739
SHH	LOX	467
SHH	TWIST1	473
SHH	SNAI1	613
SHH	BMP4	922
SHH	GFAP	609
SHH	H3-3B	483
SHH	KRAS	537
SHH	NOTCH2	553
SHH	PDGFRA	617
SHH	CDK4	409
SHH	POU5F1	620
SHH	CCND2	515
SHH	CDH1	590
SHH	PDGFRB	494
SHH	SMAD2	726
SHH	AXIN1	626
SHH	MAPK3	460
SHH	IL1B	418
SHH	EPCAM	407
SHH	KDR	494
SHH	FGF2	749
SHH	WNT5A	669
SHH	STAT3	556
SHH	LEF1	768
SHH	EGF	783
SHH	FGF7	817
SHH	TP53	645
SHH	ERBB2	635
SHH	MYCN	759
SHH	WNT3A	775
SHH	KIT	464
SHH	WNT4	552
SHH	CALM3	491
SHH	WNT1	805
SHH	ALB	511
SHH	CDKN1A	443
SHH	SHC1	445
SHH	UBA52	499
SHH	FGF1	500
SHH	MET	435
SHH	ESR1	652
SHH	TNF	436
SHH	FGFR1	682
SHH	WNT10B	547
SHH	INS	560
SHH	PECAM1	486
SHH	BCL2	532
SHH	RUNX2	659
SHH	ETS1	528
SHH	FGF16	811
SHH	HNF4A	552
SHH	UBB	502
SHH	IGF1	628
SHH	IGF1R	431
SHH	PROM1	610
SHH	ACTB	552
SHH	CASP3	700
SHH	FN1	716
SHH	ALK	560
SHH	PAX6	829
SHH	H3-4	460
SHH	KITLG	455
SHH	SMAD3	702
SHH	TEK	618
SHH	HIF1A	504
SHH	H3-7	468
SHH	H3C13	468
SHH	SRC	421
SHH	PRKACB	525
SHH	SPP1	420
SHH	H3C12	479
SHH	BDNF	725
SHH	SMAD4	531
SHH	NGF	463
SHH	IGF2	479
SHH	FGF3	848
SHH	IL6	505
SHH	FGFR3	633
SHH	DKK1	614
SHH	MMP9	471
SHH	TFRC	408
SHH	AKT1	667
SHH	BMI1	603
SHH	FGF5	799
SHH	CXCL8	480
SHH	MTOR	411
SHH	GATA4	450
SHH	FGF13	639
SHH	RHOA	670
SHH	SOX2	824
SHH	FGF9	882
SHH	PTEN	718
SHH	SEM1	400
SHH	H3-5	456
SHH	AXIN2	625
SHH	NOTCH1	665
SHH	CDKN2A	473
SHH	CALML5	487
SHH	CALML3	485
SHH	CALML6	476
SHH	CTNNB1	870
SHH	TERT	400
SHH	TLR4	418
SHH	CD24	507
SHH	ANGPT1	421
SHH	KLF4	538
SHH	NCAM1	467
SHH	FGFR2	717
SHH	NES	703
SHH	TGFBR1	430
ATM	CD4	533
ATM	CDH17	475
ATM	MAPK1	622
ATM	NFKBIA	460
ATM	RPS6KB1	725
ATM	CD38	434
ATM	NFKB1	746
ATM	CCND1	692
ATM	CDKN1B	713
ATM	IFNG	447
ATM	KLRK1	441
ATM	FLT3	516
ATM	SNAI1	569
ATM	H3-3B	767
ATM	KRAS	718
ATM	CCNB1	775
ATM	NOTCH2	430
ATM	PDGFRA	493
ATM	CDK4	937
ATM	MDM2	995
ATM	POU5F1	454
ATM	CCND2	476
ATM	CDH1	478
ATM	SMAD2	470
ATM	MAPK3	532
ATM	EP300	904
ATM	IL1B	446
ATM	EPCAM	448
ATM	KDR	457
ATM	PIK3CA	446
ATM	CBL	423
ATM	STAT3	592
ATM	ZAP70	469
ATM	EGF	476
ATM	ERBB3	467
ATM	TP53	999
ATM	ERBB2	748
ATM	BTK	632
ATM	CDKN1A	807
ATM	MCL1	576
ATM	STAT1	433
ATM	CTLA4	445
ATM	ESR1	601
ATM	UBA52	518
ATM	IKBKB	635
ATM	SHC1	407
ATM	FGFR1	512
ATM	TNF	545
ATM	MYCN	475
ATM	AR	539
ATM	CAV1	521
ATM	BCL2	712
ATM	INS	521
ATM	PARP1	875
ATM	XIAP	538
ATM	AGT	476
ATM	IGF1R	454
ATM	IGF1	617
ATM	UBB	565
ATM	CASP3	702
ATM	ACTB	645
ATM	HSP90AA1	785
ATM	HDAC1	948
ATM	H3-4	871
ATM	ALK	577
ATM	FOXO1	751
ATM	SMAD3	400
ATM	CD5	425
ATM	NF1	732
ATM	GATA3	440
ATM	PGR	484
ATM	H3-7	755
ATM	HIF1A	688
ATM	HSPA4	536
ATM	RELA	545
ATM	SRC	533
ATM	RUNX1	487
ATM	H3C13	754
ATM	SMAD4	654
ATM	HSP90AB1	685
ATM	H3C12	766
ATM	NFE2L2	421
ATM	CYCS	568
ATM	DNMT1	696
ATM	IL6	548
ATM	FGFR3	571
ATM	SQSTM1	933
ATM	LOC102723407	787
ATM	KEAP1	438
ATM	PTPN11	486
ATM	BMI1	826
ATM	AKT1	742
ATM	MMP9	404
ATM	CD19	436
ATM	BRAF	778
ATM	CDK1	733
ATM	MTOR	408
ATM	CD274	689
ATM	CXCL8	409
ATM	MAP2K1	527
ATM	CD8A	539
ATM	BCL2L11	483
ATM	NRAS	632
ATM	ALB	623
ATM	STAT5B	419
ATM	FOS	470
ATM	PTEN	897
ATM	ERBB4	526
ATM	DNTT	435
ATM	SOX2	416
ATM	E2F1	756
ATM	SEM1	665
ATM	H3-5	755
ATM	CDKN2A	847
ATM	PRKCA	474
ATM	PIK3R1	609
ATM	ANXA5	605
ATM	NOTCH1	723
ATM	PPARG	418
ATM	HLA-A	573
ATM	CASP9	567
ATM	CTNNB1	620
ATM	HSPA5	479
ATM	WT1	409
ATM	TERT	825
ATM	MAPK8	792
ATM	PTPRC	464
ATM	JAK1	455
ATM	CSF1R	412
ATM	FGFR2	705
ATM	RAG1	400
ATM	SOCS1	733
ATM	REL	414
ATM	KIT	546
ATM	TGFBR1	578
SLAMF1	CD4	791
SLAMF1	IL2RB	484
SLAMF1	GZMB	472
SLAMF1	CSF3	445
SLAMF1	CD38	640
SLAMF1	SPI1	508
SLAMF1	CD69	684
SLAMF1	IFNG	775
SLAMF1	IL4	457
SLAMF1	KLRK1	494
SLAMF1	FLT3	839
SLAMF1	CD33	795
SLAMF1	ITGA2B	733
SLAMF1	IL1B	453
SLAMF1	IL7	464
SLAMF1	CD80	700
SLAMF1	ZAP70	431
SLAMF1	CD27	591
SLAMF1	TP53	421
SLAMF1	FCGR2A	462
SLAMF1	IFNA1	405
SLAMF1	CSF1R	472
SLAMF1	CXCL13	400
SLAMF1	KIT	802
SLAMF1	NCR1	705
SLAMF1	CXCR5	586
SLAMF1	CCR5	450
SLAMF1	VCAM1	578
SLAMF1	ANXA5	453
SLAMF1	IL3	515
SLAMF1	CCL11	465
SLAMF1	IL7R	705
SLAMF1	AOC3	591
SLAMF1	CD19	703
SLAMF1	ICOS	687
SLAMF1	CD28	589
SLAMF1	CSF1	464
SLAMF1	CD86	670
SLAMF1	PDCD1	428
SLAMF1	IL21R	458
SLAMF1	KLRD1	449
SLAMF1	CD5	723
SLAMF1	ITGAL	423
SLAMF1	CD3E	663
SLAMF1	CR2	460
SLAMF1	PRDM1	431
SLAMF1	CD2	899
SLAMF1	ENG	506
SLAMF1	SRC	615
SLAMF1	CXCR3	422
SLAMF1	BMI1	456
SLAMF1	CYBB	559
SLAMF1	GATA3	415
SLAMF1	TEK	407
SLAMF1	IRF4	692
SLAMF1	SDC1	400
SLAMF1	TFRC	532
SLAMF1	ITGB2	403
SLAMF1	BCL6	487
SLAMF1	IL6	489
SLAMF1	CD8A	721
SLAMF1	TNF	522
SLAMF1	PTPRC	860
SLAMF1	ERVW-1	595
SLAMF1	SELL	489
SLAMF1	PECAM1	481
SLAMF1	CTLA4	525
SLAMF1	PTPN11	956
SLAMF1	NCAM1	562
SLAMF1	CD24	621
SLAMF1	VAV1	640
SLAMF1	SPN	521
SLAMF1	CD1D	529
SLAMF1	CCL4	480
SLAMF1	KITLG	590
SLAMF1	CD48	889
SLAMF1	TLR5	528
IL7R	CD74	425
IL7R	CD4	960
IL7R	TNFRSF1A	442
IL7R	LAG3	675
IL7R	IL2RB	891
IL7R	GZMB	772
IL7R	CCL22	652
IL7R	CCL17	641
IL7R	CD79A	505
IL7R	PIK3R2	533
IL7R	CSF3	790
IL7R	CCL2	492
IL7R	CD38	718
IL7R	NFKB1	437
IL7R	SPI1	540
IL7R	IL10RA	714
IL7R	CD69	900
IL7R	IFNG	926
IL7R	IL4	952
IL7R	IL5	870
IL7R	KLRK1	750
IL7R	FLT3	826
IL7R	CD68	448
IL7R	EPO	798
IL7R	NT5E	471
IL7R	TLR2	666
IL7R	CD33	655
IL7R	ITGA2B	459
IL7R	ITGAE	705
IL7R	IL1A	713
IL7R	IL1B	758
IL7R	IL7	999
IL7R	CD80	647
IL7R	FGF2	591
IL7R	IL11	737
IL7R	STAT3	746
IL7R	ICAM1	662
IL7R	SCARB2	556
IL7R	ZAP70	601
IL7R	LEF1	555
IL7R	EGF	715
IL7R	CD27	854
IL7R	FCGR2A	609
IL7R	IL9	922
IL7R	IFNA1	808
IL7R	IL18	510
IL7R	CSF1R	593
IL7R	CXCL13	515
IL7R	KIT	842
IL7R	NCR1	696
IL7R	CXCR5	830
IL7R	CCR5	736
IL7R	STAT5B	941
IL7R	VCAM1	612
IL7R	CXCL5	539
IL7R	ANXA5	580
IL7R	IL15	985
IL7R	ITGA2	491
IL7R	IL3	820
IL7R	RAG1	795
IL7R	RUNX1	581
IL7R	CCL11	634
IL7R	IRS1	531
IL7R	IL13	872
IL7R	CXCL10	519
IL7R	IL17A	813
IL7R	IL6R	674
IL7R	ITGB2	481
IL7R	TLR7	633
IL7R	IFNA2	740
IL7R	IL12RB1	684
IL7R	LOC102723407	655
IL7R	CXCL2	512
IL7R	CXCL9	694
IL7R	ARG1	553
IL7R	SPN	658
IL7R	IL6	916
IL7R	KLRD1	643
IL7R	CD48	829
IL7R	KITLG	694
IL7R	CD5	725
IL7R	CCL4	530
IL7R	FOXO1	675
IL7R	SOCS3	400
IL7R	IRF4	599
IL7R	GATA3	702
IL7R	CSF3R	487
IL7R	STAT5A	938
IL7R	SELL	851
IL7R	IDO1	466
IL7R	ETS1	547
IL7R	PECAM1	535
IL7R	CXCR3	733
IL7R	BCL2	742
IL7R	TNFSF13B	678
IL7R	ACTB	418
IL7R	CTLA4	771
IL7R	CXCR6	742
IL7R	STAT1	666
IL7R	CD86	651
IL7R	BTK	422
IL7R	CD3E	863
IL7R	IL3RA	655
IL7R	CX3CR1	581
IL7R	PDCD1	634
IL7R	TNF	717
IL7R	CD24	581
IL7R	PTGS2	551
IL7R	NCAM1	717
IL7R	ICOS	872
IL7R	AOC3	697
IL7R	PTPRC	906
IL7R	JAK1	994
IL7R	FCGR1A	413
IL7R	TLR4	490
IL7R	LYN	602
IL7R	ENTPD1	686
IL7R	HAVCR2	788
IL7R	CD1D	651
IL7R	TNFAIP3	460
IL7R	SOCS1	572
IL7R	CD28	814
IL7R	NOTCH1	658
IL7R	TLR8	528
IL7R	PIK3R1	711
IL7R	CCL20	637
IL7R	FASLG	525
IL7R	ITGAL	606
IL7R	CD47	461
IL7R	HLA-A	449
IL7R	LEP	708
IL7R	VEGFC	464
IL7R	PRDM1	764
IL7R	FGF13	496
IL7R	BCL2L11	651
IL7R	CD8A	946
IL7R	PDGFA	668
IL7R	CR2	502
IL7R	CCL19	731
IL7R	BCL6	586
IL7R	CD274	625
IL7R	CXCL8	517
IL7R	CD19	808
IL7R	TFRC	672
IL7R	CD2	775
IL7R	PTPN11	587
IL7R	AKT1	465
IL7R	PDGFB	682
IL7R	IFNB1	770
IL7R	PDCD1LG2	464
IL7R	IFNGR1	400
IL7R	TYK2	840
IL7R	IL21R	674
IL7R	FAS	703
UBA52	CD74	973
UBA52	TNFRSF1A	520
UBA52	FGF4	517
UBA52	NGFR	499
UBA52	MAPK1	553
UBA52	NFKBIA	952
UBA52	RELB	410
UBA52	HGF	499
UBA52	CSF3	642
UBA52	NFKB1	543
UBA52	CCND1	522
UBA52	FGF6	517
UBA52	CDKN1B	947
UBA52	FLT3	499
UBA52	GFAP	500
UBA52	H3-3B	471
UBA52	KRAS	563
UBA52	CCNB1	690
UBA52	NOTCH2	526
UBA52	MDM2	967
UBA52	VWF	462
UBA52	CDH1	898
UBA52	SMAD2	524
UBA52	AXIN1	499
UBA52	EP300	519
UBA52	CBL	948
UBA52	FGF2	517
UBA52	ZAP70	814
UBA52	EGF	515
UBA52	ERBB3	499
UBA52	FGF7	517
UBA52	TP53	654
UBA52	ERBB2	499
UBA52	WNT3A	499
UBA52	CSF1R	502
UBA52	REL	520
UBA52	TLR3	509
UBA52	RAG1	436
UBA52	MAP2K1	499
UBA52	AXIN2	499
UBA52	FGF5	517
UBA52	MET	524
UBA52	HSPA5	504
UBA52	NOS2	499
UBA52	CSF1	499
UBA52	SOCS3	499
UBA52	SMAD3	671
UBA52	H3C13	943
UBA52	FGF3	517
UBA52	HSP90AA1	636
UBA52	FGFR3	499
UBA52	H3-5	452
UBA52	SMAD4	499
UBA52	ERBB4	499
UBA52	NF1	499
UBA52	H3C12	943
UBA52	DNMT1	934
UBA52	H3-4	719
UBA52	PARP1	517
UBA52	NGF	499
UBA52	NRAS	533
UBA52	XIAP	896
UBA52	RUNX2	499
UBA52	HSP90AB1	692
UBA52	PTEN	559
UBA52	CSF3R	640
UBA52	SRC	564
UBA52	TLR4	499
UBA52	SYK	535
UBA52	FGF9	517
UBA52	SQSTM1	915
UBA52	KEAP1	510
UBA52	CDK1	550
UBA52	NFE2L2	511
UBA52	RELA	516
UBA52	CDKN1A	514
UBA52	HIF1A	525
UBA52	H3-7	942
UBA52	ADIPOQ	516
UBA52	IKBKB	580
UBA52	FGF1	517
UBA52	TNF	521
UBA52	FGFR1	499
UBA52	ACTB	508
UBA52	FGF16	517
UBA52	UBB	999
UBA52	NOTCH1	438
UBA52	CDKN2A	541
UBA52	SEM1	513
UBA52	TGFA	499
UBA52	CTNNB1	576
UBA52	FGFR2	499
UBA52	JAK1	524
UBA52	LYN	541
UBA52	TGFBR1	524
UBA52	TNFAIP3	938
UBA52	SOCS1	499
UBA52	PTPN11	499
UBA52	TYK2	531
UBA52	HSPA8	787
UBA52	RHOA	589
WNT1	SNAI2	443
WNT1	CDH17	451
WNT1	FGF4	498
WNT1	COL1A1	450
WNT1	CCND1	652
WNT1	FGF6	472
WNT1	NANOG	435
WNT1	TWIST1	449
WNT1	SNAI1	535
WNT1	BMP4	595
WNT1	NOTCH2	419
WNT1	POU5F1	417
WNT1	CDH1	596
WNT1	SMAD2	429
WNT1	AXIN1	918
WNT1	KDR	560
WNT1	FGF2	480
WNT1	WNT5A	736
WNT1	STAT3	440
WNT1	LEF1	730
WNT1	EGF	520
WNT1	FGF7	458
WNT1	TP53	688
WNT1	ERBB2	506
WNT1	WNT3A	832
WNT1	WNT4	912
WNT1	MMP9	434
WNT1	DKK1	965
WNT1	AKT1	584
WNT1	FGF5	471
WNT1	FGF13	414
WNT1	SDC1	922
WNT1	RHOA	413
WNT1	SOX2	541
WNT1	PTEN	670
WNT1	FGF9	464
WNT1	AXIN2	715
WNT1	NOTCH1	502
WNT1	CTNNB1	973
WNT1	CD24	423
WNT1	NES	452
WNT1	ESR1	460
WNT1	WNT10B	751
WNT1	BCL2	423
WNT1	INS	441
WNT1	RUNX2	505
WNT1	HNF4A	827
WNT1	IGF1	400
WNT1	FGF16	460
WNT1	ACTB	456
WNT1	CASP3	444
WNT1	PAX6	534
WNT1	FN1	413
WNT1	SMAD3	409
WNT1	SRC	407
WNT1	SMAD4	407
WNT1	FGF3	667
ERBB4	FGF4	755
ERBB4	NGFR	508
ERBB4	GZMB	549
ERBB4	PIK3R2	977
ERBB4	HGF	781
ERBB4	CCND1	534
ERBB4	FGF6	754
ERBB4	PLCG1	968
ERBB4	SNAI1	458
ERBB4	APOE	862
ERBB4	GFAP	658
ERBB4	KRAS	862
ERBB4	NOTCH2	423
ERBB4	MDM2	540
ERBB4	THBS1	403
ERBB4	CDH1	501
ERBB4	PDGFRB	560
ERBB4	KDR	596
ERBB4	PIK3CA	970
ERBB4	CBL	861
ERBB4	FGF2	871
ERBB4	STAT3	512
ERBB4	EGF	999
ERBB4	ERBB3	999
ERBB4	FGF7	767
ERBB4	TP53	726
ERBB4	ERBB2	999
ERBB4	STAT5B	993
ERBB4	IRS1	734
ERBB4	CASP3	407
ERBB4	FGF5	747
ERBB4	ANGPT2	694
ERBB4	PGR	881
ERBB4	CSF1	701
ERBB4	PDGFB	717
ERBB4	SMAD3	540
ERBB4	FGF3	765
ERBB4	HSP90AA1	809
ERBB4	STAT5A	995
ERBB4	SMAD4	630
ERBB4	SOS1	638
ERBB4	SHC1	999
ERBB4	ESR2	606
ERBB4	FGF1	773
ERBB4	ESR1	961
ERBB4	SYK	414
ERBB4	ACTB	448
ERBB4	FGF16	768
ERBB4	IGF1	789
ERBB4	UBB	536
ERBB4	RUNX2	508
ERBB4	INS	774
ERBB4	BCL2	660
ERBB4	NF1	529
ERBB4	KITLG	716
ERBB4	NGF	747
ERBB4	IGF2	741
ERBB4	BDNF	781
ERBB4	HSP90AB1	448
ERBB4	PIK3CB	947
ERBB4	SRC	916
ERBB4	MTOR	430
ERBB4	BRAF	445
ERBB4	PTPN11	927
ERBB4	AKT1	583
ERBB4	PDGFA	709
ERBB4	FGF9	781
ERBB4	PTEN	793
ERBB4	RHOA	678
ERBB4	VEGFC	725
ERBB4	NRAS	845
ERBB4	CTNNB1	633
ERBB4	NOTCH1	602
ERBB4	PIK3R1	948
ERBB4	CDKN2A	560
ERBB4	TGFA	989
ERBB4	NTRK1	553
ERBB4	E2F1	474
ERBB4	PTPN6	646
ERBB4	ANGPT1	712
ERBB4	NCAM1	547
ERBB4	JAK1	495
ERBB4	LYN	534
FGF1	FGF4	777
FGF1	NGFR	843
FGF1	MAPK1	534
FGF1	TIMP1	619
FGF1	PIK3R2	417
FGF1	HGF	802
FGF1	CSF3	562
FGF1	CCL2	462
FGF1	VTN	544
FGF1	FGF6	741
FGF1	IL4	546
FGF1	IL5	484
FGF1	FLT3	759
FGF1	PLCG1	625
FGF1	BMP4	549
FGF1	GFAP	446
FGF1	KRAS	626
FGF1	PDGFRA	819
FGF1	THBS1	428
FGF1	ITGAV	549
FGF1	VWF	479
FGF1	PDGFRB	842
FGF1	MAPK3	666
FGF1	IL1A	633
FGF1	IL1B	665
FGF1	KDR	919
FGF1	PIK3CA	494
FGF1	CBL	684
FGF1	FGF2	962
FGF1	STAT3	415
FGF1	EGF	841
FGF1	ERBB3	746
FGF1	FGF7	726
FGF1	ERBB2	787
FGF1	FLT1	944
FGF1	CSF1R	842
FGF1	KIT	811
FGF1	CALM3	488
FGF1	ALB	494
FGF1	CXCL8	601
FGF1	FGF5	712
FGF1	ANGPT2	645
FGF1	MET	761
FGF1	PDGFB	509
FGF1	FGF3	710
FGF1	HSP90AA1	555
FGF1	FGFR3	999
FGF1	PDGFA	541
FGF1	FN1	691
FGF1	STAT1	497
FGF1	NGF	814
FGF1	NRAS	592
FGF1	PRKACB	497
FGF1	HSP90AB1	554
FGF1	PTEN	511
FGF1	MMP9	506
FGF1	ENG	604
FGF1	EDN1	630
FGF1	TEK	825
FGF1	SDC1	620
FGF1	FGF9	630
FGF1	IGF1	827
FGF1	SPP1	441
FGF1	INS	605
FGF1	SOS1	541
FGF1	CDKN1A	482
FGF1	IL6	721
FGF1	IGF2	694
FGF1	FGFR1	999
FGF1	FGF13	927
FGF1	TNF	447
FGF1	FGF16	678
FGF1	SHC1	531
FGF1	TGFA	554
FGF1	ESR1	554
FGF1	FGFR2	999
FGF1	BDNF	707
FGF1	PIK3R1	460
FGF1	ANGPT1	549
FGF1	NTRK1	854
FGF1	HIF1A	649
FGF1	AKT1	575
FGF1	PECAM1	519
FGF1	UBB	507
FGF1	VEGFC	653
FGF1	NCAM1	524
FGF1	PTPN11	545
FGF1	CTNNB1	464
FGF1	ACTB	411
FGF1	IGF1R	772
FGF1	KITLG	432
FGF1	PIK3CB	445
CCND1	CD4	781
CCND1	SNAI2	669
CCND1	CDH17	522
CCND1	FGF4	683
CCND1	MAPK1	683
CCND1	NFKBIA	670
CCND1	TIMP1	465
CCND1	MMP2	738
CCND1	RELB	473
CCND1	CD79A	582
CCND1	PIK3R2	462
CCND1	HGF	526
CCND1	RPS6KB1	720
CCND1	CCL2	648
CCND1	COL1A1	451
CCND1	CD38	446
CCND1	NFKB1	668
CCND1	SDC1	772
CCND1	NRAS	791
CCND1	FGF13	479
CCND1	VEGFC	444
CCND1	STAT5B	602
CCND1	ALB	640
CCND1	HSPA8	945
CCND1	CD8A	480
CCND1	MMP3	474
CCND1	BCL2L11	752
CCND1	ITGB1	513
CCND1	EGR1	518
CCND1	CR2	444
CCND1	FOS	942
CCND1	PTEN	855
CCND1	FGF9	496
CCND1	DNTT	585
CCND1	MAPK3	744
CCND1	SOX2	792
CCND1	BCL6	870
CCND1	TWIST1	711
CCND1	RHOA	589
CCND1	IFNG	488
CCND1	CD19	505
CCND1	BRAF	864
CCND1	GATA4	438
CCND1	FLT1	455
CCND1	CDK1	998
CCND1	CD274	541
CCND1	MTOR	802
CCND1	CXCL8	521
CCND1	FGF5	463
CCND1	AKT1	923
CCND1	BMI1	616
CCND1	PTPN11	474
CCND1	GFAP	469
CCND1	NOTCH2	554
CCND1	MMP9	799
CCND1	PLAU	512
CCND1	DKK1	664
CCND1	IRS1	684
CCND1	MAP2K1	751
CCND1	TJP1	670
CCND1	FGFR2	679
CCND1	CDKN1B	999
CCND1	NES	802
CCND1	SNAI1	705
CCND1	CCND2	942
CCND1	KLF4	561
CCND1	NCAM1	475
CCND1	PTGS2	664
CCND1	ERBB2	904
CCND1	CD24	479
CCND1	PDGFRA	516
CCND1	BMP4	497
CCND1	LYN	597
CCND1	WT1	446
CCND1	MAPK8	724
CCND1	TERT	637
CCND1	TLR4	434
CCND1	JAK1	517
CCND1	PTPRC	513
CCND1	KIT	749
CCND1	TGFBR1	421
CCND1	KRAS	835
CCND1	WNT3A	694
CCND1	SOCS1	595
CCND1	REL	495
CCND1	CDKN2A	998
CCND1	FLT3	427
CCND1	PIK3R1	474
CCND1	PRKCA	460
CCND1	NOTCH1	902
CCND1	ANXA5	808
CCND1	AXIN2	774
CCND1	FASLG	506
CCND1	E2F1	938
CCND1	SEM1	410
CCND1	NTRK1	484
CCND1	H3-5	655
CCND1	TGFA	541
CCND1	CASP9	844
CCND1	CTNNB1	972
CCND1	PPARGC1A	423
CCND1	FGF2	651
CCND1	HSPA5	460
CCND1	FGF7	495
CCND1	LOX	632
CCND1	PPARG	633
CCND1	MDM2	926
CCND1	LEP	568
CCND1	CDK4	999
CCND1	ETS1	432
CCND1	RUNX2	819
CCND1	XIAP	661
CCND1	PARP1	724
CCND1	STAT5A	603
CCND1	VIM	517
CCND1	CAV1	558
CCND1	PECAM1	551
CCND1	BCL2	958
CCND1	ICAM1	499
CCND1	INS	656
CCND1	CD68	400
CCND1	CASP3	847
CCND1	AXL	446
CCND1	EIF2AK3	610
CCND1	ACTB	811
CCND1	POU5F1	612
CCND1	PROM1	587
CCND1	UBB	525
CCND1	HNF4A	773
CCND1	IL1A	463
CCND1	EPCAM	518
CCND1	IGF1R	676
CCND1	IGF1	648
CCND1	FGF16	468
CCND1	PPARA	454
CCND1	CCNB1	797
CCND1	ESR1	997
CCND1	MET	655
CCND1	ESR2	679
CCND1	SHC1	469
CCND1	IKBKB	528
CCND1	BTK	451
CCND1	NANOG	746
CCND1	MCL1	837
CCND1	CDKN1A	999
CCND1	STAT1	783
CCND1	MYCN	730
CCND1	ERBB3	606
CCND1	WNT10B	475
CCND1	LEF1	930
CCND1	AR	955
CCND1	WNT4	638
CCND1	FGFR1	627
CCND1	PIK3CA	704
CCND1	MMP1	477
CCND1	IL1B	605
CCND1	TNF	656
CCND1	THBS1	428
CCND1	KDR	592
CCND1	SMAD4	613
CCND1	TP53	946
CCND1	H3C12	826
CCND1	HSP90AB1	711
CCND1	EP300	974
CCND1	SPP1	450
CCND1	NFE2L2	658
CCND1	STAT3	980
CCND1	APOE	493
CCND1	FGF6	463
CCND1	CYCS	674
CCND1	RELA	791
CCND1	HSPA4	658
CCND1	PRKACB	484
CCND1	RUNX1	733
CCND1	SRC	875
CCND1	H3C13	825
CCND1	IL6	763
CCND1	CDH1	851
CCND1	FGFR3	633
CCND1	SPN	523
CCND1	FGF3	591
CCND1	CXCL9	459
CCND1	EGF	731
CCND1	SQSTM1	570
CCND1	LOC102723407	909
CCND1	NR3C1	407
CCND1	KEAP1	494
CCND1	DNMT1	625
CCND1	IGF2	546
CCND1	NGF	407
CCND1	SMAD3	596
CCND1	FOXO1	836
CCND1	CD5	822
CCND1	KITLG	585
CCND1	PDGFRB	692
CCND1	HDAC1	833
CCND1	HSP90AA1	819
CCND1	H3-4	654
CCND1	H3-3B	827
CCND1	FN1	743
CCND1	PAX6	467
CCND1	ALK	549
CCND1	PGR	834
CCND1	SMAD2	743
CCND1	IRF4	418
CCND1	HIF1A	876
CCND1	WNT5A	638
CCND1	H3-7	655
CCND1	SOCS3	441
CCND1	AXIN1	779
CCND1	NF1	542
CCND1	GATA3	848
CCND1	CEBPB	621
SNAI1	SNAI2	864
SNAI1	CDH17	701
SNAI1	FGF4	530
SNAI1	MAPK1	540
SNAI1	NFKBIA	432
SNAI1	TIMP1	463
SNAI1	MMP2	731
SNAI1	HGF	583
SNAI1	RPS6KB1	418
SNAI1	CCL2	494
SNAI1	COL1A1	493
SNAI1	NFKB1	573
SNAI1	FGF6	515
SNAI1	NANOG	714
SNAI1	LOX	725
SNAI1	EGR1	715
SNAI1	TWIST1	901
SNAI1	RHOA	612
SNAI1	MAPK3	606
SNAI1	SOX2	742
SNAI1	FOS	585
SNAI1	PTEN	755
SNAI1	FGF9	546
SNAI1	BCL2L11	407
SNAI1	ITGB1	498
SNAI1	MMP3	652
SNAI1	CD8A	430
SNAI1	IL11	432
SNAI1	ALB	571
SNAI1	FGF13	420
SNAI1	MAP2K1	410
SNAI1	IRS1	528
SNAI1	DKK1	447
SNAI1	MMP9	787
SNAI1	PLAU	472
SNAI1	NOTCH2	468
SNAI1	AKT1	850
SNAI1	BMI1	808
SNAI1	FGF5	524
SNAI1	MTOR	479
SNAI1	CD274	507
SNAI1	CXCL8	551
SNAI1	FLT1	423
SNAI1	CDK1	408
SNAI1	BRAF	478
SNAI1	GATA4	460
SNAI1	WNT3A	500
SNAI1	TGFBR1	607
SNAI1	KRAS	584
SNAI1	KIT	425
SNAI1	PDGFRA	452
SNAI1	BMP4	549
SNAI1	CD24	646
SNAI1	PTGS2	472
SNAI1	ERBB2	662
SNAI1	NCAM1	492
SNAI1	TJP1	707
SNAI1	NES	459
SNAI1	FGF7	557
SNAI1	PPARG	681
SNAI1	MDM2	851
SNAI1	CTNNB1	934
SNAI1	FGF2	605
SNAI1	CASP9	645
SNAI1	H3-5	575
SNAI1	E2F1	468
SNAI1	AXIN2	668
SNAI1	ANXA5	514
SNAI1	NOTCH1	738
SNAI1	CDKN2A	522
SNAI1	FGF16	546
SNAI1	HNF4A	764
SNAI1	EPCAM	624
SNAI1	IGF1R	483
SNAI1	IGF1	447
SNAI1	POU5F1	711
SNAI1	PROM1	670
SNAI1	EIF2AK3	434
SNAI1	ACTB	726
SNAI1	CASP3	734
SNAI1	AXL	516
SNAI1	INS	492
SNAI1	PECAM1	507
SNAI1	BCL2	635
SNAI1	VIM	850
SNAI1	CAV1	434
SNAI1	RUNX2	483
SNAI1	PARP1	842
SNAI1	XIAP	406
SNAI1	CDK4	521
SNAI1	ETS1	522
SNAI1	IL1B	489
SNAI1	TNF	593
SNAI1	THBS1	620
SNAI1	NFATC1	466
SNAI1	MMP1	640
SNAI1	FGFR1	846
SNAI1	PIK3CA	405
SNAI1	LEF1	733
SNAI1	AR	508
SNAI1	ERBB3	427
SNAI1	MYCN	450
SNAI1	MCL1	462
SNAI1	CDKN1A	492
SNAI1	CCNB1	448
SNAI1	ESR1	604
SNAI1	MET	731
SNAI1	DNMT1	995
SNAI1	EGF	702
SNAI1	FGF3	515
SNAI1	IL6	718
SNAI1	CDH1	965
SNAI1	H3C13	575
SNAI1	EDN1	532
SNAI1	SRC	612
SNAI1	RELA	675
SNAI1	CYCS	578
SNAI1	SPP1	436
SNAI1	STAT3	806
SNAI1	TP53	992
SNAI1	H3C12	721
SNAI1	EP300	847
SNAI1	KDR	512
SNAI1	SMAD4	960
SNAI1	SOCS3	519
SNAI1	AXIN1	531
SNAI1	HIF1A	823
SNAI1	WNT5A	531
SNAI1	H3-7	575
SNAI1	PGR	496
SNAI1	SMAD2	782
SNAI1	FN1	815
SNAI1	HDAC1	999
SNAI1	H3-4	579
SNAI1	H3-3B	575
SNAI1	PDGFRB	471
SNAI1	SMAD3	994
AGT	CD4	528
AGT	FGF4	632
AGT	MAPK1	566
AGT	NFKBIA	492
AGT	TIMP1	578
AGT	MMP2	642
AGT	HGF	454
AGT	MPO	455
AGT	CSF3	416
AGT	RPS6KB1	488
AGT	CCL2	729
AGT	COL1A1	461
AGT	VTN	428
AGT	NFKB1	588
AGT	FGF6	649
AGT	IFNG	607
AGT	LOX	532
AGT	IL4	653
AGT	NR3C1	414
AGT	EGR1	425
AGT	CD68	511
AGT	APOE	853
AGT	EPO	552
AGT	GFAP	612
AGT	THBS1	425
AGT	VWF	597
AGT	SCARB1	515
AGT	PDGFRB	404
AGT	SMAD2	632
AGT	MAPK3	706
AGT	IL1A	588
AGT	IL1B	731
AGT	KDR	462
AGT	FGF2	580
AGT	STAT3	805
AGT	ICAM1	659
AGT	PPARGC1A	558
AGT	SCARB2	469
AGT	EGF	573
AGT	FGF7	655
AGT	TP53	605
AGT	IL18	524
AGT	FLT1	423
AGT	CXCL13	548
AGT	PPARG	677
AGT	ACE	999
AGT	CALM3	632
AGT	CXCR5	519
AGT	CCR5	660
AGT	VCAM1	685
AGT	CXCR1	698
AGT	ALB	868
AGT	CXCL5	589
AGT	IL3	491
AGT	RAG1	404
AGT	MMP3	422
AGT	ANPEP	910
AGT	MAP2K1	424
AGT	CALML6	624
AGT	IRS1	520
AGT	IL13	409
AGT	CXCL10	710
AGT	FOS	613
AGT	CXCL8	860
AGT	CXCL11	591
AGT	CYCS	514
AGT	CCL19	557
AGT	PLG	663
AGT	CASP3	606
AGT	FGF5	650
AGT	LEP	719
AGT	ANGPT2	472
AGT	CALML3	624
AGT	MMP1	429
AGT	SOX2	432
AGT	HSPA5	486
AGT	NOS2	472
AGT	SMAD3	613
AGT	FGF3	645
AGT	NLRP3	473
AGT	CAV1	670
AGT	SMAD4	412
AGT	ESR2	428
AGT	FN1	790
AGT	CX3CR1	636
AGT	CCL20	599
AGT	STAT1	429
AGT	MTOR	531
AGT	CXCL9	600
AGT	INS	863
AGT	PECAM1	504
AGT	CXCR3	584
AGT	BCL2	561
AGT	FGF16	646
AGT	IGF1	631
AGT	ACTB	582
AGT	BTK	587
AGT	PPARA	767
AGT	CXCR6	563
AGT	ESR1	490
AGT	TNF	856
AGT	PRKACB	590
AGT	EDN1	953
AGT	SRC	799
AGT	IL17A	522
AGT	BDNF	606
AGT	NFE2L2	504
AGT	SPP1	612
AGT	ADIPOQ	671
AGT	IL6	788
AGT	KEAP1	415
AGT	CXCL2	596
AGT	ERVFRD-1	492
AGT	FOXO1	435
AGT	CCL4	628
AGT	TEK	453
AGT	ERV3-1	493
AGT	HIF1A	634
AGT	ERVW-1	515
AGT	CD8A	479
AGT	RHOA	625
AGT	DNTT	424
AGT	FGF9	630
AGT	PTEN	409
AGT	AKT1	821
AGT	MMP9	704
AGT	GATA4	485
AGT	PTPRC	403
AGT	MAPK8	449
AGT	TLR4	866
AGT	PTGS2	609
AGT	ANGPT1	482
AGT	CYBB	771
AGT	TGFBR1	436
AGT	GPT	493
AGT	CALML5	624
AGT	PRKCA	457
AGT	ACE2	999
AGT	CTNNB1	492
MYCN	SNAI2	400
MYCN	NFKBIA	488
MYCN	CDKN1B	447
MYCN	NANOG	578
MYCN	TWIST1	400
MYCN	PLCG1	409
MYCN	GFAP	433
MYCN	H3-3B	601
MYCN	KRAS	582
MYCN	CCNB1	408
MYCN	NOTCH2	418
MYCN	PDGFRA	511
MYCN	CDK4	621
MYCN	MDM2	744
MYCN	POU5F1	569
MYCN	CCND2	569
MYCN	CDH1	449
MYCN	PDGFRB	598
MYCN	MAPK3	410
MYCN	EP300	575
MYCN	PIK3CA	481
MYCN	STAT3	505
MYCN	EGF	435
MYCN	TP53	852
MYCN	ERBB2	523
MYCN	IL6	482
MYCN	IL12RB1	436
MYCN	IGF2	424
MYCN	DNMT1	526
MYCN	HSP90AB1	427
MYCN	H3C12	508
MYCN	SRC	429
MYCN	RUNX1	418
MYCN	H3C13	480
MYCN	H3-7	480
MYCN	HIF1A	528
MYCN	NF1	511
MYCN	GATA3	638
MYCN	FOXO1	443
MYCN	H3-4	480
MYCN	HDAC1	914
MYCN	HSP90AA1	435
MYCN	ALK	932
MYCN	CD9	417
MYCN	CASP3	495
MYCN	ACTB	585
MYCN	PROM1	474
MYCN	IGF1R	430
MYCN	HNF4A	624
MYCN	PARP1	583
MYCN	STAT5A	529
MYCN	BCL2	724
MYCN	AR	759
MYCN	FGFR1	440
MYCN	MET	404
MYCN	ESR1	433
MYCN	CDKN1A	709
MYCN	MCL1	414
MYCN	KIT	464
MYCN	NES	466
MYCN	FGFR2	597
MYCN	KLF4	531
MYCN	WT1	448
MYCN	TERT	588
MYCN	CTNNB1	717
MYCN	CDKN2A	782
MYCN	NOTCH1	517
MYCN	E2F1	895
MYCN	H3-5	480
MYCN	NTRK1	607
MYCN	PTEN	599
MYCN	FOS	482
MYCN	SOX2	759
MYCN	NRAS	690
MYCN	SDC1	429
MYCN	ALB	407
MYCN	STAT5B	533
MYCN	BRAF	530
MYCN	CDK1	559
MYCN	BMI1	635
MYCN	AKT1	798
ANXA5	CD4	807
ANXA5	SNAI2	488
ANXA5	TNFRSF1A	544
ANXA5	MAPK1	432
ANXA5	GZMB	533
ANXA5	NFKBIA	631
ANXA5	TIMP1	516
ANXA5	MMP2	589
ANXA5	RELB	403
ANXA5	HGF	421
ANXA5	MPO	426
ANXA5	CSF3	457
ANXA5	RPS6KB1	597
ANXA5	CCL2	539
ANXA5	CD38	587
ANXA5	NFKB1	609
ANXA5	CD69	634
ANXA5	CDKN1B	504
ANXA5	IFNG	716
ANXA5	NANOG	511
ANXA5	IL4	599
ANXA5	TNFSF10	516
ANXA5	FLT3	601
ANXA5	CD68	499
ANXA5	APOE	437
ANXA5	EPO	420
ANXA5	GFAP	624
ANXA5	H3-3B	620
ANXA5	KRAS	614
ANXA5	CCNB1	675
ANXA5	NT5E	541
ANXA5	CDK4	693
ANXA5	MDM2	615
ANXA5	POU5F1	515
ANXA5	TLR2	450
ANXA5	ITGAV	628
ANXA5	CCND2	440
ANXA5	VWF	441
ANXA5	SCARB1	421
ANXA5	CDH1	668
ANXA5	SMAD2	435
ANXA5	CD33	422
ANXA5	ITGA2B	608
ANXA5	MAPK3	697
ANXA5	IL1A	461
ANXA5	IL1B	716
ANXA5	CD81	705
ANXA5	EPCAM	681
ANXA5	IL7	492
ANXA5	KDR	640
ANXA5	PIK3CA	530
ANXA5	CD80	609
ANXA5	FGF2	607
ANXA5	STAT3	730
ANXA5	ICAM1	591
ANXA5	SCARB2	456
ANXA5	EGF	659
ANXA5	CD27	453
ANXA5	FGF7	404
ANXA5	TP53	818
ANXA5	ERBB2	758
ANXA5	FCGR2A	512
ANXA5	IFNA1	472
ANXA5	IL18	428
ANXA5	CSF1R	452
ANXA5	PPARG	507
ANXA5	KIT	654
ANXA5	STAT5B	523
ANXA5	VCAM1	447
ANXA5	REL	420
ANXA5	ALB	786
ANXA5	HAVCR2	409
ANXA5	CYBB	426
ANXA5	AOC3	580
ANXA5	JAK1	460
ANXA5	PTPRC	781
ANXA5	MAPK8	519
ANXA5	TERT	424
ANXA5	TLR4	582
ANXA5	NCAM1	479
ANXA5	NES	428
ANXA5	CD24	518
ANXA5	RAG1	402
ANXA5	PTGS2	532
ANXA5	IL3	584
ANXA5	CTNNB1	694
ANXA5	CD47	450
ANXA5	CASP9	885
ANXA5	HSPA5	679
ANXA5	FASLG	715
ANXA5	E2F1	533
ANXA5	PLG	400
ANXA5	H3-5	615
ANXA5	GPT	482
ANXA5	CDKN2A	538
ANXA5	CD28	600
ANXA5	NOTCH1	517
ANXA5	RHOA	470
ANXA5	DNTT	786
ANXA5	FOS	426
ANXA5	PTEN	661
ANXA5	SOX2	635
ANXA5	HSPA8	440
ANXA5	CD8A	720
ANXA5	BCL2L11	712
ANXA5	ITGB1	592
ANXA5	NRAS	430
ANXA5	SDC1	556
ANXA5	ENG	520
ANXA5	FAS	677
ANXA5	MAP2K1	539
ANXA5	IFNB1	416
ANXA5	TFRC	528
ANXA5	AKT1	821
ANXA5	BMI1	580
ANXA5	MMP9	662
ANXA5	CSF1	498
ANXA5	CDK1	635
ANXA5	CD19	780
ANXA5	BRAF	578
ANXA5	MTOR	609
ANXA5	CD274	519
ANXA5	CXCL8	522
ANXA5	DNMT1	441
ANXA5	ADIPOQ	506
ANXA5	IL6	750
ANXA5	SPN	452
ANXA5	KEAP1	469
ANXA5	SQSTM1	540
ANXA5	RELA	479
ANXA5	HSPA4	741
ANXA5	H3C13	615
ANXA5	ITGB2	434
ANXA5	SRC	736
ANXA5	RUNX1	442
ANXA5	H3C12	615
ANXA5	IL17A	549
ANXA5	HSP90AB1	598
ANXA5	CXCL10	407
ANXA5	CYCS	841
ANXA5	ANPEP	595
ANXA5	NFE2L2	499
ANXA5	SPP1	411
ANXA5	PGR	495
ANXA5	HIF1A	639
ANXA5	H3-7	615
ANXA5	FN1	597
ANXA5	ALK	403
ANXA5	HDAC1	448
ANXA5	HSP90AA1	599
ANXA5	H3-4	615
ANXA5	IL15	485
ANXA5	CD5	674
ANXA5	KITLG	500
ANXA5	SMAD3	417
ANXA5	FOXO1	465
ANXA5	CD48	413
ANXA5	PROM1	726
ANXA5	IGF1R	509
ANXA5	IGF1	513
ANXA5	AXL	453
ANXA5	CASP3	921
ANXA5	CD9	755
ANXA5	EIF2AK3	652
ANXA5	ACTB	950
ANXA5	VIM	679
ANXA5	CAV1	446
ANXA5	INS	645
ANXA5	PECAM1	671
ANXA5	BCL2	899
ANXA5	XIAP	692
ANXA5	SELL	632
ANXA5	PARP1	874
ANXA5	RUNX2	523
ANXA5	STAT5A	530
ANXA5	IL13	409
ANXA5	TNF	758
ANXA5	AR	464
ANXA5	CALR	722
ANXA5	CDKN1A	661
ANXA5	MCL1	751
ANXA5	CD86	643
ANXA5	BTK	430
ANXA5	CD3E	474
ANXA5	STAT1	509
ANXA5	IKBKB	454
ANXA5	MET	464
ANXA5	ESR1	618
ANXA5	CTLA4	451
NF1	MAPK1	485
NF1	RPS6KB1	481
NF1	CCL2	475
NF1	CDKN1B	423
NF1	NR3C1	427
NF1	FLT3	578
NF1	GFAP	470
NF1	H3-3B	795
NF1	KRAS	996
NF1	NOTCH2	422
NF1	PDGFRA	804
NF1	CDK4	693
NF1	MDM2	623
NF1	PDGFRB	546
NF1	MAPK3	547
NF1	EP300	501
NF1	KDR	424
NF1	PIK3CA	793
NF1	CBL	511
NF1	STAT3	483
NF1	LEF1	620
NF1	EGF	469
NF1	ERBB3	559
NF1	TP53	880
NF1	ERBB2	771
NF1	KIT	715
NF1	ALB	481
NF1	RUNX1	583
NF1	AXL	420
NF1	MAP2K1	686
NF1	HSPA4	486
NF1	FOS	629
NF1	TERT	665
NF1	MET	482
NF1	SOX2	434
NF1	H3C13	760
NF1	CAV1	421
NF1	FGFR3	530
NF1	H3-5	760
NF1	SMAD4	873
NF1	AKT1	803
NF1	PTPN11	852
NF1	BRAF	903
NF1	MTOR	616
NF1	CD274	552
NF1	NRAS	994
NF1	SDC1	587
NF1	RHOA	522
NF1	PTEN	874
NF1	SEM1	400
NF1	NTRK1	553
NF1	CDKN2A	772
NF1	PIK3R1	608
NF1	NOTCH1	588
NF1	CTNNB1	555
NF1	WT1	540
NF1	JAK1	427
NF1	FGFR2	494
NF1	NES	450
NF1	ESR1	687
NF1	CTLA4	411
NF1	SOS1	834
NF1	FGFR1	618
NF1	ETS1	501
NF1	XIAP	413
NF1	PARP1	422
NF1	UBB	528
NF1	IGF1R	503
NF1	HDAC1	634
NF1	H3-4	759
NF1	ALK	685
NF1	PAX6	503
NF1	CCL4	410
NF1	KITLG	551
NF1	GATA3	470
NF1	HIF1A	405
NF1	H3-7	759
NF1	PRKACB	678
NF1	SRC	476
NF1	H3C12	779
NF1	IGF2	548
NF1	KEAP1	406
ARG1	CD4	761
ARG1	LAG3	544
ARG1	GZMB	522
ARG1	MMP2	455
ARG1	CCL22	612
ARG1	CCL17	588
ARG1	HGF	441
ARG1	MPO	557
ARG1	CSF3	594
ARG1	CCL2	726
ARG1	NFKB1	498
ARG1	CD69	423
ARG1	IFNG	801
ARG1	IL4	880
ARG1	IL5	529
ARG1	KLRK1	457
ARG1	CD68	742
ARG1	APOE	477
ARG1	GFAP	423
ARG1	NT5E	473
ARG1	TLR2	584
ARG1	SCARB1	517
ARG1	CD33	671
ARG1	IL1A	608
ARG1	IL1B	800
ARG1	CD80	693
ARG1	STAT3	684
ARG1	ICAM1	506
ARG1	SCARB2	528
ARG1	EGF	401
ARG1	TP53	416
ARG1	FCGR2A	520
ARG1	IFNA1	443
ARG1	IL18	513
ARG1	CSF1R	609
ARG1	PPARG	598
ARG1	CCR5	548
ARG1	VCAM1	511
ARG1	CXCR1	449
ARG1	ALB	591
ARG1	CXCL5	457
ARG1	IL15	405
ARG1	TLR3	428
ARG1	IL13	807
ARG1	CEBPB	543
ARG1	CXCL10	610
ARG1	CXCL8	561
ARG1	CASP3	492
ARG1	HAVCR2	720
ARG1	CD19	448
ARG1	CD209	416
ARG1	CD28	516
ARG1	NOS2	980
ARG1	CSF1	674
ARG1	SOCS3	489
ARG1	CD86	747
ARG1	PDCD1	519
ARG1	NLRP3	421
ARG1	FN1	477
ARG1	CCL4	460
ARG1	HIF1A	640
ARG1	IRF4	449
ARG1	GATA3	439
ARG1	BDNF	405
ARG1	IL17A	616
ARG1	ITGB2	575
ARG1	CXCL2	451
ARG1	CXCL9	517
ARG1	IL6	804
ARG1	CTLA4	612
ARG1	ESR1	602
ARG1	PPARA	567
ARG1	STAT1	599
ARG1	CX3CR1	612
ARG1	TNF	777
ARG1	IDO1	775
ARG1	SELL	503
ARG1	PECAM1	521
ARG1	INS	514
ARG1	ACTB	595
ARG1	IGF1	543
ARG1	AIF1	654
ARG1	GPT	479
ARG1	FASLG	481
ARG1	CD47	445
ARG1	CTNNB1	420
ARG1	PTGS2	612
ARG1	NCAM1	453
ARG1	FCGR1A	521
ARG1	TLR4	653
ARG1	PTPRC	631
ARG1	ENTPD1	494
ARG1	CYBB	534
ARG1	CD1D	422
ARG1	SOCS1	429
ARG1	CD274	721
ARG1	MTOR	435
ARG1	MMP9	627
ARG1	AKT1	542
ARG1	IFNB1	461
ARG1	SIRPA	488
ARG1	PDCD1LG2	584
ARG1	CD8A	720
ARG1	PTEN	432
PTGS2	CD4	615
PTGS2	TNFRSF1A	486
PTGS2	FGF4	441
PTGS2	MAPK1	780
PTGS2	NFKBIA	856
PTGS2	TIMP1	566
PTGS2	MMP2	764
PTGS2	RELB	514
PTGS2	HGF	561
PTGS2	MPO	641
PTGS2	CSF3	559
PTGS2	CCL2	867
PTGS2	COL1A1	626
PTGS2	NFKB1	842
PTGS2	CD69	642
PTGS2	FGF6	443
PTGS2	IFNG	816
PTGS2	LOX	766
PTGS2	IL4	764
PTGS2	IL5	466
PTGS2	NR3C1	675
PTGS2	EGR1	643
PTGS2	TNFSF10	627
PTGS2	CD68	582
PTGS2	APOE	521
PTGS2	GFAP	453
PTGS2	KRAS	718
PTGS2	CCNB1	412
PTGS2	PDGFRA	562
PTGS2	NT5E	432
PTGS2	CDK4	418
PTGS2	MDM2	439
PTGS2	TLR2	756
PTGS2	THBS1	498
PTGS2	SCARB1	486
PTGS2	CDH1	594
PTGS2	PDGFRB	582
PTGS2	SMAD2	488
PTGS2	MAPK3	855
PTGS2	EP300	692
PTGS2	IL1A	823
PTGS2	IL1B	974
PTGS2	KDR	511
PTGS2	CD80	432
PTGS2	FGF2	790
PTGS2	IL11	484
PTGS2	WNT5A	418
PTGS2	STAT3	930
PTGS2	ICAM1	835
PTGS2	PPARGC1A	521
PTGS2	SCARB2	479
PTGS2	EGF	621
PTGS2	FGF7	576
PTGS2	TP53	974
PTGS2	ERBB2	828
PTGS2	IFNA1	457
PTGS2	IL18	714
PTGS2	FLT1	469
PTGS2	CSF1R	457
PTGS2	PPARG	735
PTGS2	KIT	431
PTGS2	ACE	576
PTGS2	CALM3	411
PTGS2	STAT5B	407
PTGS2	VCAM1	758
PTGS2	REL	529
PTGS2	ALB	772
PTGS2	CXCL5	560
PTGS2	IL15	435
PTGS2	TLR3	458
PTGS2	MMP3	673
PTGS2	NOD2	409
PTGS2	CCL11	612
PTGS2	MAP2K1	451
PTGS2	HSPA4	591
PTGS2	IL13	577
PTGS2	CEBPB	706
PTGS2	CXCL10	605
PTGS2	FOS	819
PTGS2	CXCL8	975
PTGS2	CXCL11	411
PTGS2	EIF2AK3	490
PTGS2	CYCS	734
PTGS2	PLG	430
PTGS2	CASP3	865
PTGS2	FGF5	442
PTGS2	LEP	520
PTGS2	ANGPT2	462
PTGS2	MET	422
PTGS2	MMP1	757
PTGS2	HSPA5	411
PTGS2	PGR	587
PTGS2	NOS2	908
PTGS2	CSF1	502
PTGS2	CASP9	726
PTGS2	SOCS3	583
PTGS2	PDGFB	575
PTGS2	CD86	485
PTGS2	SMAD3	494
PTGS2	FGF3	442
PTGS2	HSP90AA1	470
PTGS2	NLRP3	707
PTGS2	CAV1	826
PTGS2	ESR2	530
PTGS2	PDGFA	521
PTGS2	FN1	544
PTGS2	TJP1	432
PTGS2	CCL20	601
PTGS2	STAT1	604
PTGS2	MTOR	575
PTGS2	CXCL9	652
PTGS2	PARP1	502
PTGS2	IKBKB	615
PTGS2	CTLA4	427
PTGS2	ESR1	674
PTGS2	SYK	406
PTGS2	PPARA	729
PTGS2	CDKN1A	678
PTGS2	MCL1	542
PTGS2	AR	423
PTGS2	TNF	916
PTGS2	XIAP	451
PTGS2	RUNX2	494
PTGS2	IDO1	621
PTGS2	INS	639
PTGS2	BCL2	745
PTGS2	PECAM1	515
PTGS2	ACTB	728
PTGS2	FGF16	456
PTGS2	IGF1	604
PTGS2	IGF1R	433
PTGS2	AIF1	590
PTGS2	CCL4	673
PTGS2	HDAC1	504
PTGS2	HIF1A	831
PTGS2	NFE2L2	698
PTGS2	SPP1	523
PTGS2	BDNF	654
PTGS2	HSP90AB1	442
PTGS2	IL17A	642
PTGS2	IL6R	478
PTGS2	EDN1	663
PTGS2	SRC	778
PTGS2	PIK3CB	447
PTGS2	PRKACB	584
PTGS2	RELA	737
PTGS2	KEAP1	539
PTGS2	CXCL2	819
PTGS2	SQSTM1	509
PTGS2	ADIPOQ	519
PTGS2	IL6	960
PTGS2	NGF	526
PTGS2	CD274	558
PTGS2	BRAF	428
PTGS2	PLAU	552
PTGS2	MMP9	815
PTGS2	AKT1	775
PTGS2	IFNB1	522
PTGS2	ENG	551
PTGS2	VEGFC	506
PTGS2	FGF13	606
PTGS2	CD8A	581
PTGS2	DNTT	419
PTGS2	FGF9	457
PTGS2	PTEN	682
PTGS2	RHOA	467
PTGS2	BCL6	536
PTGS2	NOTCH1	413
PTGS2	PRKCA	626
PTGS2	GPT	541
PTGS2	CDKN2A	482
PTGS2	TGFA	514
PTGS2	FASLG	447
PTGS2	CTNNB1	768
PTGS2	HLA-A	465
PTGS2	ACE2	612
PTGS2	ANGPT1	417
PTGS2	KLF4	450
PTGS2	PTPRC	473
PTGS2	JAK1	407
PTGS2	TLR4	787
PTGS2	MAPK8	602
PTGS2	CYBB	698
PTGS2	SOCS1	404
PTGS2	TNFAIP3	666
CD24	CD4	702
CD24	SNAI2	620
CD24	NGFR	432
CD24	IL2RB	404
CD24	CD38	783
CD24	CD69	611
CD24	IFNG	608
CD24	NANOG	727
CD24	IL4	479
CD24	FLT3	463
CD24	TWIST1	570
CD24	KRAS	459
CD24	NOTCH2	450
CD24	PDGFRA	430
CD24	NT5E	526
CD24	POU5F1	734
CD24	TLR2	509
CD24	CDH1	752
CD24	PDGFRB	443
CD24	CD33	452
CD24	ITGAE	715
CD24	IL1B	433
CD24	CD81	488
CD24	EPCAM	910
CD24	IL7	434
CD24	CD80	616
CD24	FGF2	570
CD24	STAT3	602
CD24	ICAM1	433
CD24	EGF	631
CD24	NRP1	509
CD24	CD27	735
CD24	TP53	577
CD24	ERBB2	695
CD24	FCGR2A	452
CD24	CSF1R	414
CD24	KIT	669
CD24	CXCR5	520
CD24	VCAM1	434
CD24	ALB	514
CD24	ITGA2	619
CD24	ANPEP	571
CD24	AXIN2	403
CD24	HSPA4	732
CD24	CXCL8	408
CD24	CASP3	437
CD24	HAVCR2	525
CD24	AOC3	572
CD24	CD19	796
CD24	MET	659
CD24	ICOS	467
CD24	SOX2	734
CD24	CD28	433
CD24	PGR	585
CD24	CD86	597
CD24	PDCD1	608
CD24	HSP90AA1	728
CD24	CD5	783
CD24	FN1	520
CD24	CD3E	426
CD24	CD47	540
CD24	CR2	729
CD24	NES	543
CD24	FCGR1A	576
CD24	CD2	420
CD24	HSP90AB1	745
CD24	PTEN	504
CD24	MMP9	456
CD24	ENG	702
CD24	SRC	751
CD24	CXCR3	418
CD24	TLR4	568
CD24	KLF4	570
CD24	TNFSF13B	418
CD24	BMI1	640
CD24	GATA3	512
CD24	IRF4	422
CD24	SDC1	593
CD24	CD274	507
CD24	CD9	609
CD24	TFRC	466
CD24	SPP1	409
CD24	ITGB1	709
CD24	INS	528
CD24	BCL2	506
CD24	IL6	552
CD24	CD8A	708
CD24	ERV3-1	405
CD24	TNF	506
CD24	ESR1	614
CD24	PTPRC	780
CD24	ERVFRD-1	405
CD24	PROM1	890
CD24	LYN	612
CD24	HIF1A	483
CD24	VIM	512
CD24	AKT1	579
CD24	PECAM1	847
CD24	SIRPA	880
CD24	VEGFC	545
CD24	NCAM1	571
CD24	SELL	599
CD24	ACTB	544
CD24	IL17A	493
CD24	SPN	654
CD24	FAS	418
CD24	NOTCH1	580
CD24	CTNNB1	651
CD24	CD1D	626
ITGAL	CD74	555
ITGAL	CD4	859
ITGAL	LAG3	419
ITGAL	IL2RB	615
ITGAL	GZMB	673
ITGAL	MPO	443
ITGAL	CCL2	663
ITGAL	VTN	475
ITGAL	CD38	714
ITGAL	SPI1	407
ITGAL	IL10RA	550
ITGAL	CD69	707
ITGAL	IFNG	657
ITGAL	IL4	515
ITGAL	KLRK1	562
ITGAL	CD68	465
ITGAL	TLR2	434
ITGAL	ITGAV	918
ITGAL	SMAD2	406
ITGAL	CD33	515
ITGAL	ITGA2B	632
ITGAL	TYROBP	437
ITGAL	ITGAE	624
ITGAL	IL1A	450
ITGAL	IL1B	587
ITGAL	CD81	412
ITGAL	CD80	769
ITGAL	ICAM1	999
ITGAL	ZAP70	703
ITGAL	CD27	643
ITGAL	ERBB2	456
ITGAL	FCGR2A	535
ITGAL	CSF1R	459
ITGAL	FCER1G	451
ITGAL	NCR1	509
ITGAL	CXCR5	426
ITGAL	CCR5	566
ITGAL	VCAM1	992
ITGAL	CXCR1	603
ITGAL	IL15	465
ITGAL	ITGA2	917
ITGAL	ANPEP	431
ITGAL	HSPA4	455
ITGAL	CXCL10	413
ITGAL	CXCL8	473
ITGAL	AOC3	837
ITGAL	CD19	681
ITGAL	ICOS	459
ITGAL	CD28	626
ITGAL	CSF1	521
ITGAL	CD86	775
ITGAL	PDCD1	585
ITGAL	KLRD1	492
ITGAL	CD5	768
ITGAL	FN1	798
ITGAL	CD47	642
ITGAL	HLA-A	496
ITGAL	CCL20	526
ITGAL	FASLG	646
ITGAL	CYBB	468
ITGAL	CD1D	479
ITGAL	NCAM1	589
ITGAL	VAV1	948
ITGAL	PTPRC	931
ITGAL	TLR4	423
ITGAL	FCGR1A	553
ITGAL	LYN	543
ITGAL	SIRPA	612
ITGAL	FAS	508
ITGAL	CD2	925
ITGAL	TFRC	629
ITGAL	CR2	485
ITGAL	ITGB1	985
ITGAL	CD8A	849
ITGAL	CSF3R	452
ITGAL	CD48	599
ITGAL	IL12RB1	419
ITGAL	IL6	530
ITGAL	SPN	863
ITGAL	IL17A	473
ITGAL	ITGB2	999
ITGAL	SRC	749
ITGAL	CX3CR1	548
ITGAL	TNF	710
ITGAL	CTLA4	467
ITGAL	SYK	419
ITGAL	CXCR6	446
ITGAL	CD3E	590
ITGAL	CD9	540
ITGAL	SELL	885
ITGAL	CXCR3	644
ITGAL	PECAM1	616
ITGAL	TNFSF13B	514
FCER1G	CD74	512
FCER1G	CD4	642
FCER1G	TNFRSF1A	435
FCER1G	GZMB	466
FCER1G	PIK3R2	905
FCER1G	CCL2	609
FCER1G	COL1A1	406
FCER1G	SPI1	650
FCER1G	IL10RA	505
FCER1G	CD69	412
FCER1G	IFNG	551
FCER1G	IL4	400
FCER1G	IL5	531
FCER1G	KLRK1	767
FCER1G	CD68	649
FCER1G	TLR2	715
FCER1G	VWF	441
FCER1G	SCARB1	554
FCER1G	CD33	414
FCER1G	TYROBP	999
FCER1G	IL1B	514
FCER1G	PIK3CA	908
FCER1G	CD80	421
FCER1G	SCARB2	567
FCER1G	ZAP70	976
FCER1G	FCGR2A	907
FCER1G	IL9	446
FCER1G	CSF1R	885
FCER1G	PIK3R1	906
FCER1G	TLR8	524
FCER1G	CD28	446
FCER1G	IL3	521
FCER1G	NCAM1	421
FCER1G	LYN	988
FCER1G	TLR4	542
FCER1G	FCGR1A	985
FCER1G	VAV1	855
FCER1G	PTPRC	724
FCER1G	CYBB	741
FCER1G	PTPN6	788
FCER1G	HAVCR2	464
FCER1G	CD19	472
FCER1G	CCR5	419
FCER1G	PTPN11	737
FCER1G	CD2	513
FCER1G	MMP9	411
FCER1G	IFNGR1	444
FCER1G	SIRPA	475
FCER1G	CD8A	589
FCER1G	ITGB1	418
FCER1G	PTEN	462
FCER1G	NCR1	999
FCER1G	ITGA2	855
FCER1G	CCL4	449
FCER1G	CD48	672
FCER1G	IL15	476
FCER1G	CSF3R	471
FCER1G	CXCL10	557
FCER1G	TLR7	488
FCER1G	PIK3CB	921
FCER1G	SRC	717
FCER1G	ITGB2	841
FCER1G	IL6	467
FCER1G	LOC102723407	919
FCER1G	KLRD1	748
FCER1G	SYK	999
FCER1G	CD209	457
FCER1G	BTK	797
FCER1G	CD3E	531
FCER1G	CD86	604
FCER1G	NFATC1	509
FCER1G	TNF	549
FCER1G	SELL	691
FCER1G	TNFSF13B	501
FCER1G	PECAM1	480
FCER1G	AIF1	782
CDH17	SNAI2	661
CDH17	MET	644
CDH17	ESR1	400
CDH17	SHC1	661
CDH17	FGFR1	400
CDH17	TNF	470
CDH17	IL1B	416
CDH17	ERBB3	564
CDH17	LEF1	633
CDH17	VIM	400
CDH17	CAV1	434
CDH17	PECAM1	995
CDH17	ICAM1	600
CDH17	INS	523
CDH17	FGF4	443
CDH17	PROM1	427
CDH17	POU5F1	479
CDH17	HNF4A	747
CDH17	EPCAM	489
CDH17	FGF16	440
CDH17	CASP3	448
CDH17	ACTB	589
CDH17	PAX6	571
CDH17	FN1	804
CDH17	ERVFRD-1	578
CDH17	TEK	449
CDH17	SMAD2	422
CDH17	ERV3-1	576
CDH17	HIF1A	453
CDH17	WNT5A	454
CDH17	AXIN1	591
CDH17	SRC	787
CDH17	KDR	991
CDH17	SMAD4	485
CDH17	TP53	570
CDH17	FGF6	440
CDH17	STAT3	444
CDH17	CDH1	702
CDH17	IL6	570
CDH17	FGF3	443
CDH17	EGF	763
CDH17	AKT1	656
CDH17	GFAP	426
CDH17	PTPN11	636
CDH17	MMP9	735
CDH17	FGF5	442
CDH17	IRS1	524
CDH17	HGF	659
CDH17	VTN	454
CDH17	CD8A	457
CDH17	ERVW-1	575
CDH17	EGR1	504
CDH17	ITGB1	628
CDH17	VWF	471
CDH17	VCAM1	445
CDH17	ALB	575
CDH17	TWIST1	569
CDH17	RHOA	672
CDH17	PTEN	644
CDH17	FGF9	447
CDH17	SOX2	418
CDH17	MAPK3	481
CDH17	AXIN2	416
CDH17	FASLG	501
CDH17	CDKN2A	402
CDH17	FGF7	454
CDH17	MDM2	513
CDH17	CTNNB1	999
CDH17	FGF2	487
CDH17	MMP2	533
CDH17	FGFR2	411
CDH17	TJP1	950
CDH17	ERBB2	740
CDH17	KRAS	484
CDH17	WNT3A	453
PTPRC	CD74	636
PTPRC	CD4	981
PTPRC	TNFRSF1A	505
PTPRC	FGF4	498
PTPRC	NGFR	612
PTPRC	LAG3	627
PTPRC	MAPK1	546
PTPRC	IL2RB	706
PTPRC	GZMB	775
PTPRC	NFKBIA	509
PTPRC	TIMP1	426
PTPRC	CCL22	477
PTPRC	CCL17	428
PTPRC	RELB	468
PTPRC	CD79A	859
PTPRC	HGF	706
PTPRC	MPO	685
PTPRC	CSF3	695
PTPRC	CCL2	735
PTPRC	COL1A1	584
PTPRC	CD38	864
PTPRC	NFKB1	577
PTPRC	SPI1	795
PTPRC	IL10RA	672
PTPRC	CD69	882
PTPRC	FGF6	492
PTPRC	IFNG	924
PTPRC	NANOG	614
PTPRC	LOX	511
PTPRC	IL4	790
PTPRC	IL5	666
PTPRC	KLRK1	773
PTPRC	TNFSF10	425
PTPRC	FLT3	742
PTPRC	PLCG1	404
PTPRC	BMP4	486
PTPRC	CD68	888
PTPRC	APOE	580
PTPRC	EPO	517
PTPRC	GFAP	619
PTPRC	H3-3B	447
PTPRC	KRAS	524
PTPRC	NOTCH2	465
PTPRC	PDGFRA	678
PTPRC	NT5E	891
PTPRC	POU5F1	623
PTPRC	TLR2	712
PTPRC	THBS1	423
PTPRC	ITGAV	569
PTPRC	VWF	664
PTPRC	SCARB1	746
PTPRC	CDH1	601
PTPRC	PDGFRB	696
PTPRC	SMAD2	473
PTPRC	CD33	819
PTPRC	ITGA2B	734
PTPRC	TYROBP	828
PTPRC	MAPK3	692
PTPRC	ITGAE	812
PTPRC	IL1A	764
PTPRC	IL1B	807
PTPRC	CD81	607
PTPRC	EPCAM	840
PTPRC	IL7	832
PTPRC	KDR	809
PTPRC	PIK3CA	457
PTPRC	CBL	405
PTPRC	CD80	844
PTPRC	FGF2	682
PTPRC	IL11	446
PTPRC	STAT3	662
PTPRC	ICAM1	828
PTPRC	SCARB2	746
PTPRC	ZAP70	811
PTPRC	LEF1	428
PTPRC	EGF	743
PTPRC	NRP1	469
PTPRC	CD27	804
PTPRC	FGF7	548
PTPRC	TP53	624
PTPRC	ERBB2	656
PTPRC	IFNAR1	597
PTPRC	FCGR2A	886
PTPRC	IL9	507
PTPRC	IFNA1	621
PTPRC	IL18	600
PTPRC	FLT1	506
PTPRC	CSF1R	818
PTPRC	CXCL13	624
PTPRC	PPARG	580
PTPRC	KIT	906
PTPRC	NCR1	735
PTPRC	CXCR5	833
PTPRC	CCR5	806
PTPRC	STAT5B	619
PTPRC	VCAM1	832
PTPRC	REL	502
PTPRC	CXCR1	474
PTPRC	ALB	773
PTPRC	CXCL5	455
PTPRC	IL15	689
PTPRC	ITGA2	717
PTPRC	TLR3	624
PTPRC	IL3	701
PTPRC	RAG1	840
PTPRC	MMP3	406
PTPRC	ANPEP	788
PTPRC	RUNX1	631
PTPRC	NOD2	439
PTPRC	AXL	443
PTPRC	CCL11	487
PTPRC	IL13	694
PTPRC	CXCL10	674
PTPRC	FOS	434
PTPRC	CXCL8	608
PTPRC	CXCL11	479
PTPRC	EIF2AK3	412
PTPRC	CCL19	603
PTPRC	CASP3	649
PTPRC	FGF5	493
PTPRC	HAVCR2	792
PTPRC	TLR8	674
PTPRC	AOC3	878
PTPRC	LEP	407
PTPRC	CD19	921
PTPRC	CD209	554
PTPRC	MET	514
PTPRC	ICOS	765
PTPRC	SOX2	583
PTPRC	CD28	800
PTPRC	NOS2	473
PTPRC	CSF1	668
PTPRC	IL3RA	749
PTPRC	SOCS3	554
PTPRC	CD86	879
PTPRC	SMAD3	443
PTPRC	H3C13	447
PTPRC	FGF3	474
PTPRC	PDCD1	690
PTPRC	NLRP3	479
PTPRC	IL21R	533
PTPRC	KLRD1	741
PTPRC	CAV1	473
PTPRC	H3-5	447
PTPRC	STAT5A	646
PTPRC	CD5	898
PTPRC	FN1	842
PTPRC	TJP1	409
PTPRC	CX3CR1	750
PTPRC	CCL20	481
PTPRC	H3C12	447
PTPRC	STAT1	764
PTPRC	MTOR	422
PTPRC	CD3E	912
PTPRC	CXCL9	646
PTPRC	CD47	977
PTPRC	H3-4	447
PTPRC	CR2	827
PTPRC	FASLG	621
PTPRC	IFNGR1	521
PTPRC	NES	610
PTPRC	IL6R	527
PTPRC	MCL1	448
PTPRC	PRDM1	624
PTPRC	FCGR1A	805
PTPRC	CD2	872
PTPRC	NGF	432
PTPRC	NRAS	415
PTPRC	DNTT	661
PTPRC	ENTPD1	646
PTPRC	RUNX2	648
PTPRC	PTEN	544
PTPRC	MMP9	711
PTPRC	CSF3R	626
PTPRC	ENG	910
PTPRC	SRC	683
PTPRC	CXCR3	721
PTPRC	TLR4	768
PTPRC	KLF4	490
PTPRC	SYK	772
PTPRC	TNFSF13B	718
PTPRC	AIF1	813
PTPRC	CYBB	645
PTPRC	WT1	435
PTPRC	GATA3	634
PTPRC	FOXO1	418
PTPRC	TEK	696
PTPRC	IFNA2	418
PTPRC	IFNB1	581
PTPRC	TLR7	821
PTPRC	IRF4	707
PTPRC	SDC1	800
PTPRC	CD274	752
PTPRC	FGF9	502
PTPRC	CD9	666
PTPRC	ALK	506
PTPRC	TFRC	888
PTPRC	ETS1	431
PTPRC	IGF1	582
PTPRC	BCL2L11	467
PTPRC	GPT	484
PTPRC	SPP1	575
PTPRC	ITGB1	913
PTPRC	HLA-A	539
PTPRC	INS	668
PTPRC	PDCD1LG2	613
PTPRC	ITGB2	870
PTPRC	BCL2	662
PTPRC	RELA	439
PTPRC	BCL6	694
PTPRC	IL6	860
PTPRC	CD8A	969
PTPRC	NFATC1	442
PTPRC	ADIPOQ	443
PTPRC	PTPN6	520
PTPRC	ERV3-1	583
PTPRC	CXCR6	539
PTPRC	FGF13	481
PTPRC	TNF	833
PTPRC	FGF16	500
PTPRC	ESR1	494
PTPRC	PRKCA	558
PTPRC	TLR5	510
PTPRC	CTNNB1	735
PTPRC	NTRK1	572
PTPRC	NOTCH1	540
PTPRC	CDKN2A	486
PTPRC	CD1D	820
PTPRC	SOCS1	420
PTPRC	TNFAIP3	413
PTPRC	TGFBR1	419
PTPRC	JAK1	541
PTPRC	VAV1	732
PTPRC	LYN	981
PTPRC	ANGPT1	481
PTPRC	NCAM1	875
PTPRC	FAS	738
PTPRC	SIRPA	767
PTPRC	AKT1	676
PTPRC	PTPN11	452
PTPRC	BRAF	413
PTPRC	GATA4	424
PTPRC	ERVW-1	586
PTPRC	HIF1A	553
PTPRC	H3-7	447
PTPRC	ERVFRD-1	583
PTPRC	CD48	853
PTPRC	CCL4	654
PTPRC	KITLG	697
PTPRC	CXCL2	488
PTPRC	LOC102723407	672
PTPRC	IL12RB1	456
PTPRC	SPN	993
PTPRC	BDNF	424
PTPRC	IL17A	782
PTPRC	BTK	685
PTPRC	CTLA4	746
PTPRC	IKBKB	448
PTPRC	IGF1R	572
PTPRC	PROM1	771
PTPRC	ACTB	734
PTPRC	PECAM1	912
PTPRC	VIM	532
PTPRC	IDO1	643
PTPRC	SELL	928
NRP1	CD4	725
NRP1	FGF4	823
NRP1	LAG3	416
NRP1	MMP2	584
NRP1	HGF	952
NRP1	CCL2	439
NRP1	FGF6	823
NRP1	IFNG	833
NRP1	IL4	563
NRP1	PDGFRA	582
NRP1	NT5E	427
NRP1	THBS1	601
NRP1	PDGFRB	449
NRP1	TYROBP	429
NRP1	ITGAE	460
NRP1	IL1B	428
NRP1	IL7	457
NRP1	KDR	999
NRP1	CD80	456
NRP1	FGF2	935
NRP1	EGF	786
NRP1	TLR8	583
NRP1	NTRK1	793
NRP1	IL3	575
NRP1	FGF7	893
NRP1	ACE2	824
NRP1	ANGPT1	557
NRP1	TJP1	538
NRP1	NCAM1	479
NRP1	TGFBR1	627
NRP1	TLR3	554
NRP1	ENTPD1	402
NRP1	IFNA1	505
NRP1	CD274	437
NRP1	FGF5	824
NRP1	CD19	505
NRP1	FLT1	993
NRP1	MMP9	598
NRP1	AKT1	703
NRP1	CD2	518
NRP1	TFRC	540
NRP1	IFNB1	526
NRP1	PDGFB	809
NRP1	ENG	422
NRP1	ALB	412
NRP1	FGF13	707
NRP1	VEGFC	904
NRP1	ITGB1	716
NRP1	CD8A	699
NRP1	ERVW-1	571
NRP1	ANGPT2	472
NRP1	FGF9	831
NRP1	PDGFA	492
NRP1	CCL4	402
NRP1	HSP90AA1	574
NRP1	FN1	652
NRP1	HIF1A	485
NRP1	TEK	549
NRP1	ANPEP	406
NRP1	CXCL10	611
NRP1	IL17A	416
NRP1	HSP90AB1	572
NRP1	TLR7	605
NRP1	SRC	592
NRP1	IFNA2	515
NRP1	IL6	491
NRP1	FGF3	824
NRP1	MET	462
NRP1	CTLA4	583
NRP1	CD209	499
NRP1	CD86	505
NRP1	IL3RA	841
NRP1	MMP1	498
NRP1	TNF	577
NRP1	FGFR1	826
NRP1	SELL	415
NRP1	PECAM1	543
NRP1	AXL	487
NRP1	FGF16	823
ENG	CD4	570
ENG	TNFRSF1A	475
ENG	FGF4	543
ENG	NGFR	693
ENG	TIMP1	431
ENG	MMP2	475
ENG	CD79A	733
ENG	HGF	639
ENG	CSF3	646
ENG	CCL2	540
ENG	COL1A1	500
ENG	CD38	446
ENG	FGF6	534
ENG	IFNG	541
ENG	NANOG	706
ENG	BMP4	507
ENG	CD68	644
ENG	APOE	459
ENG	GFAP	411
ENG	PDGFRA	743
ENG	NT5E	928
ENG	POU5F1	707
ENG	THBS1	650
ENG	ITGAV	624
ENG	VWF	718
ENG	SCARB1	451
ENG	CDH1	442
ENG	PDGFRB	677
ENG	SMAD2	571
ENG	CD33	415
ENG	ITGA2B	542
ENG	IL1A	433
ENG	IL1B	588
ENG	CD81	590
ENG	EPCAM	506
ENG	KDR	856
ENG	CD80	527
ENG	FGF2	831
ENG	ICAM1	767
ENG	SCARB2	444
ENG	EGF	736
ENG	FGF7	587
ENG	TP53	439
ENG	FLT1	737
ENG	CSF1R	492
ENG	PPARG	517
ENG	KIT	820
ENG	ACE	520
ENG	VCAM1	737
ENG	ALB	661
ENG	ITGA2	642
ENG	ANPEP	863
ENG	CXCL8	526
ENG	CASP3	418
ENG	FGF5	535
ENG	LEP	416
ENG	CD19	818
ENG	ANGPT2	705
ENG	SOX2	655
ENG	PDGFB	622
ENG	CD86	617
ENG	SMAD3	460
ENG	FGF3	527
ENG	HSP90AA1	402
ENG	CAV1	593
ENG	SMAD4	741
ENG	FN1	626
ENG	IFNGR1	455
ENG	NES	669
ENG	NGF	419
ENG	RUNX2	667
ENG	HSP90AB1	408
ENG	MMP9	518
ENG	ANGPT1	586
ENG	SPP1	593
ENG	KLF4	496
ENG	NCAM1	541
ENG	TLR4	453
ENG	EDN1	681
ENG	TGFBR1	969
ENG	IL6	625
ENG	NOTCH1	424
ENG	KITLG	477
ENG	ERVFRD-1	627
ENG	HIF1A	518
ENG	ERV3-1	418
ENG	CTNNB1	492
ENG	TEK	831
ENG	ACE2	437
ENG	IDO1	570
ENG	FGF13	680
ENG	VEGFC	475
ENG	PECAM1	923
ENG	INS	600
ENG	ITGB1	920
ENG	CD8A	506
ENG	ERVW-1	418
ENG	ACTB	726
ENG	CD9	648
ENG	FGF9	544
ENG	IGF1R	509
ENG	IGF1	543
ENG	FGF16	541
ENG	PROM1	720
ENG	CD274	416
ENG	GATA4	454
ENG	AKT1	522
ENG	TFRC	762
ENG	TNF	580
ENG	FAS	478
H3-4	CD4	526
H3-4	SNAI2	440
H3-4	MAPK1	405
H3-4	NFKBIA	563
H3-4	RELB	420
H3-4	MPO	886
H3-4	RPS6KB1	454
H3-4	CCL2	425
H3-4	NFKB1	676
H3-4	SPI1	448
H3-4	CDKN1B	474
H3-4	IFNG	518
H3-4	NANOG	718
H3-4	LOX	407
H3-4	IL4	411
H3-4	NR3C1	437
H3-4	EGR1	495
H3-4	GFAP	487
H3-4	H3-3B	909
H3-4	KRAS	453
H3-4	CCNB1	810
H3-4	CDK4	774
H3-4	MDM2	776
H3-4	POU5F1	631
H3-4	TLR2	632
H3-4	CCND2	427
H3-4	VWF	607
H3-4	CDH1	628
H3-4	SMAD2	449
H3-4	MAPK3	609
H3-4	EP300	966
H3-4	IL1B	538
H3-4	FGF2	482
H3-4	STAT3	609
H3-4	PPARGC1A	475
H3-4	LEF1	690
H3-4	EGF	585
H3-4	TP53	863
H3-4	ERBB2	504
H3-4	PPARG	496
H3-4	KIT	425
H3-4	CALM3	450
H3-4	STAT5B	407
H3-4	REL	461
H3-4	ALB	673
H3-4	TLR3	567
H3-4	RAG1	544
H3-4	RUNX1	497
H3-4	MAP2K1	640
H3-4	HSPA4	704
H3-4	CALML6	420
H3-4	CEBPB	466
H3-4	FOS	627
H3-4	CXCL8	445
H3-4	EIF2AK3	434
H3-4	CYCS	485
H3-4	TERT	526
H3-4	CASP3	732
H3-4	HNF4A	484
H3-4	CALML3	448
H3-4	SOX2	634
H3-4	HSPA5	401
H3-4	PGR	419
H3-4	CASP9	466
H3-4	SMAD3	449
H3-4	H3C13	926
H3-4	HSP90AA1	805
H3-4	H3-5	856
H3-4	STAT5A	420
H3-4	SMAD4	402
H3-4	E2F1	707
H3-4	FN1	455
H3-4	H3C12	927
H3-4	DNMT1	987
H3-4	STAT1	477
H3-4	MTOR	485
H3-4	PAX6	538
H3-4	HDAC1	976
H3-4	FOXO1	549
H3-4	GATA3	476
H3-4	IRF4	446
H3-4	HIF1A	592
H3-4	H3-7	865
H3-4	RELA	715
H3-4	PRKACB	407
H3-4	SRC	486
H3-4	HSP90AB1	735
H3-4	BDNF	516
H3-4	NFE2L2	418
H3-4	IGF2	431
H3-4	IL6	746
H3-4	LOC102723407	593
H3-4	MCL1	445
H3-4	CDKN1A	638
H3-4	IKBKB	612
H3-4	ESR1	614
H3-4	TNF	711
H3-4	NFATC1	445
H3-4	AR	575
H3-4	INS	586
H3-4	BCL2	614
H3-4	PECAM1	453
H3-4	RUNX2	453
H3-4	XIAP	400
H3-4	PARP1	757
H3-4	UBB	705
H3-4	IGF1	414
H3-4	IGF1R	400
H3-4	ACTB	812
H3-4	CALML5	448
H3-4	CDKN2A	642
H3-4	NOTCH1	486
H3-4	PRKCA	469
H3-4	CTNNB1	890
H3-4	JAK1	526
H3-4	TLR4	688
H3-4	MAPK8	687
H3-4	KLF4	540
H3-4	NES	521
H3-4	AKT1	790
H3-4	BMI1	805
H3-4	MMP9	668
H3-4	CDK1	806
H3-4	BRAF	458
H3-4	GATA4	532
H3-4	HSPA8	518
H3-4	CD8A	469
H3-4	BCL2L11	436
H3-4	BCL6	412
H3-4	DNTT	464
H3-4	PTEN	596
IGF1R	SNAI2	441
IGF1R	TNFRSF1A	669
IGF1R	FGF4	853
IGF1R	MMP2	689
IGF1R	CCL22	443
IGF1R	CD79A	429
IGF1R	PIK3R2	964
IGF1R	HGF	955
IGF1R	RPS6KB1	437
IGF1R	NFKB1	506
IGF1R	FGF6	850
IGF1R	CDKN1B	732
IGF1R	NANOG	416
IGF1R	LOX	588
IGF1R	FLT3	502
IGF1R	PLCG1	921
IGF1R	BMP4	469
IGF1R	H3-3B	414
IGF1R	KRAS	971
IGF1R	CCNB1	424
IGF1R	NOTCH2	626
IGF1R	PDGFRA	540
IGF1R	CDK4	611
IGF1R	MDM2	981
IGF1R	POU5F1	410
IGF1R	THBS1	401
IGF1R	ITGAV	892
IGF1R	CCND2	425
IGF1R	CDH1	742
IGF1R	PDGFRB	613
IGF1R	SMAD2	518
IGF1R	EP300	423
IGF1R	IL1B	641
IGF1R	KDR	552
IGF1R	PIK3CA	978
IGF1R	CBL	853
IGF1R	FGF2	900
IGF1R	STAT3	921
IGF1R	PPARGC1A	402
IGF1R	SCARB2	530
IGF1R	LEF1	664
IGF1R	EGF	997
IGF1R	ERBB3	933
IGF1R	FGF7	857
IGF1R	TP53	853
IGF1R	ERBB2	993
IGF1R	FLT1	419
IGF1R	PPARG	648
IGF1R	KIT	563
IGF1R	CALM3	592
IGF1R	CCR5	435
IGF1R	STAT5B	520
IGF1R	VCAM1	581
IGF1R	ALB	496
IGF1R	IL15	403
IGF1R	MAP2K1	675
IGF1R	HSPA4	406
IGF1R	CALML6	551
IGF1R	IRS1	999
IGF1R	FOS	490
IGF1R	CYCS	424
IGF1R	CASP3	631
IGF1R	FGF5	850
IGF1R	LEP	666
IGF1R	HNF4A	417
IGF1R	ANGPT2	738
IGF1R	CALML3	563
IGF1R	MET	629
IGF1R	SOX2	637
IGF1R	HSPA5	701
IGF1R	PGR	820
IGF1R	CSF1	746
IGF1R	CASP9	494
IGF1R	SOCS3	552
IGF1R	PDGFB	819
IGF1R	SMAD3	480
IGF1R	H3C13	401
IGF1R	FGF3	849
IGF1R	HSP90AA1	791
IGF1R	CAV1	971
IGF1R	H3-5	401
IGF1R	STAT5A	444
IGF1R	SMAD4	512
IGF1R	ESR2	813
IGF1R	E2F1	447
IGF1R	PDGFA	772
IGF1R	FN1	875
IGF1R	H3C12	403
IGF1R	DNMT1	435
IGF1R	STAT1	400
IGF1R	MTOR	872
IGF1R	PARP1	560
IGF1R	IFNGR1	439
IGF1R	IL6R	609
IGF1R	MCL1	492
IGF1R	FCGR1A	557
IGF1R	NGF	846
IGF1R	NRAS	960
IGF1R	PRKACB	921
IGF1R	XIAP	494
IGF1R	RUNX2	402
IGF1R	HSP90AB1	646
IGF1R	PTEN	880
IGF1R	MMP9	688
IGF1R	SRC	996
IGF1R	AR	808
IGF1R	WT1	442
IGF1R	EDN1	593
IGF1R	FOXO1	783
IGF1R	CALML5	559
IGF1R	SDC1	735
IGF1R	CD274	445
IGF1R	FGF9	859
IGF1R	TFRC	548
IGF1R	IGF1	999
IGF1R	BCL2L11	447
IGF1R	MAPK8	446
IGF1R	ITGB1	836
IGF1R	NFE2L2	411
IGF1R	INS	999
IGF1R	BCL2	781
IGF1R	RELA	480
IGF1R	SOS1	708
IGF1R	CDKN1A	510
IGF1R	IL6	571
IGF1R	ADIPOQ	414
IGF1R	PTPN6	432
IGF1R	IGF2	999
IGF1R	FGFR1	627
IGF1R	FGF13	447
IGF1R	TNF	630
IGF1R	FGF16	855
IGF1R	RHOA	470
IGF1R	SHC1	999
IGF1R	TGFA	887
IGF1R	ESR1	999
IGF1R	FGFR2	532
IGF1R	BDNF	907
IGF1R	CDKN2A	639
IGF1R	PROM1	416
IGF1R	PIK3R1	994
IGF1R	ANGPT1	732
IGF1R	NTRK1	504
IGF1R	TYK2	448
IGF1R	HIF1A	752
IGF1R	AKT1	619
IGF1R	SIRPA	444
IGF1R	VEGFC	780
IGF1R	PTPN11	935
IGF1R	ACTB	627
IGF1R	CTNNB1	985
IGF1R	KITLG	768
IGF1R	SOCS1	723
IGF1R	H3-7	400
IGF1R	PIK3CB	971
IGF1R	FAS	435
IGF1R	NOTCH1	685
IGF1R	JAK1	964
NGF	CD4	418
NGF	TNFRSF1A	620
NGF	FGF4	677
NGF	NGFR	999
NGF	MAPK1	585
NGF	NFKBIA	660
NGF	TIMP1	425
NGF	MMP2	422
NGF	PIK3R2	559
NGF	HGF	769
NGF	CSF3	514
NGF	CCL2	623
NGF	NFKB1	711
NGF	FGF6	703
NGF	IFNG	607
NGF	IL4	585
NGF	IL5	480
NGF	NR3C1	418
NGF	EGR1	727
NGF	FLT3	710
NGF	PLCG1	711
NGF	BMP4	401
NGF	CD68	407
NGF	APOE	609
NGF	EPO	478
NGF	GFAP	653
NGF	PDGFRA	755
NGF	NT5E	451
NGF	PDGFRB	773
NGF	MAPK3	743
NGF	IL1A	608
NGF	IL1B	728
NGF	IL7	418
NGF	KDR	876
NGF	PIK3CA	591
NGF	FGF2	869
NGF	STAT3	867
NGF	ICAM1	426
NGF	EGF	866
NGF	ERBB3	748
NGF	FGF7	706
NGF	TP53	532
NGF	ERBB2	849
NGF	IL9	430
NGF	IL18	476
NGF	FLT1	758
NGF	CSF1R	730
NGF	PPARG	403
NGF	KIT	786
NGF	ACE	548
NGF	CALM3	868
NGF	ALB	763
NGF	CXCL5	487
NGF	IL15	406
NGF	IL3	642
NGF	MMP3	443
NGF	AXL	526
NGF	CCL11	636
NGF	MAP2K1	440
NGF	HSPA4	433
NGF	CALML6	865
NGF	IRS1	645
NGF	IL13	516
NGF	CXCL10	447
NGF	FOS	669
NGF	CXCL8	577
NGF	CYCS	673
NGF	PLG	442
NGF	CASP3	858
NGF	FGF5	708
NGF	LEP	480
NGF	CALML3	864
NGF	MET	755
NGF	SOX2	400
NGF	CSF1	608
NGF	CASP9	403
NGF	PDGFB	562
NGF	FGF3	677
NGF	FGFR3	810
NGF	FN1	574
NGF	MTOR	425
NGF	CXCL9	545
NGF	FASLG	525
NGF	NES	642
NGF	IGF2	685
NGF	IL6	747
NGF	SQSTM1	582
NGF	LOC102723407	907
NGF	IFNA2	523
NGF	PRKACB	584
NGF	RELA	607
NGF	EDN1	533
NGF	PIK3CB	595
NGF	SRC	541
NGF	IL17A	508
NGF	BDNF	698
NGF	TEK	744
NGF	HIF1A	637
NGF	KITLG	612
NGF	CCL4	441
NGF	AIF1	518
NGF	FGF16	695
NGF	IGF1	840
NGF	UBB	499
NGF	ACTB	585
NGF	INS	707
NGF	PECAM1	408
NGF	BCL2	623
NGF	FGFR1	772
NGF	SOS1	607
NGF	TNF	714
NGF	SHC1	745
NGF	IKBKB	608
NGF	ESR1	628
NGF	MAPK8	685
NGF	TLR4	463
NGF	NCAM1	441
NGF	FGFR2	736
NGF	ANGPT1	438
NGF	CTNNB1	477
NGF	TGFA	675
NGF	NTRK1	999
NGF	CALML5	865
NGF	NOTCH1	449
NGF	PIK3R1	592
NGF	RHOA	749
NGF	PTEN	426
NGF	FGF9	691
NGF	ITGB1	564
NGF	BCL2L11	671
NGF	NRAS	476
NGF	FGF13	603
NGF	AKT1	818
NGF	MMP9	545
NGF	BRAF	662
H3-3B	CD4	524
H3-3B	SNAI2	450
H3-3B	FGF4	401
H3-3B	MAPK1	414
H3-3B	NFKBIA	590
H3-3B	RELB	421
H3-3B	MPO	886
H3-3B	RPS6KB1	487
H3-3B	CCL2	425
H3-3B	NFKB1	688
H3-3B	SPI1	711
H3-3B	CDKN1B	497
H3-3B	IFNG	506
H3-3B	NANOG	728
H3-3B	LOX	406
H3-3B	IL4	409
H3-3B	NR3C1	445
H3-3B	EGR1	506
H3-3B	GFAP	516
H3-3B	CSF3R	627
H3-3B	TLR2	633
H3-3B	GATA3	727
H3-3B	CEBPB	475
H3-3B	PGR	421
H3-3B	SMAD2	451
H3-3B	IRF4	445
H3-3B	HIF1A	602
H3-3B	H3-7	882
H3-3B	HDAC1	986
H3-3B	HSP90AA1	750
H3-3B	FN1	456
H3-3B	PAX6	532
H3-3B	SMAD3	456
H3-3B	FOXO1	553
H3-3B	ITGA2B	599
H3-3B	DNMT1	987
H3-3B	IGF2	434
H3-3B	IL6	746
H3-3B	CDH1	631
H3-3B	EGF	586
H3-3B	LOC102723407	594
H3-3B	RELA	740
H3-3B	HSPA4	706
H3-3B	PRKACB	442
H3-3B	SRC	504
H3-3B	RUNX1	737
H3-3B	H3C13	954
H3-3B	SMAD4	422
H3-3B	TP53	865
H3-3B	H3C12	916
H3-3B	EP300	962
H3-3B	BDNF	514
H3-3B	HSP90AB1	742
H3-3B	NFE2L2	437
H3-3B	STAT3	612
H3-3B	CYCS	487
H3-3B	PIK3CA	435
H3-3B	FGFR1	534
H3-3B	TNF	710
H3-3B	IL1B	542
H3-3B	THBS1	550
H3-3B	LEF1	692
H3-3B	AR	839
H3-3B	CDKN1A	710
H3-3B	MCL1	458
H3-3B	STAT1	483
H3-3B	CCNB1	811
H3-3B	ESR1	816
H3-3B	IKBKB	612
H3-3B	POU5F1	629
H3-3B	HNF4A	484
H3-3B	UBB	517
H3-3B	IGF1	416
H3-3B	CASP3	730
H3-3B	ACTB	962
H3-3B	EIF2AK3	431
H3-3B	PECAM1	455
H3-3B	BCL2	801
H3-3B	INS	581
H3-3B	CDK4	599
H3-3B	XIAP	405
H3-3B	PARP1	838
H3-3B	RUNX2	463
H3-3B	STAT5A	421
H3-3B	CALML6	421
H3-3B	PPARG	507
H3-3B	MDM2	552
H3-3B	CALML3	449
H3-3B	CASP9	465
H3-3B	CTNNB1	837
H3-3B	PPARGC1A	475
H3-3B	FGF2	600
H3-3B	HSPA5	431
H3-3B	E2F1	706
H3-3B	H3-5	810
H3-3B	CDKN2A	832
H3-3B	CALML5	448
H3-3B	NOTCH1	505
H3-3B	REL	466
H3-3B	KIT	449
H3-3B	KRAS	506
H3-3B	TLR3	567
H3-3B	PDGFRA	571
H3-3B	WT1	411
H3-3B	MAPK8	408
H3-3B	TERT	631
H3-3B	TLR4	690
H3-3B	NES	540
H3-3B	CALM3	451
H3-3B	CCND2	437
H3-3B	KLF4	546
H3-3B	ERBB2	529
H3-3B	MAP2K1	659
H3-3B	AKT1	790
H3-3B	BMI1	863
H3-3B	MMP9	663
H3-3B	BRAF	573
H3-3B	GATA4	530
H3-3B	CDK1	806
H3-3B	CXCL8	461
H3-3B	MTOR	508
H3-3B	BCL6	423
H3-3B	RHOA	423
H3-3B	FOS	813
H3-3B	PTEN	616
H3-3B	DNTT	463
H3-3B	MAPK3	614
H3-3B	SOX2	635
H3-3B	CD8A	472
H3-3B	BCL2L11	432
H3-3B	VWF	550
H3-3B	STAT5B	440
H3-3B	ALB	668
CDH1	CD4	573
CDH1	SNAI2	929
CDH1	FGF4	615
CDH1	MAPK1	465
CDH1	NFKBIA	482
CDH1	TIMP1	555
CDH1	MMP2	791
CDH1	HGF	675
CDH1	RPS6KB1	512
CDH1	CCL2	521
CDH1	COL1A1	487
CDH1	VTN	535
CDH1	NFKB1	586
CDH1	CD69	612
CDH1	FGF6	592
CDH1	CDKN1B	511
CDH1	IFNG	572
CDH1	NANOG	725
CDH1	LOX	578
CDH1	IL4	486
CDH1	TWIST1	849
CDH1	BMP4	542
CDH1	CD68	455
CDH1	GFAP	479
CDH1	KRAS	723
CDH1	CCNB1	686
CDH1	NOTCH2	515
CDH1	PDGFRA	468
CDH1	CDK4	712
CDH1	MDM2	925
CDH1	POU5F1	852
CDH1	THBS1	624
CDH1	ITGAV	680
CDH1	CCND2	437
CDH1	KIT	582
CDH1	WNT3A	737
CDH1	TGFBR1	612
CDH1	NCAM1	498
CDH1	KLF4	809
CDH1	CALM3	568
CDH1	NES	508
CDH1	TJP1	987
CDH1	FGFR2	496
CDH1	ERBB2	970
CDH1	WT1	579
CDH1	TLR4	487
CDH1	MAPK8	447
CDH1	TERT	489
CDH1	FGF2	633
CDH1	CTNNB1	999
CDH1	CASP9	589
CDH1	HSPA5	589
CDH1	PPARG	475
CDH1	CALML6	568
CDH1	FGF7	604
CDH1	CALML3	569
CDH1	CALML5	586
CDH1	CDKN2A	713
CDH1	NOTCH1	661
CDH1	PRKCA	418
CDH1	E2F1	643
CDH1	FASLG	424
CDH1	AXIN2	593
CDH1	PLG	644
CDH1	TGFA	513
CDH1	H3-5	632
CDH1	NTRK1	483
CDH1	DNTT	417
CDH1	FGF9	590
CDH1	PTEN	930
CDH1	FOS	618
CDH1	SOX2	730
CDH1	MAPK3	770
CDH1	ITGA2	667
CDH1	RHOA	751
CDH1	VEGFC	478
CDH1	VCAM1	480
CDH1	FGF13	502
CDH1	SDC1	499
CDH1	NRAS	426
CDH1	ALB	735
CDH1	ERVW-1	932
CDH1	MMP3	739
CDH1	CD8A	713
CDH1	HSPA8	516
CDH1	ITGB1	856
CDH1	BCL2L11	477
CDH1	MAP2K1	564
CDH1	FLT1	449
CDH1	CDK1	506
CDH1	GATA4	432
CDH1	BRAF	598
CDH1	CD19	555
CDH1	FGF5	601
CDH1	CXCL8	592
CDH1	CD274	718
CDH1	MTOR	673
CDH1	TFRC	403
CDH1	BMI1	634
CDH1	PTPN11	430
CDH1	AKT1	903
CDH1	DKK1	547
CDH1	PLAU	575
CDH1	MMP9	957
CDH1	FGF3	594
CDH1	IL6	671
CDH1	KEAP1	524
CDH1	EGF	852
CDH1	KLRD1	514
CDH1	IGF2	472
CDH1	DNMT1	768
CDH1	HSP90AB1	507
CDH1	EP300	600
CDH1	IL17A	479
CDH1	H3C12	627
CDH1	TP53	853
CDH1	SMAD4	804
CDH1	KDR	780
CDH1	CYCS	447
CDH1	STAT3	732
CDH1	SPP1	529
CDH1	NFE2L2	525
CDH1	HSPA4	410
CDH1	RELA	410
CDH1	CBL	688
CDH1	ITGB2	574
CDH1	H3C13	628
CDH1	SRC	988
CDH1	SMAD2	852
CDH1	PGR	677
CDH1	ERV3-1	929
CDH1	AXIN1	771
CDH1	WNT5A	592
CDH1	H3-7	628
CDH1	HIF1A	721
CDH1	GATA3	551
CDH1	FOXO1	433
CDH1	SMAD3	724
CDH1	PDGFRB	509
CDH1	CD48	408
CDH1	PAX6	409
CDH1	ALK	449
CDH1	FN1	873
CDH1	HDAC1	775
CDH1	HSP90AA1	679
CDH1	ERVFRD-1	932
CDH1	CASP3	956
CDH1	AXL	553
CDH1	CD9	759
CDH1	ACTB	833
CDH1	EIF2AK3	571
CDH1	PROM1	714
CDH1	FGF16	581
CDH1	EPCAM	905
CDH1	IGF1	731
CDH1	IL1A	475
CDH1	HNF4A	825
CDH1	UBB	529
CDH1	RUNX2	418
CDH1	XIAP	439
CDH1	PARP1	584
CDH1	ETS1	431
CDH1	IL13	435
CDH1	CAV1	768
CDH1	VIM	892
CDH1	INS	658
CDH1	ICAM1	583
CDH1	BCL2	736
CDH1	PECAM1	643
CDH1	ERBB3	856
CDH1	PDCD1	563
CDH1	WNT4	488
CDH1	AR	629
CDH1	LEF1	751
CDH1	PIK3CA	575
CDH1	FGFR1	885
CDH1	IL1B	607
CDH1	TNF	659
CDH1	MMP1	527
CDH1	ITGAE	997
CDH1	SHC1	604
CDH1	IKBKB	408
CDH1	ESR2	481
CDH1	CTLA4	414
CDH1	ESR1	803
CDH1	MET	959
CDH1	MCL1	473
CDH1	CDKN1A	583
CDH1	STAT1	452
CD274	CD74	480
CD274	CD4	938
CD274	SNAI2	416
CD274	TNFRSF1A	464
CD274	FGF4	420
CD274	LAG3	976
CD274	IL2RB	490
CD274	GZMB	784
CD274	MMP2	471
CD274	CCL22	602
CD274	CCL17	527
CD274	HGF	526
CD274	CSF3	605
CD274	CCL2	690
CD274	VTN	459
CD274	CD38	642
CD274	NFKB1	605
CD274	IL10RA	712
CD274	CD69	690
CD274	FGF6	407
CD274	IFNG	899
CD274	IL4	718
CD274	IL5	507
CD274	KLRK1	671
CD274	TNFSF10	515
CD274	FLT3	484
CD274	TWIST1	406
CD274	CD68	823
CD274	KRAS	774
CD274	NOTCH2	559
CD274	PDGFRA	483
CD274	NT5E	692
CD274	CDK4	591
CD274	MDM2	518
CD274	TLR2	572
CD274	PDGFRB	509
CD274	CD33	634
CD274	MAPK3	480
CD274	ITGAE	644
CD274	IL1A	630
CD274	IL1B	735
CD274	CD81	619
CD274	EPCAM	609
CD274	IL7	619
CD274	KDR	611
CD274	PIK3CA	692
CD274	CD80	999
CD274	FGF2	457
CD274	WNT5A	562
CD274	STAT3	992
CD274	ICAM1	757
CD274	ZAP70	507
CD274	EGF	578
CD274	CD27	676
CD274	ERBB3	507
CD274	FGF7	427
CD274	TP53	776
CD274	ERBB2	798
CD274	IFNAR1	489
CD274	FCGR2A	549
CD274	IFNA1	700
CD274	IL18	572
CD274	FLT1	518
CD274	CSF1R	671
CD274	CXCL13	565
CD274	KIT	618
CD274	NCR1	572
CD274	CXCR5	573
CD274	CCR5	618
CD274	STAT5B	538
CD274	VCAM1	675
CD274	CXCR1	429
CD274	ALB	586
CD274	CXCL5	527
CD274	IL15	717
CD274	TLR3	617
CD274	AXL	584
CD274	MAP2K1	455
CD274	HSPA4	410
CD274	IL13	618
CD274	CXCL10	777
CD274	CXCL8	687
CD274	CXCL11	630
CD274	EIF2AK3	410
CD274	CCL19	525
CD274	TERT	541
CD274	CASP3	524
CD274	FGF5	420
CD274	HAVCR2	998
CD274	TLR8	500
CD274	AOC3	507
CD274	CD19	816
CD274	ANGPT2	412
CD274	CD209	476
CD274	MET	743
CD274	ICOS	995
CD274	CALR	580
CD274	SOX2	448
CD274	HSPA5	529
CD274	CD28	997
CD274	PGR	572
CD274	CSF1	654
CD274	IL3RA	541
CD274	SOCS3	467
CD274	CD86	972
CD274	FGF3	428
CD274	PDCD1	999
CD274	HSP90AA1	454
CD274	KLRD1	780
CD274	FGFR3	482
CD274	STAT5A	549
CD274	SMAD4	447
CD274	CD5	480
CD274	FN1	650
CD274	CX3CR1	484
CD274	CCL20	502
CD274	DNMT1	637
CD274	STAT1	776
CD274	MTOR	711
CD274	CD3E	808
CD274	CXCL9	761
CD274	CD47	818
CD274	PARP1	624
CD274	CR2	400
CD274	FASLG	889
CD274	IFNGR1	598
CD274	IL6R	452
CD274	MCL1	452
CD274	PRDM1	491
CD274	FCGR1A	712
CD274	CD2	455
CD274	NRAS	604
CD274	ENTPD1	697
CD274	HSP90AB1	444
CD274	PTEN	714
CD274	MMP9	595
CD274	SRC	545
CD274	CXCR3	627
CD274	DKK1	576
CD274	TLR4	654
CD274	AR	509
CD274	TNFSF13B	459
CD274	WT1	431
CD274	GATA3	527
CD274	TEK	408
CD274	IFNA2	524
CD274	IFNB1	620
CD274	TLR7	752
CD274	IRF4	509
CD274	SDC1	660
CD274	CD8A	939
CD274	ERVW-1	679
CD274	VEGFC	454
CD274	BCL6	521
CD274	FGF9	406
CD274	AKT1	720
CD274	PTPN11	950
CD274	TFRC	432
CD274	BRAF	799
CD274	FAS	762
CD274	SIRPA	829
CD274	PDCD1LG2	996
CD274	VAV1	500
CD274	JAK1	603
CD274	FGFR2	451
CD274	NCAM1	658
CD274	CD1D	583
CD274	TNFAIP3	402
CD274	SOCS1	537
CD274	PTPN6	619
CD274	NTRK1	565
CD274	NOTCH1	478
CD274	CDKN2A	644
CD274	GPT	518
CD274	HLA-A	643
CD274	TLR5	534
CD274	CTNNB1	643
CD274	PECAM1	515
CD274	BCL2	590
CD274	INS	474
CD274	IDO1	902
CD274	SELL	634
CD274	FGF16	408
CD274	PROM1	507
CD274	ACTB	532
CD274	CD9	629
CD274	BTK	515
CD274	ESR1	584
CD274	CTLA4	999
CD274	CXCR6	453
CD274	TNF	807
CD274	FGFR1	481
CD274	RELA	578
CD274	SPP1	593
CD274	IL17A	704
CD274	LOC102723407	529
CD274	CXCL2	519
CD274	KEAP1	432
CD274	IL6	799
CD274	ERVFRD-1	680
CD274	ALK	818
CD274	CD48	633
CD274	CCL4	613
CD274	HIF1A	669
CD274	ERV3-1	680
PTPN6	CD74	422
PTPN6	CD4	704
PTPN6	TNFRSF1A	611
PTPN6	MAPK1	933
PTPN6	IL2RB	624
PTPN6	CD79A	811
PTPN6	PIK3R2	912
PTPN6	NFKB1	493
PTPN6	SPI1	489
PTPN6	IFNG	585
PTPN6	IL5	540
PTPN6	PLCG1	700
PTPN6	PDGFRB	653
PTPN6	CD33	792
PTPN6	TYROBP	598
PTPN6	MAPK3	938
PTPN6	KDR	972
PTPN6	PIK3CA	920
PTPN6	CBL	505
PTPN6	STAT3	781
PTPN6	ZAP70	972
PTPN6	EGF	540
PTPN6	ERBB3	626
PTPN6	ERBB2	522
PTPN6	IFNAR1	502
PTPN6	IFNA1	674
PTPN6	CSF1R	637
PTPN6	KIT	856
PTPN6	STAT5B	730
PTPN6	REL	401
PTPN6	ITGA2	908
PTPN6	IL3	605
PTPN6	IL3RA	580
PTPN6	PDGFB	433
PTPN6	SMAD3	610
PTPN6	PDCD1	961
PTPN6	KLRD1	922
PTPN6	STAT5A	669
PTPN6	SMAD4	474
PTPN6	CD5	484
PTPN6	DNMT1	506
PTPN6	STAT1	661
PTPN6	CD3E	630
PTPN6	CD47	600
PTPN6	IFNGR1	529
PTPN6	FCGR1A	579
PTPN6	SRC	917
PTPN6	SYK	995
PTPN6	IFNA2	431
PTPN6	IFNB1	491
PTPN6	CD9	460
PTPN6	ALK	524
PTPN6	CDK1	422
PTPN6	ITGB1	924
PTPN6	PDCD1LG2	587
PTPN6	ITGB2	565
PTPN6	SOS1	557
PTPN6	CD8A	565
PTPN6	CTLA4	954
PTPN6	SHC1	696
PTPN6	BTK	953
PTPN6	PECAM1	979
PTPN6	KITLG	555
PTPN6	PIK3CB	919
PTPN6	PTPN11	950
PTPN6	AKT1	436
PTPN6	SIRPA	942
PTPN6	TYK2	954
PTPN6	PIK3R1	971
PTPN6	NTRK1	630
PTPN6	FGFR2	460
PTPN6	LYN	953
PTPN6	VAV1	966
PTPN6	JAK1	978
PTPN6	SOCS1	423
TEK	CD4	433
TEK	FGF4	850
TEK	MMP2	482
TEK	PIK3R2	604
TEK	HGF	898
TEK	CSF3	446
TEK	CCL2	713
TEK	FGF6	848
TEK	IFNG	457
TEK	LOX	493
TEK	BMP4	445
TEK	CD68	416
TEK	APOE	408
TEK	EPO	418
TEK	KRAS	663
TEK	NT5E	410
TEK	THBS1	490
TEK	ITGAV	407
TEK	VWF	757
TEK	PDGFRB	456
TEK	ITGA2B	469
TEK	MAPK3	590
TEK	IL1B	506
TEK	KDR	744
TEK	PIK3CA	691
TEK	FGF2	941
TEK	STAT3	467
TEK	ICAM1	724
TEK	EGF	897
TEK	FGF7	857
TEK	TP53	417
TEK	ERBB2	454
TEK	FLT1	496
TEK	VCAM1	618
TEK	ALB	495
TEK	RUNX1	404
TEK	HSPA4	446
TEK	IRS1	720
TEK	CXCL8	678
TEK	PLG	444
TEK	FGF5	848
TEK	LEP	546
TEK	ANGPT2	999
TEK	NOS2	421
TEK	CSF1	812
TEK	PDGFB	873
TEK	FGF3	848
TEK	CAV1	564
TEK	PDGFA	844
TEK	FN1	468
TEK	TJP1	462
TEK	CX3CR1	572
TEK	NES	480
TEK	NRAS	618
TEK	MMP9	576
TEK	EDN1	489
TEK	FGF9	849
TEK	RHOA	439
TEK	VEGFC	955
TEK	FGF13	716
TEK	CD8A	428
TEK	ITGB1	436
TEK	AKT1	659
TEK	PTPN11	884
TEK	ANGPT1	999
TEK	CTNNB1	497
TEK	NOTCH1	481
TEK	PIK3R1	735
TEK	TGFA	762
TEK	ACTB	461
TEK	PROM1	528
TEK	FGF16	851
TEK	IGF1	874
TEK	INS	791
TEK	PECAM1	842
TEK	FGFR1	587
TEK	SOS1	482
TEK	TNF	553
TEK	SHC1	819
TEK	IL6	726
TEK	IGF2	734
TEK	BDNF	739
TEK	SPP1	620
TEK	PIK3CB	586
TEK	HIF1A	649
TEK	KITLG	922
IL2RB	CD4	875
IL2RB	LAG3	647
IL2RB	PDGFA	671
IL2RB	CSF3	702
IL2RB	CD80	525
IL2RB	NCR1	700
IL2RB	IL18	437
IL2RB	ITGA2	419
IL2RB	BCL6	532
IL2RB	RHOA	904
IL2RB	IFNG	934
IL2RB	PRDM1	545
IL2RB	NRAS	454
IL2RB	SELL	802
IL2RB	IL13	788
IL2RB	PIK3R2	420
IL2RB	STAT5B	976
IL2RB	IL11	730
IL2RB	CD38	486
IL2RB	STAT5A	983
IL2RB	CD8A	922
IL2RB	TNFSF13B	405
IL2RB	CXCR3	716
IL2RB	BCL2	438
IL2RB	IL9	837
IL2RB	CXCL13	456
IL2RB	IL5	772
IL2RB	PDCD1	715
IL2RB	IFNGR1	541
IL2RB	PDGFB	672
IL2RB	IFNB1	729
IL2RB	IL3RA	585
IL2RB	CX3CR1	457
IL2RB	SOS1	432
IL2RB	FAS	469
IL2RB	EPO	672
IL2RB	TYK2	754
IL2RB	IL21R	574
IL2RB	PIK3CA	461
IL2RB	ITGAE	568
IL2RB	TNF	540
IL2RB	CXCR6	715
IL2RB	CD19	619
IL2RB	SYK	655
IL2RB	CD69	732
IL2RB	CTLA4	679
IL2RB	CCR5	560
IL2RB	SHC1	800
IL2RB	CD3E	638
IL2RB	IL7	941
IL2RB	CD86	506
IL2RB	CD2	824
IL2RB	STAT1	545
IL2RB	IL4	916
IL2RB	SPN	517
IL2RB	ENTPD1	407
IL2RB	IL6	859
IL2RB	KIT	452
IL2RB	EGF	688
IL2RB	KRAS	473
IL2RB	CXCL9	631
IL2RB	IL12RB1	551
IL2RB	SOCS1	618
IL2RB	KLRD1	868
IL2RB	CD1D	554
IL2RB	IFNA1	752
IL2RB	FCGR2A	409
IL2RB	HAVCR2	495
IL2RB	ZAP70	609
IL2RB	IL6R	628
IL2RB	IL17A	638
IL2RB	NCAM1	530
IL2RB	ICOS	685
IL2RB	STAT3	871
IL2RB	CD27	829
IL2RB	ANPEP	436
IL2RB	RAG1	423
IL2RB	LYN	502
IL2RB	IFNA2	702
IL2RB	PIK3CB	439
IL2RB	ITGB2	443
IL2RB	AOC3	553
IL2RB	JAK1	998
IL2RB	GZMB	907
IL2RB	IRF4	469
IL2RB	SOCS3	473
IL2RB	CCL2	600
IL2RB	LEP	677
IL2RB	IL3	743
IL2RB	KLRK1	714
IL2RB	GATA3	669
IL2RB	CCL4	661
IL2RB	CD5	623
IL2RB	CXCR5	504
IL2RB	PIK3R1	624
IL2RB	CD48	442
IL2RB	CD28	777
IL2RB	IL15	999
IL2RB	FASLG	740
IL2RB	IL10RA	759
LYN	CD4	700
LYN	MAPK1	829
LYN	GZMB	674
LYN	NFKBIA	465
LYN	CD79A	999
LYN	PIK3R2	930
LYN	CSF3	636
LYN	RPS6KB1	403
LYN	CD38	652
LYN	NFKB1	507
LYN	SPI1	452
LYN	CDKN1B	654
LYN	IFNG	547
LYN	IL4	450
LYN	FLT3	439
LYN	PLCG1	865
LYN	EPO	636
LYN	KRAS	874
LYN	PDGFRA	616
LYN	CDK4	546
LYN	MDM2	497
LYN	TLR2	551
LYN	ITGAV	498
LYN	CCND2	541
LYN	SCARB1	975
LYN	ITGA2B	506
LYN	TYROBP	512
LYN	MAPK3	832
LYN	ITGAE	402
LYN	IL1B	763
LYN	CD81	702
LYN	PIK3CA	935
LYN	CBL	987
LYN	CD80	674
LYN	WNT5A	465
LYN	STAT3	938
LYN	ICAM1	443
LYN	SCARB2	973
LYN	ZAP70	788
LYN	TP53	612
LYN	FCGR2A	962
LYN	FLT1	475
LYN	CSF1R	719
LYN	PPARG	500
LYN	KIT	928
LYN	CALM3	592
LYN	STAT5B	782
LYN	VCAM1	467
LYN	ITGA2	771
LYN	IL3	447
LYN	AXL	609
LYN	HSPA4	459
LYN	CALML6	583
LYN	EIF2AK3	420
LYN	CASP3	420
LYN	CD19	999
LYN	ANGPT2	448
LYN	CALML3	586
LYN	CD28	542
LYN	CSF1	687
LYN	SOCS3	641
LYN	CD86	695
LYN	HSP90AA1	809
LYN	CAV1	751
LYN	STAT5A	858
LYN	CD5	444
LYN	FN1	401
LYN	STAT1	743
LYN	CR2	472
LYN	FASLG	559
LYN	MCL1	655
LYN	FCGR1A	939
LYN	NRAS	794
LYN	RUNX2	450
LYN	HSP90AB1	714
LYN	PTEN	480
LYN	CSF3R	916
LYN	SRC	989
LYN	TLR4	542
LYN	SYK	999
LYN	TNFSF13B	604
LYN	CYBB	429
LYN	CALML5	585
LYN	TLR7	451
LYN	CDK1	889
LYN	MAPK8	528
LYN	ITGB1	754
LYN	ITGB2	748
LYN	BCL2	446
LYN	BCL6	438
LYN	SOS1	739
LYN	CDKN1A	681
LYN	IL6	498
LYN	CD8A	670
LYN	TNF	649
LYN	RHOA	759
LYN	SHC1	991
LYN	PRKCA	914
LYN	PIK3R1	964
LYN	HIF1A	518
LYN	KITLG	685
LYN	LOC102723407	947
LYN	PIK3CB	957
LYN	CTLA4	714
LYN	IKBKB	466
LYN	BTK	997
LYN	ACTB	453
LYN	UBB	554
LYN	PECAM1	802
LYN	CTNNB1	413
LYN	NTRK1	434
LYN	TNFAIP3	416
LYN	SOCS1	751
LYN	VAV1	993
LYN	JAK1	836
LYN	TYK2	806
LYN	PTPN11	807
LYN	AKT1	820
LYN	HSPA8	510
FASLG	CD74	529
FASLG	CD4	868
FASLG	TNFRSF1A	998
FASLG	LAG3	768
FASLG	GZMB	942
FASLG	NFKBIA	485
FASLG	TIMP1	410
FASLG	MMP2	459
FASLG	HGF	425
FASLG	MPO	404
FASLG	CSF3	481
FASLG	CCL2	737
FASLG	CD38	494
FASLG	NFKB1	684
FASLG	CD69	643
FASLG	CDKN1B	408
FASLG	IFNG	933
FASLG	IL4	679
FASLG	IL5	517
FASLG	NR3C1	411
FASLG	KLRK1	771
FASLG	TNFSF10	971
FASLG	CD68	411
FASLG	PDGFRA	508
FASLG	NT5E	653
FASLG	MDM2	413
FASLG	TLR2	693
FASLG	MAPK3	489
FASLG	ITGAE	418
FASLG	IL1A	584
FASLG	IL1B	800
FASLG	IL7	544
FASLG	KDR	402
FASLG	CD80	898
FASLG	FGF2	445
FASLG	STAT3	893
FASLG	ICAM1	777
FASLG	ZAP70	477
FASLG	EGF	479
FASLG	CD27	619
FASLG	TP53	718
FASLG	ERBB2	659
FASLG	IL9	402
FASLG	IFNA1	581
FASLG	IL18	609
FASLG	CSF1R	565
FASLG	NCR1	688
FASLG	CCR5	637
FASLG	STAT5B	407
FASLG	VCAM1	489
FASLG	ALB	476
FASLG	IL15	628
FASLG	TLR3	535
FASLG	IL3	452
FASLG	CCL11	412
FASLG	HSPA4	469
FASLG	IL13	580
FASLG	CXCL10	621
FASLG	FOS	423
FASLG	CXCL8	583
FASLG	CXCL11	417
FASLG	CYCS	840
FASLG	CASP3	892
FASLG	HAVCR2	770
FASLG	TLR8	414
FASLG	CD19	588
FASLG	ICOS	617
FASLG	CD28	685
FASLG	CSF1	446
FASLG	CASP9	847
FASLG	CD86	882
FASLG	PDCD1	846
FASLG	NLRP3	441
FASLG	KLRD1	855
FASLG	STAT5A	402
FASLG	CD5	517
FASLG	FN1	909
FASLG	CX3CR1	476
FASLG	STAT1	529
FASLG	MTOR	419
FASLG	CXCL9	556
FASLG	CD47	431
FASLG	PARP1	580
FASLG	RHOA	610
FASLG	PTEN	512
FASLG	DNTT	579
FASLG	CD8A	922
FASLG	ERVW-1	570
FASLG	BCL2L11	893
FASLG	PRDM1	416
FASLG	FAS	999
FASLG	PDCD1LG2	746
FASLG	IFNB1	505
FASLG	AKT1	667
FASLG	CD2	616
FASLG	MMP9	562
FASLG	CD1D	516
FASLG	ENTPD1	678
FASLG	MAPK8	849
FASLG	TLR4	591
FASLG	NCAM1	590
FASLG	HLA-A	418
FASLG	CTNNB1	593
FASLG	PIK3R1	590
FASLG	IGF1	442
FASLG	ACTB	597
FASLG	TNFSF13B	653
FASLG	CXCR3	652
FASLG	BCL2	811
FASLG	INS	520
FASLG	IDO1	775
FASLG	SELL	594
FASLG	XIAP	738
FASLG	TNF	984
FASLG	MCL1	597
FASLG	CDKN1A	453
FASLG	CXCR6	776
FASLG	CTLA4	833
FASLG	ESR1	432
FASLG	IL6	697
FASLG	IL12RB1	417
FASLG	RELA	409
FASLG	SRC	537
FASLG	TLR7	476
FASLG	ITGB2	413
FASLG	IL17A	620
FASLG	GATA3	426
FASLG	ERV3-1	550
FASLG	IRF4	405
FASLG	HIF1A	492
FASLG	ERVFRD-1	554
FASLG	FOXO1	737
FASLG	CCL4	552
FASLG	CD48	556
TGFBR1	CD4	424
TGFBR1	SNAI2	572
TGFBR1	TNFRSF1A	505
TGFBR1	FGF4	431
TGFBR1	GZMB	522
TGFBR1	TIMP1	435
TGFBR1	MMP2	484
TGFBR1	PIK3R2	421
TGFBR1	HGF	408
TGFBR1	CCL2	402
TGFBR1	COL1A1	721
TGFBR1	NFKB1	417
TGFBR1	FGF6	424
TGFBR1	IFNG	414
TGFBR1	LOX	453
TGFBR1	TWIST1	434
TGFBR1	BMP4	791
TGFBR1	KRAS	505
TGFBR1	NOTCH2	400
TGFBR1	PDGFRA	626
TGFBR1	THBS1	490
TGFBR1	ITGAV	400
TGFBR1	PDGFRB	460
TGFBR1	SMAD2	999
TGFBR1	AXIN1	409
TGFBR1	EP300	712
TGFBR1	IL1B	474
TGFBR1	IL7	409
TGFBR1	KDR	476
TGFBR1	PIK3CA	635
TGFBR1	FGF2	542
TGFBR1	STAT3	519
TGFBR1	EGF	546
TGFBR1	FGF7	454
TGFBR1	TP53	522
TGFBR1	ERBB2	477
TGFBR1	WNT3A	426
TGFBR1	PPARG	639
TGFBR1	KIT	400
TGFBR1	ALB	453
TGFBR1	HSPA4	423
TGFBR1	CXCL11	404
TGFBR1	CASP3	466
TGFBR1	FGF5	418
TGFBR1	SOX2	403
TGFBR1	PDGFB	619
TGFBR1	SMAD3	999
TGFBR1	FGF3	418
TGFBR1	HSP90AA1	904
TGFBR1	CAV1	907
TGFBR1	SMAD4	998
TGFBR1	FN1	630
TGFBR1	IL6R	519
TGFBR1	XIAP	847
TGFBR1	RUNX2	675
TGFBR1	HSP90AB1	757
TGFBR1	PTEN	487
TGFBR1	MMP9	542
TGFBR1	TLR4	436
TGFBR1	KLF4	415
TGFBR1	EDN1	414
TGFBR1	FGF9	463
TGFBR1	ALK	882
TGFBR1	IGF1	459
TGFBR1	KEAP1	475
TGFBR1	MAPK8	433
TGFBR1	ITGB1	435
TGFBR1	INS	469
TGFBR1	BCL2	414
TGFBR1	SOS1	582
TGFBR1	CDKN1A	406
TGFBR1	IL6	505
TGFBR1	FGF13	418
TGFBR1	TNF	502
TGFBR1	FGF16	434
TGFBR1	RHOA	794
TGFBR1	SHC1	845
TGFBR1	ESR1	583
TGFBR1	PRKCA	506
TGFBR1	FGFR2	491
TGFBR1	CDKN2A	405
TGFBR1	PIK3R1	806
TGFBR1	IKBKB	704
TGFBR1	HIF1A	450
TGFBR1	VIM	408
TGFBR1	JAK1	540
TGFBR1	CTNNB1	859
TGFBR1	NOTCH1	626
TGFBR1	UBB	553
TGFBR1	ACTB	546
TGFBR1	PECAM1	425
AKT1	CD74	442
AKT1	CD4	839
AKT1	SNAI2	739
AKT1	TNFRSF1A	817
AKT1	FGF4	664
AKT1	NGFR	601
AKT1	LAG3	458
AKT1	MAPK1	988
AKT1	GZMB	512
AKT1	NFKBIA	849
AKT1	TIMP1	607
AKT1	MMP2	846
AKT1	RELB	514
AKT1	CD79A	400
AKT1	PIK3R2	971
AKT1	HGF	882
AKT1	MPO	546
AKT1	CSF3	543
AKT1	RPS6KB1	982
AKT1	CCL2	720
AKT1	COL1A1	697
AKT1	VTN	517
AKT1	CD38	656
AKT1	NFKB1	896
AKT1	SPI1	436
AKT1	CD69	447
AKT1	FGF6	661
AKT1	CDKN1B	996
AKT1	IFNG	817
AKT1	NANOG	622
AKT1	LOX	620
AKT1	IL4	699
AKT1	IL5	449
AKT1	NR3C1	791
AKT1	EGR1	833
AKT1	KLRK1	444
AKT1	TNFSF10	667
AKT1	FLT3	680
AKT1	TWIST1	609
AKT1	PLCG1	788
AKT1	BMP4	566
AKT1	CD68	537
AKT1	APOE	697
AKT1	EPO	633
AKT1	GFAP	623
AKT1	KRAS	904
AKT1	CCNB1	702
AKT1	NOTCH2	589
AKT1	PDGFRA	486
AKT1	NT5E	480
AKT1	CDK4	691
AKT1	MDM2	999
AKT1	POU5F1	750
AKT1	TLR2	704
AKT1	THBS1	587
AKT1	ITGAV	472
AKT1	CCND2	681
AKT1	VWF	545
AKT1	SCARB1	613
AKT1	PDGFRB	450
AKT1	SMAD2	918
AKT1	CD33	400
AKT1	AXIN1	912
AKT1	ITGA2B	622
AKT1	TYROBP	755
AKT1	MAPK3	957
AKT1	EP300	954
AKT1	IL1A	666
AKT1	IL1B	864
AKT1	CD81	683
AKT1	EPCAM	570
AKT1	IL7	525
AKT1	KDR	715
AKT1	PIK3CA	998
AKT1	CBL	775
AKT1	CD80	777
AKT1	FGF2	926
AKT1	IL11	476
AKT1	WNT5A	750
AKT1	STAT3	966
AKT1	ICAM1	704
AKT1	PPARGC1A	756
AKT1	SCARB2	588
AKT1	ZAP70	537
AKT1	LEF1	533
AKT1	EGF	933
AKT1	CD27	418
AKT1	ERBB3	854
AKT1	FGF7	686
AKT1	TP53	994
AKT1	ERBB2	552
AKT1	IFNA1	579
AKT1	IL18	581
AKT1	FLT1	610
AKT1	WNT3A	618
AKT1	CSF1R	604
AKT1	CXCL13	400
AKT1	PPARG	790
AKT1	KIT	818
AKT1	WNT4	602
AKT1	ACE	627
AKT1	CALM3	802
AKT1	CCR5	480
AKT1	STAT5B	810
AKT1	VCAM1	678
AKT1	REL	570
AKT1	CXCR1	472
AKT1	ALB	795
AKT1	CXCL5	436
AKT1	IL15	507
AKT1	ITGA2	460
AKT1	TLR3	557
AKT1	IL3	692
AKT1	MMP3	588
AKT1	ANPEP	608
AKT1	RUNX1	549
AKT1	NOD2	426
AKT1	AXL	576
AKT1	MAP2K1	490
AKT1	AXIN2	558
AKT1	HSPA4	964
AKT1	CALML6	713
AKT1	IRS1	972
AKT1	IL13	580
AKT1	CEBPB	622
AKT1	CXCL10	540
AKT1	FOS	746
AKT1	CXCL8	720
AKT1	CXCL11	404
AKT1	EIF2AK3	546
AKT1	CYCS	812
AKT1	PLG	556
AKT1	TERT	903
AKT1	CASP3	945
AKT1	FGF5	662
AKT1	HAVCR2	495
AKT1	LEP	825
AKT1	HNF4A	662
AKT1	CD19	675
AKT1	ANGPT2	653
AKT1	CALML3	719
AKT1	MET	408
AKT1	ICOS	420
AKT1	CALR	661
AKT1	MMP1	578
AKT1	SOX2	833
AKT1	HSPA5	971
AKT1	CD28	802
AKT1	PGR	683
AKT1	NOS2	976
AKT1	CSF1	584
AKT1	CASP9	989
AKT1	SOCS3	841
AKT1	PDGFB	782
AKT1	CD86	783
AKT1	SMAD3	996
AKT1	H3C13	792
AKT1	FGF3	664
AKT1	PDCD1	587
AKT1	HSP90AA1	999
AKT1	NLRP3	569
AKT1	CAV1	937
AKT1	H3-5	790
AKT1	STAT5A	870
AKT1	SMAD4	914
AKT1	ESR2	684
AKT1	E2F1	797
AKT1	PDGFA	453
AKT1	FN1	846
AKT1	TJP1	797
AKT1	CX3CR1	414
AKT1	CCL20	443
AKT1	H3C12	790
AKT1	DNMT1	822
AKT1	STAT1	961
AKT1	MTOR	999
AKT1	CXCL9	418
AKT1	CD47	474
AKT1	PARP1	825
AKT1	NES	602
AKT1	IL6R	505
AKT1	MCL1	867
AKT1	PRDM1	420
AKT1	FCGR1A	505
AKT1	NRAS	815
AKT1	DNTT	634
AKT1	XIAP	939
AKT1	ENTPD1	428
AKT1	RUNX2	785
AKT1	HSP90AB1	999
AKT1	PTEN	988
AKT1	MMP9	827
AKT1	PLAU	612
AKT1	HDAC1	758
AKT1	SRC	995
AKT1	CXCR3	430
AKT1	DKK1	554
AKT1	TLR4	769
AKT1	KLF4	784
AKT1	AR	895
AKT1	SYK	628
AKT1	TNFSF13B	453
AKT1	AIF1	510
AKT1	BMI1	593
AKT1	CYBB	994
AKT1	WT1	656
AKT1	GATA3	545
AKT1	EDN1	669
AKT1	FOXO1	999
AKT1	IFNA2	404
AKT1	IFNB1	713
AKT1	CALML5	719
AKT1	TLR7	505
AKT1	IRF4	681
AKT1	SDC1	702
AKT1	FGF9	689
AKT1	CD9	503
AKT1	SQSTM1	672
AKT1	TFRC	516
AKT1	ETS1	538
AKT1	IGF1	935
AKT1	BCL2L11	833
AKT1	KEAP1	724
AKT1	GPT	608
AKT1	SPP1	626
AKT1	CDK1	562
AKT1	MAPK8	706
AKT1	ITGB1	728
AKT1	NFE2L2	923
AKT1	INS	953
AKT1	PDCD1LG2	507
AKT1	ITGB2	456
AKT1	BCL2	993
AKT1	RELA	780
AKT1	BCL6	522
AKT1	SOS1	765
AKT1	CDKN1A	995
AKT1	PPARA	700
AKT1	IL6	872
AKT1	CD8A	811
AKT1	ACE2	487
AKT1	NFATC1	625
AKT1	ADIPOQ	712
AKT1	ERV3-1	437
AKT1	IGF2	693
AKT1	FGFR1	552
AKT1	FGF13	739
AKT1	TNF	907
AKT1	FGF16	687
AKT1	RHOA	904
AKT1	SHC1	771
AKT1	TGFA	764
AKT1	ESR1	913
AKT1	BDNF	835
AKT1	CDKN2A	866
AKT1	BRAF	783
AKT1	ERVW-1	464
AKT1	ERVFRD-1	437
AKT1	PROM1	668
AKT1	CXCL2	410
AKT1	PIK3R1	995
AKT1	ANGPT1	729
AKT1	IKBKB	990
AKT1	IDO1	512
AKT1	NTRK1	609
AKT1	TYK2	556
AKT1	GATA4	544
AKT1	HSPA8	850
AKT1	HIF1A	932
AKT1	VIM	779
AKT1	VEGFC	610
AKT1	PTPN11	762
AKT1	NCAM1	460
AKT1	SOCS1	565
AKT1	NOTCH1	887
AKT1	CTNNB1	979
AKT1	PECAM1	719
AKT1	CTLA4	811
AKT1	IL17A	623
AKT1	LOC102723407	471
AKT1	H3-7	790
AKT1	FAS	532
AKT1	SIRPA	457
AKT1	VAV1	949
AKT1	TLR5	445
AKT1	SELL	681
AKT1	ACTB	923
AKT1	BTK	610
AKT1	PIK3CB	992
AKT1	IL12RB1	501
AKT1	KITLG	733
AKT1	CCL4	451
ERBB3	SNAI2	401
ERBB3	TNFRSF1A	467
ERBB3	FGF4	848
ERBB3	GZMB	461
ERBB3	PIK3R2	990
ERBB3	HGF	952
ERBB3	FGF6	762
ERBB3	CDKN1B	417
ERBB3	NANOG	443
ERBB3	EGR1	608
ERBB3	PLCG1	959
ERBB3	KRAS	919
ERBB3	PDGFRA	460
ERBB3	CDK4	524
ERBB3	MDM2	591
ERBB3	POU5F1	479
ERBB3	THBS1	494
ERBB3	EPCAM	510
ERBB3	KDR	582
ERBB3	PIK3CA	993
ERBB3	CBL	732
ERBB3	FGF2	884
ERBB3	WNT5A	452
ERBB3	STAT3	905
ERBB3	EGF	999
ERBB3	UBB	536
ERBB3	IGF1	810
ERBB3	FGF16	773
ERBB3	ACTB	531
ERBB3	AXL	732
ERBB3	CASP3	467
ERBB3	BCL2	523
ERBB3	INS	864
ERBB3	STAT5A	404
ERBB3	ETS1	545
ERBB3	PARP1	505
ERBB3	SOS1	684
ERBB3	FGFR1	453
ERBB3	AR	636
ERBB3	CDKN1A	442
ERBB3	MCL1	422
ERBB3	MET	987
ERBB3	ESR1	652
ERBB3	ESR2	532
ERBB3	SHC1	999
ERBB3	IKBKB	451
ERBB3	SYK	660
ERBB3	IGF2	770
ERBB3	FGF3	764
ERBB3	PIK3CB	966
ERBB3	SRC	968
ERBB3	HSPA4	535
ERBB3	SMAD4	519
ERBB3	TP53	695
ERBB3	BDNF	734
ERBB3	HSP90AB1	839
ERBB3	HIF1A	433
ERBB3	PGR	608
ERBB3	HSP90AA1	916
ERBB3	FN1	407
ERBB3	KITLG	712
ERBB3	RHOA	704
ERBB3	ANGPT2	718
ERBB3	SOX2	409
ERBB3	FGF9	777
ERBB3	PTEN	826
ERBB3	PDGFA	726
ERBB3	ERVW-1	674
ERBB3	ALB	631
ERBB3	NRAS	833
ERBB3	FGF13	558
ERBB3	VEGFC	735
ERBB3	MAP2K1	559
ERBB3	TYK2	429
ERBB3	PDGFB	725
ERBB3	IRS1	870
ERBB3	PTPN11	828
ERBB3	MTOR	523
ERBB3	FGF5	757
ERBB3	BRAF	416
ERBB3	CSF1	705
ERBB3	KIT	557
ERBB3	VAV1	504
ERBB3	JAK1	947
ERBB3	ANGPT1	728
ERBB3	ERBB2	999
ERBB3	FGFR2	630
ERBB3	HLA-A	555
ERBB3	FGF7	771
ERBB3	HSPA5	559
ERBB3	CTNNB1	707
ERBB3	NTRK1	587
ERBB3	TGFA	998
ERBB3	PIK3R1	998
ERBB3	NOTCH1	446
ERBB3	CDKN2A	659
PPARA	NFKBIA	511
PPARA	TIMP1	415
PPARA	MMP2	531
PPARA	RPS6KB1	449
PPARA	CCL2	616
PPARA	NFKB1	581
PPARA	IFNG	574
PPARA	LOX	416
PPARA	IL4	442
PPARA	NR3C1	521
PPARA	EGR1	605
PPARA	CD68	410
PPARA	APOE	632
PPARA	TLR2	465
PPARA	SCARB1	896
PPARA	MAPK3	510
PPARA	EP300	829
PPARA	IL1A	473
PPARA	IL1B	711
PPARA	STAT3	573
PPARA	ICAM1	521
PPARA	PPARGC1A	999
PPARA	SCARB2	909
PPARA	TP53	541
PPARA	IL18	402
PPARA	PPARG	647
PPARA	ACE	539
PPARA	CALM3	595
PPARA	STAT5B	403
PPARA	VCAM1	567
PPARA	ALB	751
PPARA	TLR3	406
PPARA	MAP2K1	453
PPARA	CALML6	546
PPARA	IRS1	663
PPARA	CEBPB	740
PPARA	FOS	481
PPARA	CXCL8	431
PPARA	CYCS	529
PPARA	CASP3	572
PPARA	LEP	839
PPARA	CALML3	577
PPARA	HSPA5	438
PPARA	PGR	461
PPARA	SOCS3	427
PPARA	SMAD3	408
PPARA	HSP90AA1	811
PPARA	STAT5A	593
PPARA	ESR2	435
PPARA	STAT1	565
PPARA	MTOR	680
PPARA	PRKACB	945
PPARA	HSP90AB1	654
PPARA	PTEN	464
PPARA	MMP9	470
PPARA	SRC	608
PPARA	TLR4	634
PPARA	CYBB	420
PPARA	EDN1	454
PPARA	FOXO1	675
PPARA	CALML5	578
PPARA	IRF4	506
PPARA	IGF1	550
PPARA	KEAP1	466
PPARA	GPT	702
PPARA	MAPK8	420
PPARA	NFE2L2	590
PPARA	INS	898
PPARA	BCL2	649
PPARA	RELA	535
PPARA	ACTB	663
PPARA	TNF	810
PPARA	IKBKB	409
PPARA	ESR1	618
PPARA	IGF2	462
PPARA	ADIPOQ	914
PPARA	IL6	722
PPARA	BDNF	439
PPARA	HIF1A	761
PPARA	CTNNB1	473
PPARA	PRKCA	524
PPARA	PIK3R1	523
PLAU	SNAI2	450
PLAU	FGF4	402
PLAU	NFKBIA	419
PLAU	TIMP1	686
PLAU	MMP2	755
PLAU	CCL22	520
PLAU	CCL2	594
PLAU	COL1A1	411
PLAU	VTN	998
PLAU	NFKB1	462
PLAU	IFNG	430
PLAU	LOX	420
PLAU	APOE	558
PLAU	THBS1	738
PLAU	VWF	508
PLAU	MAPK3	495
PLAU	IL1A	545
PLAU	IL1B	765
PLAU	KDR	485
PLAU	FGF2	581
PLAU	WNT5A	427
PLAU	STAT3	536
PLAU	ICAM1	522
PLAU	EGF	860
PLAU	FGF7	448
PLAU	TP53	508
PLAU	ERBB2	570
PLAU	FLT1	476
PLAU	PPARG	504
PLAU	VCAM1	553
PLAU	ALB	708
PLAU	MMP3	764
PLAU	AXL	425
PLAU	MAP2K1	500
PLAU	IL13	550
PLAU	FOS	457
PLAU	CXCL8	765
PLAU	PLG	989
PLAU	CASP3	418
PLAU	FGF5	402
PLAU	ANGPT2	418
PLAU	MET	765
PLAU	MMP1	852
PLAU	PGR	448
PLAU	CSF1	406
PLAU	HSP90AA1	454
PLAU	CAV1	430
PLAU	FN1	838
PLAU	PTEN	403
PLAU	MMP9	871
PLAU	CTNNB1	537
PLAU	TGFA	458
PLAU	TYK2	591
PLAU	RHOA	658
PLAU	ITGB1	416
PLAU	VEGFC	504
PLAU	HIF1A	548
PLAU	IGF2	477
PLAU	CXCL2	593
PLAU	LOC102723407	503
PLAU	IL6	763
PLAU	SRC	568
PLAU	EDN1	650
PLAU	SPP1	544
PLAU	TNF	751
PLAU	ESR1	476
PLAU	IGF1	521
PLAU	ACTB	495
PLAU	BCL2	460
PLAU	PECAM1	477
PLAU	INS	436
PLAU	ETS1	431
SPN	CD74	412
SPN	CD4	770
SPN	LAG3	549
SPN	GZMB	588
SPN	CD79A	843
SPN	MPO	614
SPN	CD38	816
SPN	SPI1	463
SPN	CD69	667
SPN	IFNG	564
SPN	IL4	573
SPN	KLRK1	431
SPN	FLT3	518
SPN	CD68	764
SPN	NT5E	418
SPN	VWF	479
SPN	CD33	618
SPN	ITGA2B	579
SPN	ITGAE	672
SPN	CD81	415
SPN	IL7	704
SPN	CD80	571
SPN	ICAM1	977
SPN	ZAP70	496
SPN	CD27	813
SPN	FCGR2A	520
SPN	KIT	669
SPN	NCR1	407
SPN	CXCR5	481
SPN	VCAM1	571
SPN	ITGA2	408
SPN	IL3	474
SPN	RAG1	604
SPN	ANPEP	454
SPN	RUNX1	465
SPN	HAVCR2	546
SPN	AOC3	618
SPN	CD19	929
SPN	CD28	480
SPN	IL3RA	488
SPN	CD86	603
SPN	KLRD1	410
SPN	CD5	940
SPN	FN1	551
SPN	CX3CR1	426
SPN	CD3E	561
SPN	CD47	400
SPN	CR2	815
SPN	PRDM1	434
SPN	FCGR1A	425
SPN	CD2	817
SPN	DNTT	619
SPN	CXCR3	470
SPN	SYK	459
SPN	TNFSF13B	533
SPN	IRF4	493
SPN	SDC1	807
SPN	ALK	456
SPN	TFRC	684
SPN	ITGB1	401
SPN	ITGB2	722
SPN	BCL2	702
SPN	BCL6	706
SPN	IL6	437
SPN	CD8A	816
SPN	ERV3-1	550
SPN	TNF	516
SPN	ERVW-1	554
SPN	ERVFRD-1	548
SPN	PECAM1	716
SPN	VAV1	678
SPN	LOC102723407	747
SPN	NCAM1	643
SPN	BTK	535
SPN	CD48	695
SPN	ACTB	410
SPN	KITLG	431
SPN	CTLA4	570
SPN	SELL	791
SPN	FAS	503
SPN	CD1D	589
CCL22	CD4	720
CCL22	LAG3	474
CCL22	GZMB	448
CCL22	IL15	641
CCL22	FN1	577
CCL22	TGFA	441
CCL22	CCL4	772
CCL22	CCL20	831
CCL22	CXCR5	866
CCL22	CXCL11	735
CCL22	CD28	426
CCL22	TLR2	472
CCL22	CCL2	914
CCL22	IL3	544
CCL22	FGF2	649
CCL22	IRF4	454
CCL22	IFNA2	477
CCL22	TLR4	507
CCL22	TLR7	414
CCL22	CSF1R	484
CCL22	CXCL10	959
CCL22	ICOS	404
CCL22	IL17A	653
CCL22	STAT3	744
CCL22	IFNA1	448
CCL22	HAVCR2	490
CCL22	IL6	825
CCL22	ENTPD1	407
CCL22	IL4	832
CCL22	CXCL9	843
CCL22	EGF	505
CCL22	CXCL2	849
CCL22	CD209	427
CCL22	CD86	640
CCL22	IL7	768
CCL22	MMP9	674
CCL22	CCL11	866
CCL22	STAT1	666
CCL22	CD19	614
CCL22	CXCR6	840
CCL22	CSF1	608
CCL22	CXCL8	901
CCL22	CCR5	972
CCL22	CTLA4	705
CCL22	IL21R	525
CCL22	ITGAE	427
CCL22	CXCL5	874
CCL22	IL1B	816
CCL22	TNF	811
CCL22	PDCD1	637
CCL22	IL5	691
CCL22	PDCD1LG2	454
CCL22	CD79A	415
CCL22	IFNB1	436
CCL22	CXCR1	887
CCL22	CX3CR1	877
CCL22	CD8A	768
CCL22	CXCR3	941
CCL22	ICAM1	507
CCL22	CXCL13	778
CCL22	IL9	591
CCL22	ITGB1	421
CCL22	FGF13	586
CCL22	IDO1	611
CCL22	VCAM1	597
CCL22	SELL	423
CCL22	IL13	835
CCL22	CCL17	964
CCL22	IL18	706
CCL22	IL1A	771
CCL22	CCL19	947
CCL22	IFNG	765
CCL22	CD68	539
CCL22	NFKB1	409
CCL22	CD80	670
CCL22	CSF3	733
FGF3	CD4	429
FGF3	SNAI2	457
FGF3	FGF4	607
FGF3	NGFR	762
FGF3	MAPK1	567
FGF3	TIMP1	496
FGF3	MMP2	511
FGF3	PIK3R2	478
FGF3	HGF	870
FGF3	CSF3	592
FGF3	CCL2	602
FGF3	VTN	479
FGF3	NFKB1	418
FGF3	FGF6	505
FGF3	IFNG	579
FGF3	NANOG	537
FGF3	IL4	637
FGF3	IL5	465
FGF3	FLT3	796
FGF3	TWIST1	416
FGF3	PLCG1	609
FGF3	BMP4	685
FGF3	APOE	567
FGF3	EPO	465
FGF3	GFAP	526
FGF3	KRAS	703
FGF3	PDGFRA	856
FGF3	NT5E	492
FGF3	POU5F1	689
FGF3	THBS1	454
FGF3	VWF	463
FGF3	PDGFRB	891
FGF3	SMAD2	516
FGF3	AXIN1	430
FGF3	MAPK3	718
FGF3	IL1A	588
FGF3	IL1B	655
FGF3	IL7	474
FGF3	KDR	927
FGF3	PIK3CA	624
FGF3	CBL	595
FGF3	FGF2	552
FGF3	IL11	410
FGF3	WNT5A	461
FGF3	STAT3	549
FGF3	ICAM1	473
FGF3	LEF1	428
FGF3	EGF	988
FGF3	FGF7	643
FGF3	TP53	573
FGF3	ERBB2	832
FGF3	IL9	461
FGF3	FLT1	871
FGF3	WNT3A	558
FGF3	CSF1R	801
FGF3	PPARG	429
FGF3	KIT	853
FGF3	CALM3	601
FGF3	VCAM1	475
FGF3	ALB	753
FGF3	IL15	449
FGF3	MMP3	435
FGF3	WNT10B	580
FGF3	CCL11	474
FGF3	AXIN2	459
FGF3	CALML6	593
FGF3	IRS1	528
FGF3	IL13	520
FGF3	CXCL10	513
FGF3	FOS	426
FGF3	CXCL8	751
FGF3	PLG	512
FGF3	TERT	597
FGF3	CASP3	473
FGF3	FGF5	646
FGF3	LEP	436
FGF3	HNF4A	438
FGF3	ANGPT2	518
FGF3	CALML3	606
FGF3	MET	865
FGF3	MMP1	403
FGF3	SOX2	610
FGF3	CSF1	416
FGF3	PDGFB	653
FGF3	SMAD3	459
FGF3	BDNF	755
FGF3	IL17A	506
FGF3	SMAD4	447
FGF3	SPP1	525
FGF3	EDN1	511
FGF3	SRC	527
FGF3	PIK3CB	478
FGF3	ADIPOQ	597
FGF3	FGFR3	978
FGF3	IL6	698
FGF3	IGF2	631
FGF3	KITLG	515
FGF3	CCL4	447
FGF3	PAX6	521
FGF3	FN1	797
FGF3	ERVFRD-1	507
FGF3	ERV3-1	505
FGF3	HIF1A	582
FGF3	RUNX2	550
FGF3	INS	825
FGF3	BCL2	452
FGF3	PECAM1	728
FGF3	CD9	418
FGF3	ACTB	515
FGF3	PROM1	507
FGF3	FGF16	456
FGF3	IGF1	763
FGF3	UBB	507
FGF3	SHC1	561
FGF3	ESR2	402
FGF3	ESR1	489
FGF3	AR	445
FGF3	FGFR1	999
FGF3	SOS1	546
FGF3	TNF	652
FGF3	NCAM1	582
FGF3	KLF4	441
FGF3	NES	582
FGF3	FGFR2	999
FGF3	ANGPT1	588
FGF3	CALML5	593
FGF3	CDKN2A	431
FGF3	NOTCH1	494
FGF3	PIK3R1	518
FGF3	TGFA	583
FGF3	NTRK1	887
FGF3	CTNNB1	664
FGF3	VEGFC	708
FGF3	SDC1	761
FGF3	NRAS	636
FGF3	ERVW-1	516
FGF3	CD8A	418
FGF3	ITGB1	435
FGF3	PDGFA	631
FGF3	FGF9	663
FGF3	PTEN	476
FGF3	RHOA	425
FGF3	GATA4	466
FGF3	BRAF	401
FGF3	MTOR	491
FGF3	PTPN11	618
FGF3	DKK1	528
FGF3	MMP9	596
ESR1	CD4	550
ESR1	SNAI2	593
ESR1	FGF4	457
ESR1	NGFR	542
ESR1	MAPK1	987
ESR1	NFKBIA	471
ESR1	MMP2	580
ESR1	RELB	531
ESR1	CD79A	463
ESR1	PIK3R2	637
ESR1	HGF	411
ESR1	MPO	500
ESR1	RPS6KB1	955
ESR1	CCL2	656
ESR1	COL1A1	443
ESR1	NFKB1	957
ESR1	FGF6	476
ESR1	CDKN1B	571
ESR1	IFNG	552
ESR1	NANOG	516
ESR1	LOX	514
ESR1	IL4	439
ESR1	NR3C1	896
ESR1	EGR1	679
ESR1	TWIST1	811
ESR1	CD68	420
ESR1	APOE	479
ESR1	KRAS	764
ESR1	CCNB1	585
ESR1	NOTCH2	594
ESR1	PDGFRA	467
ESR1	CDK4	718
ESR1	MDM2	946
ESR1	POU5F1	678
ESR1	CCND2	517
ESR1	SCARB1	613
ESR1	PDGFRB	451
ESR1	SMAD2	830
ESR1	AXIN1	831
ESR1	MAPK3	981
ESR1	EP300	997
ESR1	IL1A	476
ESR1	IL1B	820
ESR1	EPCAM	544
ESR1	KDR	688
ESR1	PIK3CA	941
ESR1	FGF2	522
ESR1	WNT5A	416
ESR1	STAT3	930
ESR1	ICAM1	421
ESR1	PPARGC1A	980
ESR1	ZAP70	486
ESR1	LEF1	533
ESR1	EGF	802
ESR1	FGF7	506
ESR1	TP53	992
ESR1	ERBB2	976
ESR1	FLT1	435
ESR1	PPARG	794
ESR1	KIT	592
ESR1	WNT4	510
ESR1	ACE	507
ESR1	CALM3	995
ESR1	STAT5B	512
ESR1	VCAM1	477
ESR1	REL	740
ESR1	ALB	796
ESR1	MMP3	409
ESR1	RUNX1	837
ESR1	MAP2K1	521
ESR1	AXIN2	503
ESR1	HSPA4	931
ESR1	CALML6	979
ESR1	IRS1	903
ESR1	CEBPB	908
ESR1	FOS	999
ESR1	CXCL8	507
ESR1	EIF2AK3	453
ESR1	CYCS	541
ESR1	TERT	553
ESR1	CASP3	692
ESR1	FGF5	480
ESR1	LEP	806
ESR1	HNF4A	628
ESR1	CALML3	981
ESR1	MET	680
ESR1	CALR	475
ESR1	MMP1	410
ESR1	SOX2	539
ESR1	HSPA5	668
ESR1	PGR	974
ESR1	CASP9	537
ESR1	SOCS3	486
ESR1	SMAD3	840
ESR1	H3C13	807
ESR1	HSP90AA1	999
ESR1	CAV1	998
ESR1	FGFR3	614
ESR1	H3-5	613
ESR1	STAT5A	768
ESR1	SMAD4	833
ESR1	ESR2	998
ESR1	E2F1	713
ESR1	FN1	969
ESR1	H3C12	799
ESR1	DNMT1	625
ESR1	STAT1	915
ESR1	MTOR	745
ESR1	PARP1	746
ESR1	MCL1	653
ESR1	FCGR1A	820
ESR1	NRAS	466
ESR1	PRKACB	956
ESR1	XIAP	639
ESR1	RUNX2	942
ESR1	HSP90AB1	993
ESR1	PTEN	807
ESR1	MMP9	772
ESR1	HDAC1	998
ESR1	SRC	999
ESR1	DKK1	416
ESR1	TLR4	441
ESR1	KLF4	489
ESR1	AR	981
ESR1	BMI1	420
ESR1	WT1	736
ESR1	GATA3	982
ESR1	EDN1	441
ESR1	FOXO1	919
ESR1	CALML5	979
ESR1	SDC1	463
ESR1	FGF9	484
ESR1	ALK	525
ESR1	SQSTM1	697
ESR1	ETS1	403
ESR1	IGF1	964
ESR1	BCL2L11	470
ESR1	GPT	440
ESR1	SPP1	510
ESR1	CDK1	544
ESR1	MAPK8	964
ESR1	ITGB1	411
ESR1	NFE2L2	449
ESR1	INS	841
ESR1	BCL2	897
ESR1	RELA	978
ESR1	BCL6	564
ESR1	CDKN1A	842
ESR1	IL6	792
ESR1	CD8A	543
ESR1	ACE2	619
ESR1	ADIPOQ	551
ESR1	IGF2	734
ESR1	FGFR1	555
ESR1	FGF13	429
ESR1	TNF	652
ESR1	FGF16	471
ESR1	RHOA	506
ESR1	SHC1	990
ESR1	TGFA	691
ESR1	IL17A	403
ESR1	BDNF	562
ESR1	HIF1A	948
ESR1	H3-7	630
ESR1	CCL4	414
ESR1	PROM1	440
ESR1	ACTB	947
ESR1	VIM	512
ESR1	PECAM1	492
ESR1	IKBKB	413
ESR1	CTLA4	418
ESR1	VAV1	407
ESR1	FGFR2	774
ESR1	CTNNB1	965
ESR1	NTRK1	720
ESR1	CDKN2A	667
ESR1	NOTCH1	642
ESR1	PIK3R1	994
ESR1	PRKCA	433
ESR1	HSPA8	919
ESR1	PTPN11	574
ESR1	BRAF	746
ESR1	GATA4	615
CDKN2A	CD4	565
CDKN2A	SNAI2	475
CDKN2A	FGF4	444
CDKN2A	MAPK1	846
CDKN2A	MMP2	474
CDKN2A	HGF	544
CDKN2A	RPS6KB1	467
CDKN2A	CCL2	449
CDKN2A	NFKB1	571
CDKN2A	CDKN1B	930
CDKN2A	IFNG	504
CDKN2A	NANOG	485
CDKN2A	LOX	531
CDKN2A	EGR1	576
CDKN2A	FLT3	725
CDKN2A	TWIST1	487
CDKN2A	GFAP	400
CDKN2A	KRAS	992
CDKN2A	CCNB1	772
CDKN2A	NOTCH2	560
CDKN2A	PDGFRA	730
CDKN2A	CDK4	999
CDKN2A	MDM2	999
CDKN2A	POU5F1	510
CDKN2A	THBS1	667
CDKN2A	CCND2	990
CDKN2A	PDGFRB	530
CDKN2A	SMAD2	608
CDKN2A	AXIN1	487
CDKN2A	MAPK3	651
CDKN2A	EP300	859
CDKN2A	IL1A	488
CDKN2A	IL1B	526
CDKN2A	EPCAM	507
CDKN2A	KDR	537
CDKN2A	PIK3CA	791
CDKN2A	FGF2	486
CDKN2A	STAT3	617
CDKN2A	LEF1	675
CDKN2A	EGF	596
CDKN2A	TP53	999
CDKN2A	ERBB2	773
CDKN2A	CSF1R	432
CDKN2A	PPARG	508
CDKN2A	KIT	669
CDKN2A	STAT5B	408
CDKN2A	REL	430
CDKN2A	ALB	511
CDKN2A	MMP3	433
CDKN2A	RUNX1	698
CDKN2A	MAP2K1	618
CDKN2A	AXIN2	606
CDKN2A	HSPA4	448
CDKN2A	IRS1	408
CDKN2A	CEBPB	691
CDKN2A	FOS	489
CDKN2A	CXCL8	514
CDKN2A	CYCS	460
CDKN2A	TERT	817
CDKN2A	CASP3	615
CDKN2A	HNF4A	421
CDKN2A	MET	562
CDKN2A	MMP1	412
CDKN2A	SOX2	706
CDKN2A	PGR	572
CDKN2A	CASP9	452
CDKN2A	PDGFB	408
CDKN2A	SMAD3	806
CDKN2A	H3C13	813
CDKN2A	PDCD1	447
CDKN2A	HSP90AA1	541
CDKN2A	CAV1	406
CDKN2A	FGFR3	775
CDKN2A	H3-5	642
CDKN2A	STAT5A	421
CDKN2A	SMAD4	851
CDKN2A	E2F1	969
CDKN2A	FN1	557
CDKN2A	H3C12	828
CDKN2A	DNMT1	703
CDKN2A	STAT1	441
CDKN2A	MTOR	615
CDKN2A	PARP1	597
CDKN2A	NES	470
CDKN2A	MCL1	544
CDKN2A	NRAS	984
CDKN2A	XIAP	545
CDKN2A	RUNX2	423
CDKN2A	HSP90AB1	539
CDKN2A	PTEN	923
CDKN2A	MMP9	513
CDKN2A	HDAC1	794
CDKN2A	SRC	745
CDKN2A	KLF4	509
CDKN2A	AR	617
CDKN2A	BMI1	913
CDKN2A	WT1	623
CDKN2A	GATA3	646
CDKN2A	FOXO1	483
CDKN2A	ALK	664
CDKN2A	ETS1	786
CDKN2A	IGF1	515
CDKN2A	BCL2L11	541
CDKN2A	KEAP1	510
CDKN2A	CDK1	818
CDKN2A	MAPK8	838
CDKN2A	NFE2L2	745
CDKN2A	INS	584
CDKN2A	PDCD1LG2	419
CDKN2A	BCL2	717
CDKN2A	RELA	851
CDKN2A	BCL6	507
CDKN2A	CDKN1A	966
CDKN2A	IL6	621
CDKN2A	CD8A	579
CDKN2A	IGF2	582
CDKN2A	FGFR1	610
CDKN2A	TNF	572
CDKN2A	RHOA	605
CDKN2A	FGFR2	592
CDKN2A	GATA4	502
CDKN2A	PTPN11	665
CDKN2A	CTNNB1	930
CDKN2A	NOTCH1	723
CDKN2A	SOCS1	600
CDKN2A	NCAM1	436
CDKN2A	JAK1	462
CDKN2A	CTLA4	507
CDKN2A	VIM	420
CDKN2A	PECAM1	450
CDKN2A	H3-7	643
CDKN2A	LOC102723407	717
CDKN2A	BRAF	892
CDKN2A	PIK3R1	525
CDKN2A	NTRK1	508
CDKN2A	VAV1	514
CDKN2A	IKBKB	545
CDKN2A	ACTB	683
CDKN2A	PROM1	447
CDKN2A	UBB	558
CDKN2A	HIF1A	956
CDKN2A	PAX6	563
CDKN2A	PIK3CB	457
SRC	CD4	728
SRC	SNAI2	574
SRC	TNFRSF1A	934
SRC	FGF4	526
SRC	MAPK1	932
SRC	GZMB	612
SRC	NFKBIA	797
SRC	MMP2	972
SRC	RELB	441
SRC	CD79A	642
SRC	PIK3R2	959
SRC	HGF	867
SRC	CSF3	403
SRC	RPS6KB1	502
SRC	CCL2	733
SRC	VTN	733
SRC	NFKB1	756
SRC	FGF6	517
SRC	CDKN1B	838
SRC	IFNG	607
SRC	NANOG	430
SRC	LOX	509
SRC	IL4	509
SRC	NR3C1	447
SRC	EGR1	465
SRC	KLRK1	546
SRC	FLT3	649
SRC	TWIST1	506
SRC	PLCG1	936
SRC	APOE	592
SRC	EPO	455
SRC	KRAS	990
SRC	CCNB1	437
SRC	NOTCH2	415
SRC	PDGFRA	954
SRC	CDK4	592
SRC	MDM2	882
SRC	POU5F1	407
SRC	TLR2	697
SRC	THBS1	516
SRC	ITGAV	946
SRC	CCND2	619
SRC	VWF	676
SRC	SCARB1	834
SRC	PDGFRB	999
SRC	SMAD2	612
SRC	CD33	449
SRC	AXIN1	517
SRC	ITGA2B	959
SRC	TYROBP	843
SRC	MAPK3	944
SRC	ITGAE	707
SRC	EP300	959
SRC	IL1A	517
SRC	IL1B	653
SRC	KDR	998
SRC	PIK3CA	984
SRC	CBL	999
SRC	CD80	666
SRC	FGF2	606
SRC	IL11	426
SRC	WNT5A	431
SRC	STAT3	999
SRC	ICAM1	643
SRC	PPARGC1A	549
SRC	SCARB2	703
SRC	ZAP70	629
SRC	EGF	922
SRC	FGF7	553
SRC	TP53	884
SRC	ERBB2	999
SRC	FCGR2A	963
SRC	IFNA1	451
SRC	IL18	405
SRC	FLT1	534
SRC	CSF1R	833
SRC	CXCL13	626
SRC	PPARG	736
SRC	KIT	802
SRC	CALM3	858
SRC	CXCR5	602
SRC	CCR5	673
SRC	STAT5B	900
SRC	VCAM1	551
SRC	REL	460
SRC	CXCR1	677
SRC	ALB	655
SRC	CXCL5	632
SRC	ITGA2	812
SRC	TLR3	755
SRC	IL3	505
SRC	RUNX1	943
SRC	AXL	983
SRC	MAP2K1	794
SRC	HSPA4	858
SRC	CALML6	927
SRC	IRS1	977
SRC	IL13	400
SRC	CEBPB	456
SRC	CXCL10	668
SRC	FOS	986
SRC	CXCL8	781
SRC	CXCL11	623
SRC	CYCS	567
SRC	CCL19	618
SRC	PLG	482
SRC	TERT	412
SRC	CASP3	685
SRC	FGF5	518
SRC	LEP	539
SRC	HNF4A	750
SRC	CD19	434
SRC	CALML3	927
SRC	MET	993
SRC	MMP1	406
SRC	SOX2	460
SRC	HSPA5	492
SRC	CD28	784
SRC	PGR	937
SRC	CSF1	910
SRC	CASP9	657
SRC	SOCS3	605
SRC	PDGFB	669
SRC	CD86	633
SRC	SMAD3	562
SRC	H3C13	486
SRC	PDCD1	425
SRC	HSP90AA1	999
SRC	NLRP3	530
SRC	CAV1	999
SRC	FGFR3	923
SRC	H3-5	486
SRC	STAT5A	900
SRC	SMAD4	725
SRC	ESR2	995
SRC	E2F1	465
SRC	PDGFA	590
SRC	FN1	945
SRC	TJP1	988
SRC	CX3CR1	754
SRC	CCL20	625
SRC	H3C12	486
SRC	DNMT1	443
SRC	STAT1	936
SRC	MTOR	793
SRC	CD3E	407
SRC	CXCL9	643
SRC	CD47	669
SRC	PARP1	599
SRC	IL6R	937
SRC	MCL1	607
SRC	FCGR1A	772
SRC	CD2	405
SRC	NRAS	970
SRC	XIAP	483
SRC	RUNX2	507
SRC	HSP90AB1	995
SRC	PTEN	837
SRC	MMP9	970
SRC	CSF3R	402
SRC	HDAC1	430
SRC	CDKN1A	697
SRC	IKBKB	918
SRC	SHC1	999
SRC	CTLA4	730
SRC	SYK	999
SRC	CXCR6	589
SRC	TNF	904
SRC	NFATC1	611
SRC	FGFR1	680
SRC	SOS1	962
SRC	AR	985
SRC	INS	886
SRC	PECAM1	948
SRC	CXCR3	630
SRC	BCL2	860
SRC	ETS1	588
SRC	FGF16	532
SRC	IGF1	850
SRC	UBB	707
SRC	PROM1	603
SRC	ACTB	774
SRC	ALK	813
SRC	KITLG	667
SRC	CCL4	633
SRC	FOXO1	507
SRC	GATA3	511
SRC	H3-7	486
SRC	HIF1A	872
SRC	ITGB2	904
SRC	EDN1	678
SRC	PIK3CB	967
SRC	RELA	535
SRC	NFE2L2	432
SRC	SPP1	536
SRC	IL17A	473
SRC	BDNF	688
SRC	IGF2	418
SRC	KEAP1	406
SRC	SQSTM1	624
SRC	CXCL2	616
SRC	IL6	787
SRC	TFRC	409
SRC	PTPN11	998
SRC	CDK1	659
SRC	BRAF	842
SRC	TYK2	524
SRC	FAS	807
SRC	SIRPA	713
SRC	IFNB1	449
SRC	PDCD1LG2	406
SRC	ITGB1	986
SRC	BCL2L11	748
SRC	ERVW-1	406
SRC	CD8A	735
SRC	HSPA8	451
SRC	VEGFC	469
SRC	SDC1	416
SRC	FGF13	449
SRC	RHOA	992
SRC	FGF9	528
SRC	TGFA	731
SRC	NTRK1	511
SRC	NOTCH1	720
SRC	PRKCA	867
SRC	PIK3R1	998
SRC	CALML5	927
SRC	ACE2	562
SRC	CTNNB1	999
SRC	VAV1	872
SRC	MAPK8	959
SRC	TLR4	880
SRC	ANGPT1	414
SRC	KLF4	462
SRC	NCAM1	601
SRC	FGFR2	958
SRC	CD1D	474
SRC	SOCS1	685
SRC	CYBB	721
IL6	CD74	509
IL6	CD4	966
IL6	SNAI2	493
IL6	TNFRSF1A	997
IL6	FGF4	701
IL6	NGFR	434
IL6	LAG3	598
IL6	MAPK1	936
IL6	GZMB	677
IL6	NFKBIA	927
IL6	TIMP1	938
IL6	MMP2	847
IL6	CCL17	806
IL6	RELB	686
IL6	HGF	860
IL6	MPO	872
IL6	CSF3	988
IL6	RPS6KB1	597
IL6	CCL2	985
IL6	COL1A1	630
IL6	VTN	654
IL6	CD38	788
IL6	NFKB1	994
IL6	SPI1	547
IL6	IL10RA	956
IL6	CD69	720
IL6	FGF6	702
IL6	CDKN1B	434
IL6	IFNG	983
IL6	NANOG	515
IL6	LOX	627
IL6	IL4	986
IL6	IL5	977
IL6	NR3C1	630
IL6	EGR1	778
IL6	KLRK1	580
IL6	TNFSF10	582
IL6	FLT3	583
IL6	TWIST1	463
IL6	BMP4	694
IL6	CD68	839
IL6	APOE	835
IL6	EPO	727
IL6	GFAP	782
IL6	KRAS	823
IL6	CCNB1	609
IL6	NOTCH2	419
IL6	PDGFRA	817
IL6	NT5E	648
IL6	CDK4	506
IL6	MDM2	448
IL6	POU5F1	541
IL6	TLR2	942
IL6	THBS1	772
IL6	ITGAV	420
IL6	CCND2	455
IL6	VWF	716
IL6	SCARB1	710
IL6	PDGFRB	894
IL6	SMAD2	648
IL6	CD33	606
IL6	ITGA2B	513
IL6	TYROBP	451
IL6	MAPK3	905
IL6	ITGAE	608
IL6	EP300	480
IL6	IL1A	989
IL6	IL1B	996
IL6	CD81	575
IL6	EPCAM	510
IL6	IL7	983
IL6	KDR	656
IL6	PIK3CA	442
IL6	CBL	771
IL6	CD80	847
IL6	FGF2	882
IL6	IL11	959
IL6	WNT5A	531
IL6	STAT3	984
IL6	ICAM1	947
IL6	PPARGC1A	670
IL6	SCARB2	709
IL6	ZAP70	439
IL6	EGF	890
IL6	CD27	610
IL6	FGF7	740
IL6	TP53	777
IL6	ERBB2	752
IL6	IFNAR1	872
IL6	FCGR2A	656
IL6	IL9	990
IL6	IFNA1	927
IL6	IL18	970
IL6	FLT1	604
IL6	WNT3A	448
IL6	CSF1R	779
IL6	CXCL13	726
IL6	PPARG	820
IL6	KIT	781
IL6	ACE	776
IL6	CALM3	482
IL6	NCR1	479
IL6	CXCR5	700
IL6	CCR5	831
IL6	STAT5B	807
IL6	VCAM1	921
IL6	REL	682
IL6	CXCR1	868
IL6	ALB	926
IL6	CXCL5	862
IL6	IL15	884
IL6	ITGA2	454
IL6	TLR3	889
IL6	IL3	998
IL6	RAG1	594
IL6	MMP3	887
IL6	ANPEP	488
IL6	RUNX1	464
IL6	NOD2	805
IL6	AXL	568
IL6	CCL11	814
IL6	MAP2K1	821
IL6	HSPA4	790
IL6	CALML6	474
IL6	IRS1	704
IL6	IL13	957
IL6	CEBPB	896
IL6	CXCL10	960
IL6	FOS	891
IL6	CXCL8	991
IL6	CXCL11	735
IL6	EIF2AK3	624
IL6	CYCS	776
IL6	CCL19	840
IL6	PLG	682
IL6	TERT	479
IL6	CASP3	881
IL6	FGF5	702
IL6	HAVCR2	749
IL6	TLR8	821
IL6	AOC3	603
IL6	LEP	919
IL6	HNF4A	471
IL6	CD19	836
IL6	ANGPT2	750
IL6	CALML3	477
IL6	CD209	742
IL6	MET	856
IL6	ICOS	643
IL6	CALR	531
IL6	MMP1	854
IL6	SOX2	528
IL6	HSPA5	736
IL6	CD28	790
IL6	PGR	483
IL6	NOS2	781
IL6	CSF1	827
IL6	IL3RA	889
IL6	CASP9	785
IL6	SOCS3	947
IL6	PDGFB	512
IL6	CD86	862
IL6	SMAD3	664
IL6	H3C13	748
IL6	PDCD1	635
IL6	HSP90AA1	738
IL6	NLRP3	860
IL6	IL21R	929
IL6	KLRD1	420
IL6	CAV1	714
IL6	H3-5	746
IL6	STAT5A	823
IL6	SMAD4	704
IL6	CD5	830
IL6	ESR2	554
IL6	E2F1	418
IL6	PDGFA	642
IL6	FN1	900
IL6	TJP1	698
IL6	CX3CR1	680
IL6	CCL20	935
IL6	H3C12	746
IL6	DNMT1	528
IL6	STAT1	972
IL6	MTOR	772
IL6	CD3E	654
IL6	CXCL9	815
IL6	CD47	544
IL6	PARP1	571
IL6	CR2	505
IL6	IFNGR1	926
IL6	NES	484
IL6	IL6R	999
IL6	MCL1	637
IL6	PRDM1	503
IL6	FCGR1A	723
IL6	CD2	602
IL6	PRKACB	602
IL6	DNTT	604
IL6	XIAP	506
IL6	ENTPD1	582
IL6	RUNX2	738
IL6	HSP90AB1	735
IL6	PTEN	681
IL6	MMP9	959
IL6	CSF3R	899
IL6	HDAC1	481
IL6	CXCR3	759
IL6	DKK1	575
IL6	TLR4	973
IL6	KLF4	634
IL6	AR	576
IL6	SYK	638
IL6	TNFSF13B	740
IL6	AIF1	777
IL6	CYBB	708
IL6	GATA3	674
IL6	EDN1	765
IL6	FOXO1	736
IL6	IFNA2	903
IL6	IFNB1	922
IL6	CALML5	478
IL6	TLR7	888
IL6	IRF4	633
IL6	SDC1	630
IL6	FGF9	703
IL6	CD9	540
IL6	ALK	426
IL6	SQSTM1	449
IL6	TFRC	616
IL6	ETS1	416
IL6	IGF1	913
IL6	BCL2L11	508
IL6	KEAP1	617
IL6	GPT	828
IL6	SPP1	748
IL6	CDK1	613
IL6	MAPK8	938
IL6	ITGB1	704
IL6	HLA-A	501
IL6	NFE2L2	812
IL6	INS	933
IL6	PDCD1LG2	673
IL6	ITGB2	640
IL6	BCL2	868
IL6	RELA	986
IL6	BCL6	609
IL6	CDKN1A	633
IL6	H3-7	748
IL6	HIF1A	800
IL6	ERV3-1	594
IL6	ERVFRD-1	594
IL6	CD48	412
IL6	KITLG	921
IL6	CCL4	933
IL6	IGF2	507
IL6	IL12RB1	920
IL6	CXCL2	966
IL6	LOC102723407	497
IL6	ADIPOQ	890
IL6	BDNF	846
IL6	IL17A	980
IL6	TNF	994
IL6	NFATC1	604
IL6	BTK	568
IL6	SHC1	400
IL6	IKBKB	736
IL6	CTLA4	815
IL6	CXCR6	413
IL6	FGF16	703
IL6	UBB	428
IL6	PROM1	580
IL6	ACTB	847
IL6	PECAM1	709
IL6	VIM	495
IL6	SELL	722
IL6	IDO1	791
IL6	ACE2	838
IL6	TLR5	824
IL6	CTNNB1	813
IL6	TGFA	691
IL6	NTRK1	505
IL6	NOTCH1	589
IL6	PRKCA	466
IL6	PIK3R1	582
IL6	CD1D	622
IL6	SOCS1	748
IL6	TNFAIP3	831
IL6	JAK1	996
IL6	ANGPT1	593
IL6	NCAM1	639
IL6	TYK2	986
IL6	FAS	613
IL6	SIRPA	511
IL6	PTPN11	790
IL6	BRAF	507
IL6	RHOA	601
IL6	ERVW-1	609
IL6	CD8A	930
IL6	VEGFC	754
IL6	FGF13	638
CXCR1	CD74	484
CXCR1	CD4	565
CXCR1	TNFRSF1A	602
CXCR1	GZMB	424
CXCR1	CCL17	874
CXCR1	MPO	517
CXCR1	CSF3	487
CXCR1	CCL2	996
CXCR1	NFKB1	428
CXCR1	IL10RA	589
CXCR1	IFNG	599
CXCR1	IL4	448
CXCR1	PDGFRA	534
CXCR1	TLR2	694
CXCR1	PDGFRB	517
CXCR1	MAPK3	402
CXCR1	IL1A	662
CXCR1	IL1B	879
CXCR1	KDR	609
CXCR1	CD80	425
CXCR1	STAT3	473
CXCR1	ICAM1	680
CXCR1	ERBB2	602
CXCR1	FCGR2A	632
CXCR1	IL9	472
CXCR1	IL18	592
CXCR1	FLT1	589
CXCR1	CSF1R	423
CXCR1	CXCL13	987
CXCR1	CXCR5	877
CXCR1	CCR5	871
CXCR1	VCAM1	413
CXCR1	CXCL8	999
CXCR1	CCL11	804
CXCR1	MMP9	605
CXCR1	PDCD1LG2	419
CXCR1	CD8A	695
CXCR1	CCL19	922
CXCR1	TLR8	448
CXCR1	CCL20	890
CXCR1	NCAM1	428
CXCR1	FCGR1A	568
CXCR1	TLR4	571
CXCR1	CXCR6	827
CXCR1	CD86	450
CXCR1	CD209	460
CXCR1	CX3CR1	790
CXCR1	CALR	512
CXCR1	CXCL5	999
CXCR1	TNF	625
CXCR1	IL13	530
CXCR1	SELL	604
CXCR1	PECAM1	447
CXCR1	CXCR3	943
CXCR1	CXCL11	900
CXCR1	CCL4	895
CXCR1	IL15	415
CXCR1	CSF3R	643
CXCR1	ANPEP	641
CXCR1	IL17A	509
CXCR1	CXCL10	989
CXCR1	IL6R	481
CXCR1	ITGB2	711
CXCR1	IL12RB1	529
CXCR1	CXCL2	998
CXCR1	CXCL9	905
CDKN1A	CD4	409
CDKN1A	SNAI2	461
CDKN1A	MAPK1	732
CDKN1A	NFKBIA	524
CDKN1A	TIMP1	426
CDKN1A	MMP2	476
CDKN1A	RPS6KB1	475
CDKN1A	CCL2	490
CDKN1A	COL1A1	585
CDKN1A	NFKB1	751
CDKN1A	CDKN1B	982
CDKN1A	IFNG	442
CDKN1A	NANOG	470
CDKN1A	LOX	576
CDKN1A	EGR1	701
CDKN1A	KRAS	579
CDKN1A	CCNB1	977
CDKN1A	NOTCH2	597
CDKN1A	CDK4	999
CDKN1A	MDM2	980
CDKN1A	POU5F1	620
CDKN1A	THBS1	508
CDKN1A	CCND2	999
CDKN1A	SMAD2	542
CDKN1A	MAPK3	608
CDKN1A	EP300	920
CDKN1A	IL1A	432
CDKN1A	IL1B	536
CDKN1A	PIK3CA	445
CDKN1A	FGF2	446
CDKN1A	STAT3	984
CDKN1A	ICAM1	423
CDKN1A	EGF	570
CDKN1A	TP53	999
CDKN1A	ERBB2	588
CDKN1A	PPARG	448
CDKN1A	KIT	434
CDKN1A	STAT5B	887
CDKN1A	ALB	447
CDKN1A	RUNX1	478
CDKN1A	MAP2K1	454
CDKN1A	CALML6	548
CDKN1A	CEBPB	500
CDKN1A	FOS	753
CDKN1A	CXCL8	480
CDKN1A	EIF2AK3	521
CDKN1A	CYCS	799
CDKN1A	TERT	507
CDKN1A	CASP3	996
CDKN1A	CALML3	551
CDKN1A	SOX2	520
CDKN1A	HSPA5	467
CDKN1A	PGR	555
CDKN1A	NOS2	540
CDKN1A	CASP9	713
CDKN1A	SOCS3	614
CDKN1A	SMAD3	918
CDKN1A	H3C13	638
CDKN1A	HSP90AA1	909
CDKN1A	CAV1	603
CDKN1A	H3-5	638
CDKN1A	STAT5A	848
CDKN1A	SMAD4	940
CDKN1A	E2F1	977
CDKN1A	FN1	462
CDKN1A	H3C12	638
CDKN1A	DNMT1	543
CDKN1A	STAT1	765
CDKN1A	MTOR	521
CDKN1A	PARP1	856
CDKN1A	MCL1	849
CDKN1A	NRAS	468
CDKN1A	XIAP	478
CDKN1A	RUNX2	700
CDKN1A	HSP90AB1	831
CDKN1A	PTEN	792
CDKN1A	MMP9	514
CDKN1A	HDAC1	903
CDKN1A	KLF4	548
CDKN1A	AR	480
CDKN1A	BMI1	645
CDKN1A	FOXO1	818
CDKN1A	CALML5	551
CDKN1A	IRF4	560
CDKN1A	SQSTM1	560
CDKN1A	ETS1	533
CDKN1A	IGF1	506
CDKN1A	BCL2L11	726
CDKN1A	KEAP1	605
CDKN1A	CDK1	998
CDKN1A	MAPK8	808
CDKN1A	NFE2L2	750
CDKN1A	INS	522
CDKN1A	BCL2	820
CDKN1A	RELA	745
CDKN1A	BCL6	636
CDKN1A	ACTB	709
CDKN1A	UBB	627
CDKN1A	PROM1	403
CDKN1A	VIM	763
CDKN1A	TNF	567
CDKN1A	ADIPOQ	491
CDKN1A	PIK3CB	432
CDKN1A	HIF1A	609
CDKN1A	H3-7	638
CDKN1A	RHOA	659
CDKN1A	FAS	490
CDKN1A	BRAF	508
CDKN1A	TNFAIP3	422
CDKN1A	JAK1	562
CDKN1A	CTNNB1	625
CDKN1A	PIK3R1	575
CDKN1A	NOTCH1	680
CDKN1A	SEM1	400
FGF9	CD4	423
FGF9	SNAI2	493
FGF9	FGF4	562
FGF9	NGFR	766
FGF9	MAPK1	585
FGF9	TIMP1	522
FGF9	MMP2	518
FGF9	PIK3R2	478
FGF9	HGF	865
FGF9	CSF3	599
FGF9	CCL2	611
FGF9	VTN	464
FGF9	NFKB1	418
FGF9	FGF6	515
FGF9	IFNG	585
FGF9	NANOG	530
FGF9	LOX	417
FGF9	IL4	545
FGF9	IL5	464
FGF9	FLT3	800
FGF9	TWIST1	452
FGF9	PLCG1	637
FGF9	BMP4	818
FGF9	APOE	569
FGF9	EPO	490
FGF9	GFAP	482
FGF9	KRAS	700
FGF9	PDGFRA	865
FGF9	NT5E	472
FGF9	POU5F1	695
FGF9	THBS1	501
FGF9	VWF	464
FGF9	PDGFRB	893
FGF9	SMAD2	539
FGF9	AXIN1	427
FGF9	MAPK3	741
FGF9	IL1A	597
FGF9	IL1B	672
FGF9	IL7	479
FGF9	KDR	928
FGF9	PIK3CA	571
FGF9	CBL	622
FGF9	FGF2	578
FGF9	IL11	434
FGF9	WNT5A	490
FGF9	STAT3	567
FGF9	ICAM1	471
FGF9	LEF1	458
FGF9	EGF	988
FGF9	FGF7	529
FGF9	TP53	542
FGF9	ERBB2	829
FGF9	IL9	462
FGF9	FLT1	874
FGF9	WNT3A	551
FGF9	CSF1R	801
FGF9	PPARG	455
FGF9	KIT	855
FGF9	WNT4	610
FGF9	CALM3	606
FGF9	VCAM1	478
FGF9	ALB	746
FGF9	IL15	467
FGF9	IL3	412
FGF9	MMP3	444
FGF9	CCL11	491
FGF9	AXIN2	476
FGF9	CALML6	592
FGF9	IRS1	537
FGF9	IL13	521
FGF9	CXCL10	514
FGF9	FOS	445
FGF9	CXCL8	753
FGF9	PLG	507
FGF9	CASP3	490
FGF9	FGF5	423
FGF9	LEP	447
FGF9	HNF4A	470
FGF9	ANGPT2	522
FGF9	CALML3	597
FGF9	MET	865
FGF9	MMP1	405
FGF9	SOX2	607
FGF9	CSF1	433
FGF9	PDGFB	671
FGF9	SMAD3	482
FGF9	FGFR3	999
FGF9	SMAD4	484
FGF9	PDGFA	448
FGF9	FN1	798
FGF9	MTOR	490
FGF9	CXCL9	410
FGF9	NES	580
FGF9	NRAS	627
FGF9	RUNX2	556
FGF9	PTEN	477
FGF9	MMP9	601
FGF9	DKK1	507
FGF9	KLF4	454
FGF9	AR	418
FGF9	WT1	500
FGF9	EDN1	520
FGF9	CALML5	597
FGF9	SDC1	761
FGF9	ANGPT1	585
FGF9	FGFR2	999
FGF9	PIK3R1	514
FGF9	NOTCH1	437
FGF9	TGFA	592
FGF9	NTRK1	887
FGF9	CTNNB1	692
FGF9	VEGFC	696
FGF9	ITGB1	439
FGF9	CD8A	418
FGF9	ERVW-1	517
FGF9	RHOA	450
FGF9	GATA4	748
FGF9	PTPN11	636
FGF9	SPP1	533
FGF9	BDNF	769
FGF9	IL17A	507
FGF9	PIK3CB	472
FGF9	ADIPOQ	602
FGF9	IGF2	645
FGF9	CCL4	474
FGF9	KITLG	512
FGF9	ERVFRD-1	507
FGF9	PAX6	514
FGF9	HIF1A	603
FGF9	ERV3-1	505
FGF9	BCL2	448
FGF9	PECAM1	742
FGF9	INS	814
FGF9	ACTB	546
FGF9	CD9	441
FGF9	IGF1	772
FGF9	UBB	507
FGF9	FGF16	415
FGF9	PROM1	514
FGF9	SHC1	587
FGF9	TNF	647
FGF9	SOS1	578
FGF9	FGFR1	999
CD47	CD74	600
CD47	CD4	623
CD47	LAG3	755
CD47	GZMB	425
CD47	CCL2	482
CD47	VTN	603
CD47	CD38	529
CD47	IFNG	589
CD47	IL4	450
CD47	KLRK1	460
CD47	CD68	534
CD47	APOE	546
CD47	NT5E	642
CD47	TLR2	783
CD47	THBS1	999
CD47	ITGAV	773
CD47	SCARB1	994
CD47	CD33	679
CD47	TYROBP	631
CD47	IL1B	535
CD47	CD81	487
CD47	EPCAM	545
CD47	KDR	940
CD47	CD80	531
CD47	STAT3	479
CD47	ICAM1	543
CD47	SCARB2	994
CD47	TP53	668
CD47	ERBB2	507
CD47	FCGR2A	473
CD47	CSF1R	537
CD47	KIT	444
CD47	VCAM1	422
CD47	ALB	711
CD47	IL15	619
CD47	ITGA2	488
CD47	MMP3	449
CD47	ANPEP	411
CD47	AXL	413
CD47	CXCL8	412
CD47	HAVCR2	621
CD47	CD19	570
CD47	CALR	774
CD47	CD28	476
CD47	CSF1	507
CD47	IL3RA	508
CD47	CD86	548
CD47	PDCD1	728
CD47	CAV1	561
CD47	FN1	703
CD47	CX3CR1	917
CD47	STAT1	442
CD47	ITGB2	701
CD47	ERVFRD-1	661
CD47	KITLG	469
CD47	CD48	406
CD47	ERV3-1	645
CD47	HIF1A	406
CD47	PECAM1	700
CD47	SELL	566
CD47	IDO1	564
CD47	PROM1	480
CD47	CD9	736
CD47	CTLA4	641
CD47	TNF	566
CD47	TLR4	768
CD47	NCAM1	414
CD47	ENTPD1	481
CD47	CTNNB1	510
CD47	ERVW-1	661
CD47	CD8A	644
CD47	ITGB1	812
CD47	TFRC	404
CD47	PTPN11	849
CD47	MMP9	453
CD47	GATA4	406
CD47	PDCD1LG2	546
CD47	SIRPA	999
CXCL5	CD4	613
CXCL5	NFKBIA	420
CXCL5	TIMP1	590
CXCL5	MMP2	400
CXCL5	CCL17	875
CXCL5	HGF	438
CXCL5	MPO	453
CXCL5	CSF3	823
CXCL5	CCL2	891
CXCL5	NFKB1	455
CXCL5	IFNG	803
CXCL5	IL4	616
CXCL5	IL5	552
CXCL5	NR3C1	512
CXCL5	TLR2	478
CXCL5	THBS1	598
CXCL5	SCARB1	546
CXCL5	IL1A	815
CXCL5	IL1B	771
CXCL5	IL7	669
CXCL5	CD80	412
CXCL5	FGF2	455
CXCL5	IL11	682
CXCL5	STAT3	509
CXCL5	ICAM1	683
CXCL5	SCARB2	543
CXCL5	LEF1	433
CXCL5	EGF	668
CXCL5	IL9	489
CXCL5	IFNA1	418
CXCL5	IL18	519
CXCL5	CXCL13	902
CXCL5	CXCR5	906
CXCL5	CCR5	891
CXCL5	VCAM1	519
CXCL5	CXCL11	978
CXCL5	CCL4	899
CXCL5	CCL20	999
CXCL5	FN1	401
CXCL5	IL15	509
CXCL5	IL3	464
CXCL5	SPP1	464
CXCL5	ANGPT1	584
CXCL5	IL17A	794
CXCL5	CXCL10	974
CXCL5	FGFR2	416
CXCL5	TLR4	506
CXCL5	CXCL2	998
CXCL5	CXCL9	693
CXCL5	CTLA4	403
CXCL5	CXCL8	951
CXCL5	CSF1	601
CXCL5	CXCR6	793
CXCL5	STAT1	448
CXCL5	CCL11	998
CXCL5	MMP9	830
CXCL5	CD86	498
CXCL5	CX3CR1	781
CXCL5	IFNB1	430
CXCL5	TNF	717
CXCL5	MMP1	729
CXCL5	IL13	606
CXCL5	IDO1	456
CXCL5	PECAM1	476
CXCL5	CXCR3	923
CXCL5	MMP3	696
CXCL5	CD8A	580
CXCL5	AXL	529
CXCL5	FOS	453
CXCL5	CCL19	880
CD9	CD4	829
CD9	TNFRSF1A	542
CD9	MMP2	412
CD9	CCL2	642
CD9	CD38	648
CD9	CD69	447
CD9	FGF6	424
CD9	IFNG	500
CD9	NANOG	452
CD9	IL4	410
CD9	KLRK1	580
CD9	CD68	412
CD9	APOE	429
CD9	GFAP	549
CD9	NT5E	721
CD9	POU5F1	474
CD9	ITGAV	718
CD9	VWF	614
CD9	SCARB1	681
CD9	PDGFRB	540
CD9	CD33	496
CD9	ITGA2B	814
CD9	IL1B	495
CD9	CD81	997
CD9	EPCAM	943
CD9	CD80	494
CD9	FGF2	465
CD9	STAT3	450
CD9	ICAM1	912
CD9	SCARB2	787
CD9	EGF	802
CD9	FGF7	471
CD9	TP53	400
CD9	KIT	693
CD9	VCAM1	759
CD9	ALB	602
CD9	ITGA2	568
CD9	ANPEP	702
CD9	HSPA4	947
CD9	CASP3	444
CD9	CD19	912
CD9	MET	492
CD9	MMP1	556
CD9	SOX2	427
CD9	CD28	722
CD9	CD86	666
CD9	HSP90AA1	871
CD9	CAV1	572
CD9	CD5	498
CD9	FN1	711
CD9	CXCL9	524
CD9	CR2	666
CD9	FCGR1A	450
CD9	CD2	449
CD9	NRAS	422
CD9	HSP90AB1	821
CD9	PTEN	436
CD9	MMP9	480
CD9	TLR4	419
CD9	SDC1	606
CD9	TFRC	825
CD9	SIRPA	412
CD9	ITGB1	989
CD9	HSPA8	753
CD9	CD8A	698
CD9	ERVW-1	588
CD9	PRKCA	678
CD9	NOTCH1	454
CD9	CTNNB1	836
CD9	HLA-A	466
CD9	ACE2	457
CD9	NCAM1	571
CD9	CD1D	636
CD9	TNF	541
CD9	PECAM1	827
CD9	INS	413
CD9	VIM	539
CD9	ACTB	617
CD9	FGF16	593
CD9	PROM1	480
CD9	ERVFRD-1	588
CD9	ERV3-1	582
CD9	SPP1	421
CD9	ITGB2	439
CD9	LOC102723407	503
CXCR5	CD4	909
CXCR5	TNFRSF1A	403
CXCR5	LAG3	548
CXCR5	GZMB	736
CXCR5	CCL17	873
CXCR5	CD79A	657
CXCR5	CSF3	463
CXCR5	CCL2	872
CXCR5	CD38	855
CXCR5	CD69	708
CXCR5	IFNG	802
CXCR5	IL4	790
CXCR5	IL5	512
CXCR5	TLR2	419
CXCR5	ITGAE	540
CXCR5	IL1B	552
CXCR5	IL7	750
CXCR5	CD80	662
CXCR5	STAT3	549
CXCR5	ICAM1	631
CXCR5	CD27	804
CXCR5	FCGR2A	460
CXCR5	IL9	403
CXCR5	IFNA1	416
CXCR5	CXCL13	999
CXCR5	RAG1	614
CXCR5	CXCL10	970
CXCR5	IL6R	439
CXCR5	IL17A	691
CXCR5	NCAM1	505
CXCR5	ICOS	950
CXCR5	TLR7	531
CXCR5	TLR4	426
CXCR5	AOC3	570
CXCR5	LOC102723407	473
CXCR5	CXCL2	758
CXCR5	CXCL9	960
CXCR5	IL12RB1	469
CXCR5	ENTPD1	486
CXCR5	CD1D	501
CXCR5	HAVCR2	596
CXCR5	CD28	704
CXCR5	CXCL11	880
CXCR5	CCL20	903
CXCR5	CCL4	860
CXCR5	KITLG	400
CXCR5	CD5	653
CXCR5	IL15	497
CXCR5	IRF4	687
CXCR5	GATA3	636
CXCR5	IL13	516
CXCR5	STAT5B	440
CXCR5	STAT5A	435
CXCR5	PRDM1	697
CXCR5	SDC1	677
CXCR5	SELL	746
CXCR5	VCAM1	451
CXCR5	CXCR3	799
CXCR5	BCL2	594
CXCR5	CD8A	855
CXCR5	ERVW-1	532
CXCR5	TNFSF13B	629
CXCR5	CR2	797
CXCR5	CCL19	999
CXCR5	BCL6	894
CXCR5	CTLA4	671
CXCR5	CCR5	771
CXCR5	CXCL8	792
CXCR5	CXCR6	737
CXCR5	CD19	895
CXCR5	CSF1	514
CXCR5	SYK	404
CXCR5	CCL11	753
CXCR5	STAT1	432
CXCR5	BTK	436
CXCR5	CD3E	517
CXCR5	TFRC	595
CXCR5	CD86	683
CXCR5	CD2	485
CXCR5	CX3CR1	731
CXCR5	PDCD1	714
CXCR5	PDCD1LG2	453
CXCR5	TNF	604
CXCR5	FAS	676
CXCR5	IL21R	842
HDAC1	CD4	438
HDAC1	SNAI2	924
HDAC1	NGFR	476
HDAC1	MAPK1	534
HDAC1	NFKBIA	599
HDAC1	NFKB1	996
HDAC1	SPI1	765
HDAC1	CDKN1B	408
HDAC1	IFNG	420
HDAC1	NANOG	719
HDAC1	NR3C1	929
HDAC1	EGR1	859
HDAC1	TWIST1	734
HDAC1	CCNB1	586
HDAC1	CDK4	636
HDAC1	MDM2	963
HDAC1	POU5F1	896
HDAC1	THBS1	555
HDAC1	ITGAV	437
HDAC1	SMAD2	980
HDAC1	ITGA2B	540
HDAC1	MAPK3	480
HDAC1	EP300	999
HDAC1	IL1B	435
HDAC1	STAT3	984
HDAC1	PPARGC1A	414
HDAC1	LEF1	966
HDAC1	EGF	400
HDAC1	TP53	999
HDAC1	ERBB2	439
HDAC1	PPARG	857
HDAC1	STAT5B	559
HDAC1	REL	410
HDAC1	ALB	448
HDAC1	RUNX1	998
HDAC1	HSPA4	921
HDAC1	IRS1	525
HDAC1	CEBPB	991
HDAC1	FOS	823
HDAC1	CYCS	400
HDAC1	TERT	688
HDAC1	CASP3	738
HDAC1	HNF4A	426
HDAC1	SOX2	966
HDAC1	PGR	400
HDAC1	CASP9	412
HDAC1	SMAD3	980
HDAC1	H3C13	984
HDAC1	HSP90AA1	764
HDAC1	H3-5	967
HDAC1	STAT5A	556
HDAC1	SMAD4	972
HDAC1	E2F1	999
HDAC1	H3C12	986
HDAC1	DNMT1	999
HDAC1	STAT1	969
HDAC1	MTOR	467
HDAC1	PARP1	900
HDAC1	PRDM1	785
HDAC1	NRAS	585
HDAC1	RUNX2	879
HDAC1	HSP90AB1	751
HDAC1	PTEN	516
HDAC1	AR	964
HDAC1	TNF	510
HDAC1	NFATC1	654
HDAC1	SHC1	472
HDAC1	IKBKB	556
HDAC1	SYK	426
HDAC1	ACTB	766
HDAC1	ETS1	408
HDAC1	INS	464
HDAC1	BCL2	558
HDAC1	VIM	432
HDAC1	HIF1A	983
HDAC1	H3-7	969
HDAC1	GATA3	911
HDAC1	FOXO1	728
HDAC1	PAX6	558
HDAC1	NFE2L2	614
HDAC1	BDNF	726
HDAC1	IL17A	509
HDAC1	RELA	998
HDAC1	TYK2	553
HDAC1	CDK1	840
HDAC1	GATA4	456
HDAC1	BMI1	718
HDAC1	BCL6	935
HDAC1	BCL2L11	422
HDAC1	ITGB1	484
HDAC1	CTNNB1	985
HDAC1	NOTCH1	790
HDAC1	KLF4	735
HDAC1	MAPK8	488
GPT	CD4	720
GPT	NFKBIA	458
GPT	TIMP1	667
GPT	HGF	456
GPT	MPO	661
GPT	CSF3	570
GPT	CCL2	641
GPT	COL1A1	486
GPT	NFKB1	457
GPT	IFNG	707
GPT	IL4	571
GPT	CD68	514
GPT	APOE	507
GPT	EPO	489
GPT	KRAS	408
GPT	VWF	457
GPT	SCARB1	506
GPT	MAPK3	401
GPT	IL1A	576
GPT	IL1B	774
GPT	STAT3	480
GPT	ICAM1	492
GPT	PPARGC1A	517
GPT	SCARB2	448
GPT	TP53	507
GPT	ERBB2	447
GPT	IFNA1	696
GPT	IL18	523
GPT	PPARG	626
GPT	KIT	400
GPT	ACE	720
GPT	VCAM1	577
GPT	ALB	928
GPT	HSPA4	441
GPT	IRS1	451
GPT	CXCL10	507
GPT	CXCL8	577
GPT	CYCS	600
GPT	CASP3	699
GPT	LEP	713
GPT	CD19	447
GPT	HSPA5	447
GPT	CASP9	455
GPT	PDCD1	447
GPT	MTOR	476
GPT	PARP1	408
GPT	DNTT	580
GPT	MMP9	460
GPT	TLR4	605
GPT	IFNA2	667
GPT	IFNB1	475
GPT	ALK	603
GPT	IGF1	518
GPT	KEAP1	447
GPT	CD8A	670
GPT	CTNNB1	444
GPT	ACE2	673
GPT	NCAM1	406
GPT	TNF	791
GPT	CTLA4	447
GPT	ACTB	682
GPT	IDO1	409
GPT	INS	884
GPT	BCL2	603
GPT	PECAM1	416
GPT	HIF1A	456
GPT	CCL4	478
GPT	ADIPOQ	728
GPT	NFE2L2	572
GPT	IL17A	527
FLT1	CD4	436
FLT1	FGF4	874
FLT1	NGFR	534
FLT1	MAPK1	462
FLT1	TIMP1	445
FLT1	MMP2	731
FLT1	PIK3R2	748
FLT1	HGF	908
FLT1	CSF3	618
FLT1	CCL2	791
FLT1	FGF6	875
FLT1	IFNG	466
FLT1	LOX	602
FLT1	IL4	402
FLT1	FLT3	519
FLT1	PLCG1	724
FLT1	APOE	570
FLT1	EPO	436
FLT1	KRAS	519
FLT1	NOTCH2	493
FLT1	PDGFRA	456
FLT1	THBS1	544
FLT1	VWF	695
FLT1	SCARB1	567
FLT1	PDGFRB	550
FLT1	IL1A	449
FLT1	IL1B	536
FLT1	IL7	519
FLT1	KDR	994
FLT1	PIK3CA	887
FLT1	CBL	689
FLT1	FGF2	993
FLT1	STAT3	734
FLT1	ICAM1	583
FLT1	EGF	902
FLT1	FGF7	918
FLT1	TP53	696
FLT1	ERBB2	590
FLT1	IRS1	719
FLT1	SIRPA	472
FLT1	PDGFB	911
FLT1	CSF1	866
FLT1	FGF5	871
FLT1	MTOR	480
FLT1	CXCL8	851
FLT1	PTPN11	775
FLT1	MMP9	779
FLT1	PDGFA	876
FLT1	FOS	574
FLT1	PTEN	501
FLT1	ANGPT2	983
FLT1	VEGFC	999
FLT1	FGF13	879
FLT1	ALB	519
FLT1	CD8A	464
FLT1	ITGB1	722
FLT1	CTNNB1	799
FLT1	PPARG	607
FLT1	NOTCH1	481
FLT1	PIK3R1	909
FLT1	PLG	501
FLT1	TGFA	803
FLT1	TLR3	531
FLT1	NCAM1	464
FLT1	NES	420
FLT1	FGFR2	431
FLT1	ANGPT1	984
FLT1	CSF1R	548
FLT1	FGFR1	555
FLT1	TNF	610
FLT1	MMP1	409
FLT1	SYK	445
FLT1	SHC1	828
FLT1	CTLA4	433
FLT1	CASP3	452
FLT1	ACTB	524
FLT1	PROM1	505
FLT1	FGF16	874
FLT1	IGF1	899
FLT1	XIAP	514
FLT1	ETS1	441
FLT1	CAV1	573
FLT1	INS	804
FLT1	CXCR3	491
FLT1	PECAM1	824
FLT1	BCL2	496
FLT1	HIF1A	735
FLT1	KITLG	877
FLT1	FN1	588
FLT1	HSP90AA1	581
FLT1	ERVFRD-1	468
FLT1	CXCL9	511
FLT1	IGF2	850
FLT1	HSP90AB1	573
FLT1	BDNF	769
FLT1	IL6R	582
FLT1	ANPEP	588
FLT1	SPP1	456
FLT1	HSPA4	570
FLT1	RELA	480
FLT1	EDN1	552
FLT1	PIK3CB	908
SOCS1	CD4	619
SOCS1	NFKBIA	522
SOCS1	PIK3R2	667
SOCS1	CSF3	697
SOCS1	CCL2	545
SOCS1	NFKB1	702
SOCS1	SPI1	473
SOCS1	IFNG	917
SOCS1	IL4	795
SOCS1	IL5	404
SOCS1	FLT3	619
SOCS1	EPO	534
SOCS1	KRAS	619
SOCS1	TLR2	524
SOCS1	CCND2	551
SOCS1	EP300	576
SOCS1	IL1A	495
SOCS1	IL1B	643
SOCS1	IL7	420
SOCS1	PIK3CA	686
SOCS1	CD80	473
SOCS1	STAT3	944
SOCS1	ICAM1	657
SOCS1	ZAP70	776
SOCS1	TP53	839
SOCS1	ERBB2	557
SOCS1	IFNAR1	988
SOCS1	IFNA1	799
SOCS1	IL18	418
SOCS1	CSF1R	590
SOCS1	PPARG	400
SOCS1	KIT	775
SOCS1	STAT5B	926
SOCS1	REL	410
SOCS1	IL15	672
SOCS1	TLR3	546
SOCS1	IL3	565
SOCS1	NOD2	405
SOCS1	AXL	843
SOCS1	MAP2K1	441
SOCS1	IRS1	983
SOCS1	IL13	497
SOCS1	CEBPB	486
SOCS1	CXCL10	757
SOCS1	FOS	629
SOCS1	CXCL8	460
SOCS1	CXCL11	420
SOCS1	CASP3	410
SOCS1	TLR8	666
SOCS1	LEP	413
SOCS1	MET	515
SOCS1	CSF1	474
SOCS1	SOCS3	969
SOCS1	CD86	465
SOCS1	PDCD1	636
SOCS1	FGFR3	498
SOCS1	STAT5A	927
SOCS1	DNMT1	400
SOCS1	STAT1	966
SOCS1	CXCL9	493
SOCS1	IFNGR1	972
SOCS1	IL6R	429
SOCS1	MCL1	423
SOCS1	PRDM1	437
SOCS1	NRAS	481
SOCS1	PTEN	568
SOCS1	CSF3R	674
SOCS1	TLR4	634
SOCS1	SYK	803
SOCS1	GATA3	419
SOCS1	IFNA2	784
SOCS1	IFNB1	823
SOCS1	TLR7	527
SOCS1	IRF4	542
SOCS1	IGF1	452
SOCS1	INS	428
SOCS1	BCL2	671
SOCS1	RELA	812
SOCS1	BCL6	511
SOCS1	CD8A	742
SOCS1	IGF2	571
SOCS1	TNF	675
SOCS1	BRAF	655
SOCS1	PIK3R1	819
SOCS1	IKBKB	415
SOCS1	IDO1	513
SOCS1	TYK2	999
SOCS1	HIF1A	605
SOCS1	IL12RB1	424
SOCS1	VAV1	829
SOCS1	UBB	505
SOCS1	TNFAIP3	588
SOCS1	PTPN11	718
SOCS1	ACTB	471
SOCS1	CTNNB1	465
SOCS1	KITLG	562
SOCS1	JAK1	999
SOCS1	CTLA4	477
SOCS1	PIK3CB	608
SOCS1	IL17A	529
NES	SNAI2	488
NES	FGF4	619
NES	NGFR	641
NES	MMP2	402
NES	HGF	407
NES	CCL2	406
NES	FGF6	575
NES	IFNG	493
NES	NANOG	825
NES	LOX	541
NES	BMP4	667
NES	CD68	456
NES	GFAP	886
NES	NOTCH2	431
NES	PDGFRA	750
NES	NT5E	640
NES	POU5F1	835
NES	ITGAV	464
NES	VWF	461
NES	PDGFRB	651
NES	MAPK3	502
NES	IL1B	450
NES	EPCAM	406
NES	KDR	605
NES	FGF2	836
NES	STAT3	543
NES	EGF	789
NES	FGF7	569
NES	TP53	594
NES	WNT3A	433
NES	KIT	587
NES	WNT4	405
NES	VCAM1	468
NES	ALB	661
NES	ANPEP	403
NES	FOS	485
NES	TERT	422
NES	CASP3	737
NES	FGF5	626
NES	MET	425
NES	SOX2	891
NES	PDGFB	495
NES	H3C13	540
NES	FGFR3	545
NES	H3-5	513
NES	FN1	630
NES	TJP1	652
NES	H3C12	521
NES	NCAM1	665
NES	KLF4	673
NES	ANGPT1	446
NES	CTNNB1	626
NES	NTRK1	470
NES	NOTCH1	705
NES	RHOA	420
NES	PTEN	556
NES	DNTT	402
NES	ITGB1	607
NES	FGF13	628
NES	BMI1	720
NES	MMP9	402
NES	DKK1	421
NES	GATA4	607
NES	KEAP1	621
NES	IL6R	428
NES	BDNF	759
NES	SPP1	480
NES	HIF1A	546
NES	H3-7	538
NES	PAX6	859
NES	KITLG	532
NES	PROM1	829
NES	AIF1	619
NES	IGF1	611
NES	FGF16	579
NES	ACTB	659
NES	VIM	867
NES	BCL2	448
NES	PECAM1	695
NES	INS	614
NES	RUNX2	450
NES	FGFR1	440
NES	TNF	436
H3-7	CD4	540
H3-7	SNAI2	441
H3-7	MAPK1	406
H3-7	NFKBIA	562
H3-7	RELB	420
H3-7	MPO	888
H3-7	RPS6KB1	454
H3-7	CCL2	426
H3-7	NFKB1	678
H3-7	SPI1	447
H3-7	CDKN1B	474
H3-7	IFNG	501
H3-7	NANOG	728
H3-7	LOX	407
H3-7	IL4	417
H3-7	NR3C1	430
H3-7	EGR1	501
H3-7	GFAP	489
H3-7	KRAS	453
H3-7	CCNB1	697
H3-7	CDK4	567
H3-7	MDM2	532
H3-7	POU5F1	645
H3-7	TLR2	632
H3-7	CCND2	440
H3-7	VWF	551
H3-7	SMAD2	463
H3-7	MAPK3	609
H3-7	EP300	849
H3-7	IL1B	554
H3-7	FGF2	489
H3-7	STAT3	622
H3-7	PPARGC1A	475
H3-7	LEF1	406
H3-7	EGF	598
H3-7	TP53	863
H3-7	ERBB2	504
H3-7	PPARG	503
H3-7	KIT	440
H3-7	CALM3	450
H3-7	STAT5B	407
H3-7	REL	461
H3-7	ALB	699
H3-7	TLR3	567
H3-7	RUNX1	496
H3-7	MAP2K1	641
H3-7	HSPA4	704
H3-7	CALML6	420
H3-7	CEBPB	466
H3-7	FOS	626
H3-7	CXCL8	443
H3-7	EIF2AK3	433
H3-7	CYCS	485
H3-7	TERT	520
H3-7	CASP3	753
H3-7	HNF4A	484
H3-7	CALML3	448
H3-7	SOX2	633
H3-7	HSPA5	401
H3-7	PGR	432
H3-7	CASP9	466
H3-7	SMAD3	463
H3-7	H3C13	903
H3-7	HSP90AA1	735
H3-7	H3-5	871
H3-7	STAT5A	420
H3-7	SMAD4	406
H3-7	E2F1	707
H3-7	FN1	455
H3-7	H3C12	944
H3-7	DNMT1	997
H3-7	STAT1	483
H3-7	MTOR	485
H3-7	PARP1	670
H3-7	MCL1	435
H3-7	PRKACB	407
H3-7	DNTT	463
H3-7	XIAP	400
H3-7	RUNX2	453
H3-7	HSP90AB1	734
H3-7	PTEN	600
H3-7	MMP9	681
H3-7	TLR4	688
H3-7	KLF4	550
H3-7	AR	590
H3-7	BMI1	781
H3-7	WT1	405
H3-7	GATA3	476
H3-7	FOXO1	549
H3-7	CALML5	448
H3-7	IRF4	445
H3-7	IGF1	412
H3-7	BCL2L11	433
H3-7	KEAP1	400
H3-7	CDK1	700
H3-7	MAPK8	400
H3-7	NFE2L2	419
H3-7	INS	598
H3-7	BCL2	631
H3-7	RELA	715
H3-7	BCL6	412
H3-7	CD8A	448
H3-7	IGF2	431
H3-7	TNF	711
H3-7	BDNF	527
H3-7	BRAF	458
H3-7	IKBKB	612
H3-7	GATA4	531
H3-7	HSPA8	429
H3-7	HIF1A	592
H3-7	PECAM1	454
H3-7	LOC102723407	594
H3-7	UBB	940
H3-7	PAX6	556
H3-7	ACTB	812
H3-7	CTNNB1	681
H3-7	NOTCH1	486
TNFAIP3	CD4	464
TNFAIP3	TNFRSF1A	998
TNFAIP3	NFKBIA	870
TNFAIP3	RELB	713
TNFAIP3	CD79A	467
TNFAIP3	CCL2	558
TNFAIP3	NFKB1	908
TNFAIP3	IL10RA	439
TNFAIP3	CD69	572
TNFAIP3	IFNG	497
TNFAIP3	EGR1	411
TNFAIP3	TNFSF10	505
TNFAIP3	NOTCH2	404
TNFAIP3	TLR2	509
TNFAIP3	AXIN1	556
TNFAIP3	IL1A	606
TNFAIP3	IL1B	782
TNFAIP3	STAT3	628
TNFAIP3	ICAM1	691
TNFAIP3	TP53	708
TNFAIP3	REL	668
TNFAIP3	TLR3	412
TNFAIP3	RUNX1	486
TNFAIP3	NOD2	854
TNFAIP3	CEBPB	584
TNFAIP3	CXCL10	548
TNFAIP3	FOS	450
TNFAIP3	CXCL8	738
TNFAIP3	SOCS3	558
TNFAIP3	NLRP3	450
TNFAIP3	CCL20	698
TNFAIP3	STAT1	549
TNFAIP3	MTOR	583
TNFAIP3	PRDM1	610
TNFAIP3	XIAP	654
TNFAIP3	TLR4	540
TNFAIP3	TNFSF13B	463
TNFAIP3	FOXO1	521
TNFAIP3	IFNB1	442
TNFAIP3	TLR7	448
TNFAIP3	IRF4	496
TNFAIP3	SQSTM1	435
TNFAIP3	ETS1	422
TNFAIP3	BCL2	469
TNFAIP3	RELA	699
TNFAIP3	BCL6	490
TNFAIP3	CD8A	424
TNFAIP3	TNF	999
TNFAIP3	CXCL2	718
TNFAIP3	IKBKB	887
TNFAIP3	TYK2	492
TNFAIP3	UBB	953
TNFAIP3	IL17A	484
TNFAIP3	CCL4	502
TNFAIP3	CTLA4	467
TNFAIP3	BTK	481
TNFAIP3	CTNNB1	468
CD79A	CD74	514
CD79A	CD4	753
CD79A	LAG3	445
CD79A	GZMB	562
CD79A	MPO	650
CD79A	IRF4	684
CD79A	CD48	403
CD79A	CD5	866
CD79A	FN1	509
CD79A	ALK	691
CD79A	LOC102723407	965
CD79A	CXCL9	988
CD79A	ZAP70	714
CD79A	SPI1	498
CD79A	ANPEP	584
CD79A	CD27	877
CD79A	TP53	468
CD79A	CXCL10	535
CD79A	KDR	473
CD79A	ITGB2	421
CD79A	IL3RA	468
CD79A	PDCD1	406
CD79A	TNF	413
CD79A	SOS1	495
CD79A	SHC1	459
CD79A	CD69	402
CD79A	CTLA4	474
CD79A	SYK	996
CD79A	IL7	417
CD79A	CD86	466
CD79A	BTK	955
CD79A	NT5E	686
CD79A	CD3E	661
CD79A	NFKB1	418
CD79A	CD68	655
CD79A	PECAM1	546
CD79A	BCL2	705
CD79A	CD81	612
CD79A	TNFSF13B	674
CD79A	CD28	441
CD79A	PIK3R1	613
CD79A	KIT	581
CD79A	CD1D	544
CD79A	RAG1	497
CD79A	NCAM1	722
CD79A	VAV1	753
CD79A	CSF1R	406
CD79A	FCGR1A	435
CD79A	SIRPA	585
CD79A	MAP2K1	467
CD79A	TYK2	553
CD79A	IL21R	503
CD79A	CD19	998
CD79A	TFRC	656
CD79A	CD2	744
CD79A	CD80	409
CD79A	DNTT	808
CD79A	CR2	886
CD79A	CCL19	594
CD79A	BCL6	876
CD79A	CD33	610
CD79A	CD38	825
CD79A	PRDM1	629
CD79A	SDC1	846
CD79A	ITGB1	425
CD79A	CXCL13	646
CD79A	CD8A	686
TFRC	CD74	522
TFRC	CD4	880
TFRC	TNFRSF1A	505
TFRC	MMP2	522
TFRC	PIK3R2	425
TFRC	MPO	406
TFRC	CSF3	457
TFRC	VTN	517
TFRC	CD38	788
TFRC	CD69	613
TFRC	IFNG	604
TFRC	IL4	479
TFRC	FLT3	485
TFRC	APOE	480
TFRC	EPO	858
TFRC	KRAS	543
TFRC	PDGFRA	596
TFRC	NT5E	567
TFRC	ITGAV	575
TFRC	SCARB1	738
TFRC	CD33	598
TFRC	ITGA2B	627
TFRC	IL1A	651
TFRC	IL1B	684
TFRC	CD81	732
TFRC	EPCAM	400
TFRC	PIK3CA	492
TFRC	CD80	479
TFRC	STAT3	504
TFRC	ICAM1	679
TFRC	SCARB2	917
TFRC	ZAP70	560
TFRC	EGF	528
TFRC	CD27	622
TFRC	TP53	607
TFRC	ERBB2	663
TFRC	CSF1R	478
TFRC	KIT	773
TFRC	STAT5B	472
TFRC	VCAM1	468
TFRC	ALB	880
TFRC	IL3	507
TFRC	ANPEP	832
TFRC	HSPA4	611
TFRC	CYCS	400
TFRC	CASP3	453
TFRC	CD19	652
TFRC	ANGPT2	486
TFRC	MET	695
TFRC	ICOS	519
TFRC	CALR	616
TFRC	HSPA5	572
TFRC	CD28	508
TFRC	IL3RA	436
TFRC	CD86	646
TFRC	CAV1	817
TFRC	STAT5A	458
TFRC	CD5	542
TFRC	FN1	647
TFRC	CR2	411
TFRC	IFNGR1	441
TFRC	FCGR1A	479
TFRC	CD2	615
TFRC	NRAS	428
TFRC	TLR4	438
TFRC	TNFSF13B	524
TFRC	SDC1	605
TFRC	BCL6	511
TFRC	RHOA	626
TFRC	ERVW-1	501
TFRC	CD8A	662
TFRC	HSPA8	969
TFRC	ITGB1	838
TFRC	FAS	657
TFRC	SIRPA	434
TFRC	NCAM1	720
TFRC	ACE2	611
TFRC	CTNNB1	400
TFRC	PIK3R1	475
TFRC	PROM1	651
TFRC	IGF1	575
TFRC	ACTB	761
TFRC	INS	600
TFRC	BCL2	457
TFRC	PECAM1	546
TFRC	SELL	461
TFRC	TNF	725
TFRC	IKBKB	503
TFRC	CTLA4	482
TFRC	IL17A	424
TFRC	ERV3-1	470
TFRC	HIF1A	576
TFRC	ERVFRD-1	470
TFRC	KITLG	522
TFRC	CD48	437
ERVFRD-1	CD4	763
ERVFRD-1	TNFRSF1A	528
ERVFRD-1	FGF4	516
ERVFRD-1	TIMP1	677
ERVFRD-1	HGF	522
ERVFRD-1	CCL2	402
ERVFRD-1	VTN	631
ERVFRD-1	CD38	400
ERVFRD-1	FGF6	512
ERVFRD-1	IFNG	619
ERVFRD-1	IL4	507
ERVFRD-1	NT5E	418
ERVFRD-1	TLR2	686
ERVFRD-1	VWF	654
ERVFRD-1	SCARB1	417
ERVFRD-1	IL1A	408
ERVFRD-1	IL1B	531
ERVFRD-1	CD81	579
ERVFRD-1	EPCAM	480
ERVFRD-1	CD80	664
ERVFRD-1	ICAM1	671
ERVFRD-1	SCARB2	628
ERVFRD-1	EGF	617
ERVFRD-1	FGF7	521
ERVFRD-1	ERBB2	505
ERVFRD-1	IFNA1	439
ERVFRD-1	ACE	551
ERVFRD-1	NCR1	515
ERVFRD-1	CCR5	591
ERVFRD-1	VCAM1	400
ERVFRD-1	ALB	866
ERVFRD-1	TLR3	539
ERVFRD-1	CXCL8	447
ERVFRD-1	CCL19	475
ERVFRD-1	PLG	977
ERVFRD-1	FGF5	516
ERVFRD-1	CD19	506
ERVFRD-1	MET	578
ERVFRD-1	CALR	561
ERVFRD-1	CD28	656
ERVFRD-1	CD86	667
ERVFRD-1	CD5	546
ERVFRD-1	FN1	955
ERVFRD-1	CR2	671
ERVFRD-1	TLR4	750
ERVFRD-1	TNFSF13B	471
ERVFRD-1	IFNB1	407
ERVFRD-1	TLR7	529
ERVFRD-1	SQSTM1	400
ERVFRD-1	ITGB1	416
ERVFRD-1	INS	624
ERVFRD-1	PDCD1LG2	587
ERVFRD-1	CD8A	644
ERVFRD-1	ACE2	992
ERVFRD-1	ERV3-1	514
ERVFRD-1	TNF	590
ERVFRD-1	FGF16	513
ERVFRD-1	ERVW-1	610
ERVFRD-1	PECAM1	466
ERVFRD-1	SELL	562
ERVFRD-1	ACTB	508
ERVFRD-1	CTLA4	638
ERVFRD-1	IL17A	443
ERVFRD-1	KITLG	479
ERVFRD-1	SIRPA	400
CXCR6	CD4	718
CXCR6	LAG3	649
CXCR6	GZMB	684
CXCR6	CCL17	828
CXCR6	CCL2	885
CXCR6	CD38	442
CXCR6	IL10RA	497
CXCR6	CD69	784
CXCR6	IFNG	712
CXCR6	IL4	450
CXCR6	KLRK1	592
CXCR6	ITGAE	630
CXCR6	IL1A	456
CXCR6	IL1B	633
CXCR6	IL7	436
CXCR6	CD80	453
CXCR6	CD27	628
CXCR6	IL18	453
CXCR6	CXCL13	906
CXCR6	NCR1	590
CXCR6	CCR5	931
CXCR6	VCAM1	430
CXCR6	IL15	532
CXCR6	CCL11	752
CXCR6	IL13	404
CXCR6	CXCL10	969
CXCR6	FOS	450
CXCR6	CXCL8	884
CXCR6	CXCL11	886
CXCR6	CCL19	904
CXCR6	HAVCR2	522
CXCR6	CD19	529
CXCR6	ICOS	637
CXCR6	CD28	467
CXCR6	CSF1	513
CXCR6	CD86	497
CXCR6	PDCD1	589
CXCR6	IL21R	473
CXCR6	KLRD1	644
CXCR6	CD5	495
CXCR6	CX3CR1	669
CXCR6	CCL20	956
CXCR6	CD3E	568
CXCR6	CXCL9	984
CXCR6	PRDM1	435
CXCR6	CD2	613
CXCR6	ENTPD1	425
CXCR6	CXCR3	927
CXCR6	GATA3	518
CXCR6	CD8A	868
CXCR6	CCL4	881
CXCR6	IL12RB1	662
CXCR6	CXCL2	776
CXCR6	IL17A	533
CXCR6	TNF	520
CXCR6	CTLA4	769
CXCR6	SELL	631
CXCR6	IDO1	461
CXCR6	CD1D	481
CXCR6	NCAM1	498
HAVCR2	CD4	833
HAVCR2	LAG3	922
HAVCR2	GZMB	819
HAVCR2	CCL17	512
HAVCR2	CCL2	560
HAVCR2	CD38	664
HAVCR2	NFKB1	435
HAVCR2	IL10RA	409
HAVCR2	CD69	726
HAVCR2	IFNG	885
HAVCR2	IL4	719
HAVCR2	IL5	404
HAVCR2	KLRK1	678
HAVCR2	PLCG1	434
HAVCR2	CD68	597
HAVCR2	KRAS	460
HAVCR2	NT5E	564
HAVCR2	TLR2	454
HAVCR2	CD33	738
HAVCR2	TYROBP	451
HAVCR2	ITGAE	619
HAVCR2	IL1A	433
HAVCR2	IL1B	549
HAVCR2	IL7	571
HAVCR2	PIK3CA	407
HAVCR2	CD80	972
HAVCR2	STAT3	584
HAVCR2	ICAM1	405
HAVCR2	SCARB2	506
HAVCR2	ZAP70	617
HAVCR2	CD27	735
HAVCR2	TP53	482
HAVCR2	ERBB2	557
HAVCR2	FCGR2A	480
HAVCR2	IFNA1	507
HAVCR2	IL18	518
HAVCR2	CSF1R	613
HAVCR2	CXCL13	457
HAVCR2	NCR1	593
HAVCR2	CCR5	605
HAVCR2	STAT5B	490
HAVCR2	IL15	626
HAVCR2	TLR3	442
HAVCR2	ANPEP	508
HAVCR2	AXL	405
HAVCR2	IL13	627
HAVCR2	CXCL10	611
HAVCR2	CXCL8	517
HAVCR2	HLA-A	548
HAVCR2	CTNNB1	401
HAVCR2	PIK3R1	559
HAVCR2	CD28	812
HAVCR2	TLR8	545
HAVCR2	CD1D	542
HAVCR2	ENTPD1	733
HAVCR2	FCGR1A	413
HAVCR2	TLR4	505
HAVCR2	JAK1	531
HAVCR2	VAV1	420
HAVCR2	NCAM1	604
HAVCR2	ICOS	761
HAVCR2	FAS	448
HAVCR2	PDCD1LG2	925
HAVCR2	IFNB1	416
HAVCR2	SIRPA	633
HAVCR2	PTPN11	570
HAVCR2	CD2	554
HAVCR2	CD19	664
HAVCR2	BRAF	468
HAVCR2	CSF1	432
HAVCR2	BCL6	422
HAVCR2	PTEN	560
HAVCR2	CD8A	892
HAVCR2	PRDM1	523
HAVCR2	GATA3	498
HAVCR2	IRF4	461
HAVCR2	HIF1A	400
HAVCR2	CCL4	577
HAVCR2	CD5	534
HAVCR2	CD48	758
HAVCR2	KLRD1	634
HAVCR2	LOC102723407	920
HAVCR2	CXCL9	599
HAVCR2	TLR7	653
HAVCR2	ITGB2	407
HAVCR2	IL17A	602
HAVCR2	TNF	779
HAVCR2	PDCD1	891
HAVCR2	CX3CR1	486
HAVCR2	IL3RA	530
HAVCR2	CD3E	708
HAVCR2	CD209	436
HAVCR2	CD86	971
HAVCR2	STAT1	543
HAVCR2	SYK	514
HAVCR2	CTLA4	907
HAVCR2	BCL2	435
HAVCR2	CXCR3	622
HAVCR2	IDO1	773
HAVCR2	SELL	789
HAVCR2	STAT5A	454
TLR8	CD4	754
TLR8	GZMB	458
TLR8	NFKBIA	525
TLR8	RELB	410
TLR8	CSF3	406
TLR8	CCL2	577
TLR8	NFKB1	634
TLR8	SPI1	631
TLR8	IL10RA	489
TLR8	CD69	441
TLR8	IFNG	722
TLR8	IL4	536
TLR8	CD68	452
TLR8	TLR2	893
TLR8	SCARB1	409
TLR8	TYROBP	628
TLR8	IL1A	559
TLR8	IL1B	746
TLR8	IL7	407
TLR8	CD80	675
TLR8	STAT3	465
TLR8	ICAM1	429
TLR8	IFNAR1	581
TLR8	FCGR2A	580
TLR8	IFNA1	804
TLR8	IL18	614
TLR8	CSF1R	607
TLR8	CCR5	747
TLR8	REL	425
TLR8	IL15	538
TLR8	TLR3	939
TLR8	NOD2	828
TLR8	IL13	431
TLR8	CXCL10	636
TLR8	CXCL8	609
TLR8	CXCL11	441
TLR8	CCL19	516
TLR8	CCL4	538
TLR8	CD48	579
TLR8	IRF4	451
TLR8	CSF3R	623
TLR8	IL17A	547
TLR8	IFNA2	671
TLR8	RELA	446
TLR8	ITGB2	580
TLR8	TLR7	997
TLR8	CXCL9	674
TLR8	SYK	506
TLR8	IKBKB	493
TLR8	CTLA4	474
TLR8	CD86	830
TLR8	CD3E	502
TLR8	BTK	744
TLR8	CD209	634
TLR8	STAT1	593
TLR8	NLRP3	593
TLR8	CX3CR1	435
TLR8	IL3RA	650
TLR8	TNF	740
TLR8	SELL	645
TLR8	IDO1	455
TLR8	TNFSF13B	745
TLR8	CXCR3	410
TLR8	AIF1	464
TLR8	CD28	427
TLR8	ACE2	466
TLR8	TLR5	731
TLR8	JAK1	436
TLR8	TLR4	712
TLR8	FCGR1A	567
TLR8	CYBB	587
TLR8	ENTPD1	519
TLR8	CD1D	404
TLR8	CD19	451
TLR8	MMP9	617
TLR8	IFNGR1	420
TLR8	SIRPA	420
TLR8	IFNB1	835
TLR8	TYK2	432
TLR8	CD8A	776
TLR8	CR2	458
RUNX1	CD4	591
RUNX1	MAPK1	496
RUNX1	MPO	947
RUNX1	CSF3	479
RUNX1	CD38	528
RUNX1	NFKB1	488
RUNX1	SPI1	993
RUNX1	CDKN1B	428
RUNX1	IFNG	893
RUNX1	LOX	519
RUNX1	NR3C1	553
RUNX1	EGR1	611
RUNX1	FLT3	828
RUNX1	BMP4	465
RUNX1	KRAS	652
RUNX1	NOTCH2	411
RUNX1	PDGFRA	473
RUNX1	MDM2	419
RUNX1	POU5F1	434
RUNX1	THBS1	558
RUNX1	CCND2	690
RUNX1	PDGFRB	476
RUNX1	SMAD2	771
RUNX1	CD33	594
RUNX1	AXIN1	573
RUNX1	ITGA2B	786
RUNX1	EP300	989
RUNX1	IL1B	451
RUNX1	IL7	408
RUNX1	KDR	507
RUNX1	STAT3	726
RUNX1	LEF1	963
RUNX1	TP53	820
RUNX1	CSF1R	983
RUNX1	PPARG	461
RUNX1	KIT	773
RUNX1	STAT5B	824
RUNX1	VCAM1	547
RUNX1	REL	688
RUNX1	IL3	973
RUNX1	RAG1	668
RUNX1	ANPEP	539
RUNX1	CD8A	528
RUNX1	PRDM1	713
RUNX1	NRAS	743
RUNX1	BCL6	475
RUNX1	SOX2	630
RUNX1	DNTT	401
RUNX1	PDGFA	463
RUNX1	FOS	737
RUNX1	PTEN	516
RUNX1	CD2	408
RUNX1	BMI1	875
RUNX1	PTPN11	960
RUNX1	CDK1	476
RUNX1	CSF1	627
RUNX1	CD19	572
RUNX1	BRAF	439
RUNX1	GATA4	662
RUNX1	JAK1	452
RUNX1	MAPK8	461
RUNX1	TERT	493
RUNX1	WT1	728
RUNX1	KLF4	521
RUNX1	NCAM1	419
RUNX1	TJP1	777
RUNX1	NTRK1	579
RUNX1	H3-5	496
RUNX1	E2F1	449
RUNX1	NOTCH1	614
RUNX1	CTNNB1	546
RUNX1	INS	537
RUNX1	PECAM1	457
RUNX1	BCL2	518
RUNX1	STAT5A	829
RUNX1	RUNX2	897
RUNX1	ETS1	999
RUNX1	ACTB	435
RUNX1	STAT1	432
RUNX1	MCL1	400
RUNX1	CTLA4	844
RUNX1	TNF	431
RUNX1	NFATC1	516
RUNX1	IL3RA	431
RUNX1	CALR	472
RUNX1	PDCD1	577
RUNX1	H3C13	737
RUNX1	RELA	831
RUNX1	H3C12	737
RUNX1	SMAD4	469
RUNX1	DNMT1	743
RUNX1	LOC102723407	573
RUNX1	PAX6	570
RUNX1	CD48	401
RUNX1	CD5	405
RUNX1	KITLG	490
RUNX1	SMAD3	878
RUNX1	FOXO1	659
RUNX1	GATA3	989
RUNX1	CEBPB	972
RUNX1	CSF3R	806
RUNX1	SOCS3	886
RUNX1	HIF1A	945
RUNX1	IRF4	722
CD68	CD74	528
CD68	CD4	898
CD68	TNFRSF1A	439
CD68	LAG3	503
CD68	GZMB	750
CD68	NFKBIA	504
CD68	TIMP1	554
CD68	MMP2	495
CD68	CCL17	455
CD68	MPO	740
CD68	CSF3	447
CD68	CCL2	815
CD68	COL1A1	532
CD68	CD38	528
CD68	NFKB1	541
CD68	SPI1	557
CD68	IL10RA	414
CD68	CD69	452
CD68	IFNG	811
CD68	IL4	724
CD68	IL5	437
CD68	SELL	428
CD68	IDO1	557
CD68	IL13	645
CD68	TNFSF13B	706
CD68	VIM	487
CD68	INS	612
CD68	ICAM1	693
CD68	CD81	590
CD68	BCL2	661
CD68	CXCR3	461
CD68	PECAM1	823
CD68	CASP3	632
CD68	AXL	612
CD68	ACTB	637
CD68	AIF1	871
CD68	IL18	595
CD68	EPCAM	462
CD68	IGF1	475
CD68	IL1A	639
CD68	CTLA4	730
CD68	SCARB2	790
CD68	CD86	790
CD68	CD3E	721
CD68	NT5E	404
CD68	CD209	606
CD68	STAT1	533
CD68	NLRP3	494
CD68	PDCD1	730
CD68	CX3CR1	750
CD68	IL3RA	594
CD68	FGFR1	536
CD68	IL1B	840
CD68	TNF	860
CD68	MMP1	407
CD68	ITGAE	470
CD68	BDNF	434
CD68	IL17A	604
CD68	TP53	542
CD68	CXCL10	732
CD68	KDR	655
CD68	ANPEP	535
CD68	APOE	843
CD68	STAT3	617
CD68	SPP1	554
CD68	NFE2L2	534
CD68	ITGB2	671
CD68	TLR7	492
CD68	ADIPOQ	537
CD68	CXCL2	461
CD68	CXCL9	554
CD68	EGF	449
CD68	FCGR2A	625
CD68	CD5	589
CD68	CCL4	548
CD68	PDGFRB	456
CD68	CXCL11	455
CD68	ALK	511
CD68	FN1	578
CD68	IL15	462
CD68	NOS2	568
CD68	PGR	407
CD68	SOCS3	449
CD68	IRF4	442
CD68	HIF1A	513
CD68	GATA3	403
CD68	TLR2	647
CD68	SCARB1	790
CD68	VCAM1	631
CD68	VWF	708
CD68	SDC1	716
CD68	ALB	727
CD68	MMP3	470
CD68	CD8A	893
CD68	CXCL13	474
CD68	ITGB1	575
CD68	DNTT	583
CD68	CR2	625
CD68	CD80	684
CD68	MAPK3	409
CD68	BCL6	459
CD68	CD33	714
CD68	CCL19	409
CD68	CSF1	723
CD68	BRAF	447
CD68	CD19	650
CD68	CXCL8	625
CD68	CCR5	806
CD68	CD2	530
CD68	GFAP	846
CD68	CCL11	453
CD68	MMP9	766
CD68	PDCD1LG2	572
CD68	TYROBP	796
CD68	SIRPA	553
CD68	IFNB1	445
CD68	NCAM1	721
CD68	ACE	429
CD68	ERBB2	612
CD68	PDGFRA	495
CD68	CSF1R	792
CD68	FCGR1A	665
CD68	TLR4	726
CD68	CYBB	624
CD68	KIT	687
CD68	TLR3	459
CD68	KRAS	405
CD68	IFNA1	478
CD68	CD1D	875
CD68	CCL20	439
CD68	CD28	418
CD68	FGF2	503
CD68	CTNNB1	443
CD68	ACE2	636
CD68	PPARG	588
CD68	HLA-A	402
CD68	LEP	538
TERT	CD4	447
TERT	FGF4	418
TERT	NFKBIA	531
TERT	RPS6KB1	666
TERT	NFKB1	423
TERT	NANOG	629
TERT	KRAS	659
TERT	CCNB1	437
TERT	PDGFRA	628
TERT	CDK4	756
TERT	MDM2	797
TERT	POU5F1	639
TERT	CCND2	500
TERT	PDGFRB	430
TERT	AXIN1	511
TERT	MAPK3	437
TERT	EP300	401
TERT	EPCAM	431
TERT	KDR	475
TERT	PIK3CA	675
TERT	FGF2	476
TERT	STAT3	669
TERT	LEF1	607
TERT	EGF	709
TERT	TP53	902
TERT	ERBB2	590
TERT	PPARG	501
TERT	KIT	609
TERT	ALB	469
TERT	MAP2K1	416
TERT	HSPA4	527
TERT	CYCS	541
TERT	WT1	526
TERT	KLF4	527
TERT	FGFR2	498
TERT	CTNNB1	995
TERT	H3-5	536
TERT	NTRK1	477
TERT	E2F1	538
TERT	NOTCH1	549
TERT	PRKCA	463
TERT	PIK3R1	416
TERT	SOX2	752
TERT	PTEN	822
TERT	CD8A	480
TERT	NRAS	679
TERT	MMP9	410
TERT	BMI1	561
TERT	MTOR	738
TERT	CDK1	485
TERT	GATA4	408
TERT	BRAF	815
TERT	IGF2	407
TERT	DNMT1	530
TERT	FGFR3	608
TERT	H3C13	537
TERT	RELA	674
TERT	NFE2L2	447
TERT	HSP90AB1	987
TERT	H3C12	575
TERT	SMAD4	435
TERT	HIF1A	702
TERT	PGR	448
TERT	ALK	591
TERT	FN1	430
TERT	HSP90AA1	998
TERT	FOXO1	499
TERT	IGF1	400
TERT	HNF4A	611
TERT	PROM1	497
TERT	ACTB	580
TERT	CASP3	468
TERT	INS	516
TERT	BCL2	586
TERT	RUNX2	454
TERT	PARP1	545
TERT	XIAP	472
TERT	TNF	446
TERT	FGFR1	507
TERT	AR	420
TERT	CTLA4	435
TERT	MET	541
IL18	CD4	849
IL18	TNFRSF1A	603
IL18	LAG3	426
IL18	GZMB	624
IL18	NFKBIA	584
IL18	TIMP1	485
IL18	MMP2	457
IL18	CCL17	530
IL18	HGF	623
IL18	MPO	583
IL18	CSF3	792
IL18	CCL2	881
IL18	CD38	455
IL18	NFKB1	979
IL18	SPI1	413
IL18	IL10RA	629
IL18	CD69	607
IL18	IFNG	949
IL18	IL4	897
IL18	IL5	786
IL18	KLRK1	651
IL18	TNFSF10	516
IL18	APOE	549
IL18	EPO	411
IL18	TLR2	847
IL18	ITGAV	511
IL18	VWF	403
IL18	SCARB1	479
IL18	TYROBP	440
IL18	MAPK3	645
IL18	ITGAE	509
IL18	IL1A	997
IL18	IL1B	990
IL18	EPCAM	546
IL18	IL7	826
IL18	CD80	606
IL18	FGF2	476
IL18	IL11	542
IL18	STAT3	806
IL18	ICAM1	673
IL18	SCARB2	478
IL18	EGF	479
IL18	CD27	532
IL18	FGF7	404
IL18	TP53	507
IL18	IFNAR1	713
IL18	FCGR2A	623
IL18	IL9	666
IL18	IFNA1	849
IL18	CD28	609
IL18	CCL20	752
IL18	TGFA	486
IL18	CASP9	487
IL18	CTNNB1	400
IL18	LEP	692
IL18	IL3	826
IL18	TLR5	767
IL18	ACE2	576
IL18	PPARG	533
IL18	RAG1	431
IL18	TJP1	418
IL18	ACE	476
IL18	NCAM1	589
IL18	ICOS	705
IL18	NOD2	829
IL18	FCGR1A	401
IL18	MAPK8	414
IL18	TLR4	908
IL18	JAK1	500
IL18	TLR3	794
IL18	CYBB	533
IL18	ENTPD1	457
IL18	CD1D	562
IL18	CCR5	726
IL18	CXCL8	926
IL18	MTOR	489
IL18	CD19	588
IL18	CSF1	625
IL18	CCL11	664
IL18	MMP9	615
IL18	IFNB1	717
IL18	IFNGR1	467
IL18	FAS	420
IL18	TYK2	448
IL18	IL21R	479
IL18	ALB	630
IL18	STAT5B	409
IL18	VCAM1	609
IL18	CXCL13	476
IL18	CD8A	791
IL18	MMP3	489
IL18	NCR1	644
IL18	FOS	428
IL18	CCL19	839
IL18	CD48	596
IL18	CXCL11	728
IL18	CCL4	829
IL18	KITLG	418
IL18	CD5	583
IL18	NOS2	479
IL18	IL15	865
IL18	FN1	461
IL18	HIF1A	480
IL18	IRF4	400
IL18	SOCS3	453
IL18	GATA3	528
IL18	NFE2L2	474
IL18	SPP1	482
IL18	CYCS	474
IL18	CXCL10	862
IL18	IL6R	690
IL18	IL17A	835
IL18	BDNF	482
IL18	TLR7	685
IL18	ITGB2	428
IL18	EDN1	451
IL18	RELA	939
IL18	IFNA2	726
IL18	CXCL2	841
IL18	CXCL9	705
IL18	IL12RB1	682
IL18	ADIPOQ	581
IL18	KLRD1	594
IL18	CTLA4	602
IL18	IKBKB	488
IL18	SYK	498
IL18	STAT1	607
IL18	CD209	434
IL18	CD86	680
IL18	CX3CR1	650
IL18	PDCD1	471
IL18	NLRP3	946
IL18	MMP1	435
IL18	TNF	961
IL18	IL13	916
IL18	STAT5A	404
IL18	IDO1	529
IL18	SELL	523
IL18	CXCR3	576
IL18	BCL2	552
IL18	INS	721
IL18	TNFSF13B	515
IL18	ACTB	593
IL18	CASP3	639
IL18	IGF1	629
IL18	AIF1	520
ITGB1	CD4	631
ITGB1	SNAI2	480
ITGB1	FGF4	455
ITGB1	NGFR	550
ITGB1	NFKBIA	513
ITGB1	TIMP1	753
ITGB1	MMP2	755
ITGB1	PIK3R2	915
ITGB1	HGF	771
ITGB1	CCL2	459
ITGB1	COL1A1	984
ITGB1	VTN	986
ITGB1	CD38	475
ITGB1	NFKB1	549
ITGB1	FGF6	432
ITGB1	IFNG	511
ITGB1	NANOG	615
ITGB1	LOX	432
ITGB1	IL4	539
ITGB1	NR3C1	424
ITGB1	BMP4	416
ITGB1	APOE	586
ITGB1	GFAP	413
ITGB1	KRAS	726
ITGB1	PDGFRA	560
ITGB1	NT5E	895
ITGB1	POU5F1	654
ITGB1	THBS1	989
ITGB1	ITGAV	999
ITGB1	VWF	834
ITGB1	SCARB1	802
ITGB1	PDGFRB	735
ITGB1	SMAD2	464
ITGB1	ITGA2B	961
ITGB1	MAPK3	495
ITGB1	ITGAE	827
ITGB1	IL1A	404
ITGB1	IL1B	544
ITGB1	CD81	995
ITGB1	EPCAM	734
ITGB1	KDR	884
ITGB1	PIK3CA	953
ITGB1	CD80	532
ITGB1	FGF2	651
ITGB1	STAT3	822
ITGB1	ICAM1	967
ITGB1	SCARB2	719
ITGB1	EGF	651
ITGB1	FGF7	496
ITGB1	TP53	504
ITGB1	ERBB2	821
ITGB1	PPARG	488
ITGB1	KIT	712
ITGB1	ACE	417
ITGB1	CCR5	601
ITGB1	VCAM1	999
ITGB1	ALB	617
ITGB1	ITGA2	999
ITGB1	IL3	431
ITGB1	MMP3	441
ITGB1	ANPEP	804
ITGB1	HSPA4	552
ITGB1	IL13	544
ITGB1	CXCL10	540
ITGB1	CXCL8	631
ITGB1	CASP3	508
ITGB1	FGF5	441
ITGB1	CD19	610
ITGB1	ANGPT2	796
ITGB1	MET	818
ITGB1	CALR	524
ITGB1	MMP1	400
ITGB1	SOX2	583
ITGB1	CD86	498
ITGB1	SMAD3	618
ITGB1	CAV1	980
ITGB1	CD5	563
ITGB1	FN1	999
ITGB1	TJP1	413
ITGB1	STAT1	637
ITGB1	CD2	609
ITGB1	NRAS	515
ITGB1	PRKACB	917
ITGB1	RUNX2	748
ITGB1	HSP90AB1	545
ITGB1	PTEN	622
ITGB1	MMP9	674
ITGB1	TLR4	627
ITGB1	KLF4	440
ITGB1	SYK	564
ITGB1	SDC1	685
ITGB1	IGF1	500
ITGB1	SPP1	996
ITGB1	FGF13	433
ITGB1	ERVW-1	559
ITGB1	CD8A	577
ITGB1	HSPA8	526
ITGB1	RHOA	839
ITGB1	PTPN11	431
ITGB1	NCAM1	683
ITGB1	NOTCH1	425
ITGB1	PRKCA	923
ITGB1	PIK3R1	951
ITGB1	CTNNB1	673
ITGB1	ACE2	905
ITGB1	SELL	669
ITGB1	IDO1	402
ITGB1	VIM	505
ITGB1	INS	604
ITGB1	PECAM1	828
ITGB1	BCL2	659
ITGB1	ACTB	984
ITGB1	PROM1	695
ITGB1	FGF16	435
ITGB1	SHC1	757
ITGB1	TNF	718
ITGB1	ITGB2	985
ITGB1	PIK3CB	918
ITGB1	HIF1A	478
IL15	CD4	917
IL15	TNFRSF1A	710
IL15	FGF4	451
IL15	LAG3	621
IL15	GZMB	791
IL15	NFKBIA	404
IL15	CCL17	722
IL15	HGF	435
IL15	CSF3	787
IL15	CCL2	796
IL15	CD38	573
IL15	NFKB1	519
IL15	IL10RA	873
IL15	CD69	758
IL15	FGF6	460
IL15	IFNG	939
IL15	IL4	915
IL15	IL5	821
IL15	KLRK1	921
IL15	TNFSF10	580
IL15	FLT3	449
IL15	PLCG1	431
IL15	PDGFRA	704
IL15	NT5E	404
IL15	TLR2	627
IL15	THBS1	526
IL15	PDGFRB	715
IL15	CD33	807
IL15	TYROBP	456
IL15	ITGAE	629
IL15	IL1A	876
IL15	IL1B	872
IL15	IL7	968
IL15	CD80	706
IL15	FGF2	608
IL15	IL11	590
IL15	STAT3	807
IL15	ICAM1	767
IL15	ZAP70	477
IL15	EGF	685
IL15	CD27	696
IL15	FGF7	508
IL15	ERBB2	447
IL15	IFNAR1	810
IL15	FCGR2A	443
IL15	IL9	976
IL15	IFNA1	768
IL15	CSF1R	453
IL15	CXCL13	515
IL15	KIT	499
IL15	WNT4	410
IL15	NCR1	826
IL15	CCR5	654
IL15	STAT5B	852
IL15	VCAM1	527
IL15	ALB	660
IL15	KLRD1	806
IL15	CXCL9	771
IL15	CXCL2	518
IL15	IL12RB1	834
IL15	ADIPOQ	401
IL15	TLR7	625
IL15	ITGB2	435
IL15	IFNA2	779
IL15	IL6R	894
IL15	CXCL10	848
IL15	BDNF	413
IL15	IL17A	916
IL15	GATA3	526
IL15	CSF3R	739
IL15	IRF4	438
IL15	SOCS3	628
IL15	CD48	430
IL15	CXCL11	663
IL15	CCL4	808
IL15	CD5	461
IL15	KITLG	664
IL15	IGF1	463
IL15	FGF16	456
IL15	ACTB	408
IL15	CASP3	439
IL15	BCL2	594
IL15	PECAM1	428
IL15	CXCR3	626
IL15	INS	450
IL15	TNFSF13B	746
IL15	IL13	871
IL15	STAT5A	849
IL15	IDO1	659
IL15	SELL	717
IL15	TNF	885
IL15	SOS1	538
IL15	CX3CR1	529
IL15	IL3RA	824
IL15	PDCD1	596
IL15	STAT1	753
IL15	CD86	674
IL15	MCL1	403
IL15	CTLA4	677
IL15	SHC1	604
IL15	SYK	423
IL15	CD1D	608
IL15	TLR3	675
IL15	ENTPD1	486
IL15	TLR4	656
IL15	FCGR1A	413
IL15	JAK1	952
IL15	AOC3	447
IL15	RAG1	534
IL15	NCAM1	841
IL15	ICOS	590
IL15	LEP	447
IL15	HLA-A	598
IL15	IL3	728
IL15	TLR5	424
IL15	CASP9	409
IL15	CTNNB1	570
IL15	TGFA	569
IL15	PLG	465
IL15	CD28	842
IL15	CCL20	589
IL15	CCL19	571
IL15	BCL6	452
IL15	BCL2L11	410
IL15	CD8A	936
IL15	FGF13	466
IL15	PRDM1	526
IL15	FAS	612
IL15	IL21R	941
IL15	TYK2	504
IL15	IFNB1	617
IL15	PDCD1LG2	587
IL15	IFNGR1	789
IL15	MMP9	479
IL15	CCL11	806
IL15	CD2	518
IL15	MTOR	416
IL15	CXCL8	798
IL15	FGF5	450
IL15	CD19	819
IL15	CSF1	646
FGFR2	FGF4	999
FGFR2	NGFR	465
FGFR2	MAPK1	486
FGFR2	TIMP1	773
FGFR2	PIK3R2	819
FGFR2	HGF	906
FGFR2	NFKB1	496
FGFR2	FGF6	997
FGFR2	TWIST1	880
FGFR2	PLCG1	998
FGFR2	BMP4	693
FGFR2	KRAS	973
FGFR2	PDGFRA	529
FGFR2	MDM2	867
FGFR2	ITGAV	410
FGFR2	PDGFRB	505
FGFR2	MAPK3	520
FGFR2	EP300	473
FGFR2	KDR	511
FGFR2	PIK3CA	908
FGFR2	CBL	811
FGFR2	FGF2	999
FGFR2	WNT5A	420
FGFR2	STAT3	847
FGFR2	LEF1	589
FGFR2	EGF	936
FGFR2	FGF7	999
FGFR2	TP53	662
FGFR2	ERBB2	744
FGFR2	WNT3A	525
FGFR2	CSF1R	490
FGFR2	KIT	529
FGFR2	WNT4	417
FGFR2	STAT5B	787
FGFR2	MMP3	464
FGFR2	AXIN2	449
FGFR2	IRS1	817
FGFR2	CEBPB	487
FGFR2	CXCL10	431
FGFR2	CXCL8	523
FGFR2	FGF5	998
FGFR2	ANGPT2	749
FGFR2	MET	519
FGFR2	SOX2	512
FGFR2	PGR	854
FGFR2	CSF1	739
FGFR2	PDGFB	769
FGFR2	FGFR3	987
FGFR2	STAT5A	785
FGFR2	SMAD4	605
FGFR2	ESR2	536
FGFR2	PDGFA	779
FGFR2	FN1	581
FGFR2	NRAS	977
FGFR2	RUNX2	798
FGFR2	PTEN	665
FGFR2	CXCR3	400
FGFR2	WT1	430
FGFR2	ETS1	419
FGFR2	IGF1	866
FGFR2	INS	936
FGFR2	SOS1	937
FGFR2	IGF2	763
FGFR2	FGFR1	853
FGFR2	FGF13	996
FGFR2	FGF16	997
FGFR2	SHC1	967
FGFR2	TGFA	771
FGFR2	ACTB	431
FGFR2	UBB	505
FGFR2	KITLG	748
FGFR2	BDNF	827
FGFR2	PIK3CB	754
FGFR2	BRAF	674
FGFR2	PTPN11	802
FGFR2	VEGFC	835
FGFR2	NOTCH1	724
FGFR2	PIK3R1	924
FGFR2	CTNNB1	636
FGFR2	NCAM1	510
FGFR2	ANGPT1	738
FGFR2	JAK1	913
SOX2	SNAI2	721
SOX2	FGF4	865
SOX2	NGFR	557
SOX2	MMP2	443
SOX2	HGF	451
SOX2	COL1A1	426
SOX2	VTN	479
SOX2	NFKB1	446
SOX2	SPI1	420
SOX2	FGF6	593
SOX2	CDKN1B	654
SOX2	NANOG	999
SOX2	LOX	581
SOX2	EGR1	409
SOX2	TWIST1	882
SOX2	PLCG1	408
SOX2	BMP4	745
SOX2	GFAP	805
SOX2	KRAS	551
SOX2	CCNB1	438
SOX2	NOTCH2	504
SOX2	PDGFRA	602
SOX2	NT5E	714
SOX2	CDK4	560
SOX2	MDM2	446
SOX2	POU5F1	999
SOX2	THBS1	502
SOX2	CCND2	439
SOX2	PDGFRB	463
SOX2	SMAD2	756
SOX2	MAPK3	658
SOX2	EP300	705
SOX2	IL1B	410
SOX2	EPCAM	664
SOX2	KDR	563
SOX2	PIK3CA	506
SOX2	FGF2	933
SOX2	WNT5A	530
SOX2	STAT3	903
SOX2	LEF1	580
SOX2	EGF	725
SOX2	FGF7	599
SOX2	TP53	883
SOX2	ERBB2	572
SOX2	WNT3A	632
SOX2	PPARG	461
SOX2	KIT	613
SOX2	WNT4	405
SOX2	ALB	642
SOX2	ANPEP	435
SOX2	AXIN2	512
SOX2	CEBPB	577
SOX2	FOS	659
SOX2	CASP3	623
SOX2	FGF5	643
SOX2	HNF4A	813
SOX2	MET	494
SOX2	CALR	408
SOX2	NFE2L2	411
SOX2	SPP1	467
SOX2	H3C12	923
SOX2	BDNF	636
SOX2	HSP90AB1	518
SOX2	SMAD4	820
SOX2	H3C13	923
SOX2	SQSTM1	692
SOX2	FGFR3	442
SOX2	DNMT1	602
SOX2	IGF2	487
SOX2	KITLG	483
SOX2	SMAD3	929
SOX2	FOXO1	641
SOX2	ALK	435
SOX2	PAX6	977
SOX2	FN1	622
SOX2	HSP90AA1	514
SOX2	HIF1A	758
SOX2	GATA3	547
SOX2	PARP1	633
SOX2	RUNX2	693
SOX2	INS	602
SOX2	BCL2	587
SOX2	PECAM1	596
SOX2	VIM	605
SOX2	ACTB	704
SOX2	FGF16	599
SOX2	IGF1	512
SOX2	PROM1	876
SOX2	AIF1	409
SOX2	AR	532
SOX2	TNF	432
SOX2	FGFR1	587
SOX2	NCAM1	549
SOX2	KLF4	998
SOX2	TJP1	466
SOX2	WT1	443
SOX2	NOTCH1	692
SOX2	H3-5	634
SOX2	E2F1	521
SOX2	CTNNB1	991
SOX2	HLA-A	548
SOX2	FGF13	767
SOX2	PRDM1	486
SOX2	CD8A	400
SOX2	PTEN	743
SOX2	RHOA	567
SOX2	BCL6	558
SOX2	MTOR	419
SOX2	CDK1	961
SOX2	BRAF	444
SOX2	GATA4	867
SOX2	DKK1	531
SOX2	MMP9	488
SOX2	BMI1	825
ACE	CD4	596
ACE	MAPK1	535
ACE	TIMP1	462
ACE	MMP2	483
ACE	MPO	562
ACE	CSF3	470
ACE	CCL2	625
ACE	NFKB1	476
ACE	IFNG	583
ACE	IL4	447
ACE	NR3C1	631
ACE	APOE	876
ACE	EPO	666
ACE	VWF	623
ACE	SCARB1	414
ACE	PDGFRB	465
ACE	SMAD2	407
ACE	ITGA2B	420
ACE	MAPK3	447
ACE	IL1A	570
ACE	IL1B	692
ACE	KDR	521
ACE	CD80	457
ACE	FGF2	545
ACE	STAT3	400
ACE	ICAM1	581
ACE	PPARGC1A	404
ACE	TP53	426
ACE	ERBB2	401
ACE	IFNA1	459
ACE	PPARG	674
ACE	CYBB	508
ACE	TLR4	528
ACE	CALM3	760
ACE	LEP	611
ACE	CALML3	755
ACE	CALML6	755
ACE	ACE2	956
ACE	HSPA5	546
ACE	PLG	614
ACE	CALML5	756
ACE	RHOA	417
ACE	FOS	450
ACE	ERVW-1	586
ACE	CD8A	571
ACE	ALB	912
ACE	VCAM1	580
ACE	IFNB1	432
ACE	IRS1	614
ACE	MMP9	733
ACE	CXCL8	544
ACE	MTOR	436
ACE	CCR5	401
ACE	ADIPOQ	626
ACE	EDN1	779
ACE	IFNA2	406
ACE	HSPA4	497
ACE	ANPEP	816
ACE	CYCS	420
ACE	SPP1	436
ACE	BDNF	400
ACE	HSP90AB1	504
ACE	IL17A	639
ACE	CXCL10	446
ACE	HIF1A	493
ACE	ERV3-1	551
ACE	FN1	484
ACE	HSP90AA1	509
ACE	SMAD3	562
ACE	IGF1	511
ACE	ACTB	765
ACE	CASP3	463
ACE	INS	849
ACE	BCL2	403
ACE	PECAM1	463
ACE	CAV1	468
ACE	TNF	720
ACE	MMP1	598
NOTCH2	CD4	450
NOTCH2	SNAI2	444
NOTCH2	GZMB	622
NOTCH2	NANOG	558
NOTCH2	BMP4	405
NOTCH2	KRAS	562
NOTCH2	RHOA	408
NOTCH2	BCL6	516
NOTCH2	PTEN	542
NOTCH2	CD8A	400
NOTCH2	SDC1	534
NOTCH2	NRAS	518
NOTCH2	SIRPA	431
NOTCH2	MMP9	410
NOTCH2	BMI1	408
NOTCH2	PTPN11	414
NOTCH2	BRAF	489
NOTCH2	KIT	469
NOTCH2	TLR4	593
NOTCH2	PDGFRA	632
NOTCH2	ERBB2	505
NOTCH2	KLF4	495
NOTCH2	TJP1	512
NOTCH2	CTNNB1	647
NOTCH2	NOTCH1	932
NOTCH2	UBB	535
NOTCH2	IGF1	480
NOTCH2	PROM1	512
NOTCH2	POU5F1	435
NOTCH2	ACTB	502
NOTCH2	CASP3	404
NOTCH2	BCL2	598
NOTCH2	PECAM1	439
NOTCH2	TNFSF13B	498
NOTCH2	RUNX2	410
NOTCH2	CDK4	408
NOTCH2	TNF	429
NOTCH2	ITGAE	410
NOTCH2	FGFR1	426
NOTCH2	PIK3CA	498
NOTCH2	WNT4	439
NOTCH2	LOC102723407	511
NOTCH2	EDN1	504
NOTCH2	RELA	492
NOTCH2	STAT3	693
NOTCH2	TP53	607
NOTCH2	EP300	814
NOTCH2	BDNF	475
NOTCH2	SMAD4	408
NOTCH2	GATA3	442
NOTCH2	TLR2	563
NOTCH2	IRF4	514
NOTCH2	WNT5A	453
NOTCH2	ALK	617
NOTCH2	SMAD3	438
MAPK3	CD74	422
MAPK3	CD4	710
MAPK3	SNAI2	545
MAPK3	TNFRSF1A	479
MAPK3	FGF4	734
MAPK3	NGFR	418
MAPK3	MAPK1	994
MAPK3	NFKBIA	732
MAPK3	TIMP1	524
MAPK3	MMP2	673
MAPK3	PIK3R2	409
MAPK3	HGF	612
MAPK3	MPO	435
MAPK3	CSF3	430
MAPK3	RPS6KB1	935
MAPK3	CCL2	747
MAPK3	COL1A1	453
MAPK3	VTN	402
MAPK3	NFKB1	881
MAPK3	FGF6	717
MAPK3	CDKN1B	634
MAPK3	IFNG	846
MAPK3	NANOG	509
MAPK3	LOX	584
MAPK3	IL4	587
MAPK3	IL5	411
MAPK3	NR3C1	430
MAPK3	EGR1	963
MAPK3	TWIST1	436
MAPK3	PLCG1	758
MAPK3	BMP4	493
MAPK3	APOE	506
MAPK3	EPO	448
MAPK3	GFAP	522
MAPK3	KRAS	982
MAPK3	CCNB1	593
MAPK3	MDM2	484
MAPK3	POU5F1	475
MAPK3	TLR2	607
MAPK3	THBS1	427
MAPK3	ITGAV	551
MAPK3	CCND2	436
MAPK3	VWF	694
MAPK3	SCARB1	487
MAPK3	SMAD2	979
MAPK3	AXIN1	637
MAPK3	ITGA2B	649
MAPK3	REL	406
MAPK3	WNT3A	423
MAPK3	VAV1	634
MAPK3	MAPK8	505
MAPK3	TJP1	698
MAPK3	PPARG	670
MAPK3	CALML6	633
MAPK3	TLR5	404
MAPK3	HSPA5	641
MAPK3	PPARGC1A	519
MAPK3	FGF2	888
MAPK3	NTRK1	681
MAPK3	TGFA	524
MAPK3	E2F1	452
MAPK3	AXIN2	441
MAPK3	PIK3R1	488
MAPK3	RHOA	833
MAPK3	CD80	576
MAPK3	DNTT	492
MAPK3	FOS	994
MAPK3	CD8A	580
MAPK3	STAT5B	800
MAPK3	VCAM1	713
MAPK3	NRAS	970
MAPK3	FGF13	717
MAPK3	IFNB1	471
MAPK3	IRS1	833
MAPK3	MMP9	741
MAPK3	FGF5	734
MAPK3	CXCL8	661
MAPK3	BRAF	960
MAPK3	CD19	444
MAPK3	IGF2	464
MAPK3	KEAP1	504
MAPK3	SQSTM1	632
MAPK3	FGFR3	514
MAPK3	PIK3CB	640
MAPK3	PRKACB	958
MAPK3	HSPA4	612
MAPK3	CYCS	788
MAPK3	NFE2L2	563
MAPK3	STAT3	870
MAPK3	TP53	994
MAPK3	H3C12	609
MAPK3	HSP90AB1	818
MAPK3	EP300	655
MAPK3	IL6R	627
MAPK3	KDR	467
MAPK3	CXCL10	446
MAPK3	SOCS3	512
MAPK3	HIF1A	969
MAPK3	ALK	536
MAPK3	HSP90AA1	823
MAPK3	KITLG	447
MAPK3	SMAD3	964
MAPK3	FOXO1	959
MAPK3	FGF16	725
MAPK3	IL1A	716
MAPK3	IGF1	697
MAPK3	PROM1	469
MAPK3	ACTB	844
MAPK3	CASP3	985
MAPK3	ICAM1	589
MAPK3	INS	813
MAPK3	CAV1	803
MAPK3	STAT5A	777
MAPK3	RUNX2	766
MAPK3	XIAP	530
MAPK3	PARP1	758
MAPK3	ETS1	945
MAPK3	IL1B	860
MAPK3	TNF	922
MAPK3	MMP1	487
MAPK3	PIK3CA	597
MAPK3	FGFR1	543
MAPK3	SOS1	814
MAPK3	CX3CR1	573
MAPK3	SHC1	780
MAPK3	ESR2	955
MAPK3	IFNA1	425
MAPK3	TLR3	452
MAPK3	KIT	516
MAPK3	CYBB	955
MAPK3	JAK1	594
MAPK3	TLR4	824
MAPK3	WT1	467
MAPK3	RAG1	418
MAPK3	CALM3	673
MAPK3	KLF4	505
MAPK3	IL3	612
MAPK3	CALML3	648
MAPK3	LEP	691
MAPK3	FGF7	748
MAPK3	ACE2	592
MAPK3	CTNNB1	873
MAPK3	CASP9	883
MAPK3	PLG	419
MAPK3	H3-5	609
MAPK3	NOTCH1	714
MAPK3	CD28	412
MAPK3	PRKCA	956
MAPK3	CALML5	648
MAPK3	PTEN	756
MAPK3	BCL2L11	970
MAPK3	MMP3	645
MAPK3	HSPA8	525
MAPK3	ALB	697
MAPK3	VEGFC	463
MAPK3	MAP2K1	999
MAPK3	TYK2	567
MAPK3	PDGFB	569
MAPK3	PTPN11	990
MAPK3	MTOR	762
MAPK3	CSF1	475
MAPK3	GATA4	483
MAPK3	DNMT1	438
MAPK3	EGF	841
MAPK3	ADIPOQ	507
MAPK3	H3C13	611
MAPK3	CBL	456
MAPK3	EDN1	581
MAPK3	RELA	684
MAPK3	SPP1	547
MAPK3	IL17A	724
MAPK3	BDNF	942
MAPK3	SMAD4	744
MAPK3	GATA3	430
MAPK3	CEBPB	947
MAPK3	WNT5A	424
MAPK3	PGR	688
MAPK3	NOS2	461
MAPK3	FN1	829
MAPK3	HNF4A	615
MAPK3	AIF1	503
MAPK3	PECAM1	607
MAPK3	BCL2	985
MAPK3	IL13	487
MAPK3	NFATC1	947
MAPK3	AR	681
MAPK3	NLRP3	421
MAPK3	STAT1	964
MAPK3	MCL1	633
MAPK3	CD86	578
MAPK3	SCARB2	451
ERVW-1	CD4	996
ERVW-1	TNFRSF1A	549
ERVW-1	FGF4	523
ERVW-1	TIMP1	677
ERVW-1	HGF	522
ERVW-1	CCL2	447
ERVW-1	VTN	626
ERVW-1	CD38	432
ERVW-1	NFKB1	400
ERVW-1	CD69	403
ERVW-1	FGF6	516
ERVW-1	IFNG	659
ERVW-1	IL4	525
ERVW-1	NT5E	400
ERVW-1	TLR2	700
ERVW-1	VWF	645
ERVW-1	SCARB1	421
ERVW-1	IL1A	434
ERVW-1	IL1B	589
ERVW-1	CD81	863
ERVW-1	EPCAM	475
ERVW-1	CD80	664
ERVW-1	ICAM1	687
ERVW-1	SCARB2	619
ERVW-1	EGF	739
ERVW-1	FGF7	526
ERVW-1	TP53	400
ERVW-1	ERBB2	507
ERVW-1	IFNA1	533
ERVW-1	NCR1	520
ERVW-1	CCR5	996
ERVW-1	VCAM1	400
ERVW-1	ALB	875
ERVW-1	TLR3	583
ERVW-1	ANPEP	543
ERVW-1	HSPA4	403
ERVW-1	CXCL8	479
ERVW-1	CCL19	487
ERVW-1	PLG	976
ERVW-1	FGF5	517
ERVW-1	CD19	507
ERVW-1	CD209	975
ERVW-1	MET	574
ERVW-1	CALR	579
ERVW-1	HSPA5	549
ERVW-1	CD28	676
ERVW-1	CD86	683
ERVW-1	HSP90AA1	593
ERVW-1	CAV1	582
ERVW-1	CD5	555
ERVW-1	FN1	963
ERVW-1	CR2	709
ERVW-1	HSP90AB1	591
ERVW-1	TLR4	982
ERVW-1	TNFSF13B	488
ERVW-1	IFNB1	488
ERVW-1	TLR7	584
ERVW-1	SQSTM1	416
ERVW-1	HLA-A	403
ERVW-1	INS	635
ERVW-1	PDCD1LG2	586
ERVW-1	CD8A	806
ERVW-1	ACE2	994
ERVW-1	ERV3-1	468
ERVW-1	TNF	627
ERVW-1	FGF16	518
ERVW-1	SIRPA	400
ERVW-1	HSPA8	494
ERVW-1	NCAM1	413
ERVW-1	CTLA4	638
ERVW-1	ACTB	528
ERVW-1	SELL	563
ERVW-1	PECAM1	454
ERVW-1	KITLG	493
ERVW-1	IL17A	458
PDCD1LG2	CD4	945
PDCD1LG2	LAG3	872
PDCD1LG2	GZMB	582
PDCD1LG2	CCL17	426
PDCD1LG2	CCL2	566
PDCD1LG2	CD38	519
PDCD1LG2	NFKB1	425
PDCD1LG2	IL10RA	684
PDCD1LG2	CD69	547
PDCD1LG2	IFNG	834
PDCD1LG2	IL4	654
PDCD1LG2	IL5	585
PDCD1LG2	KLRK1	495
PDCD1LG2	KRAS	470
PDCD1LG2	NT5E	595
PDCD1LG2	TLR2	409
PDCD1LG2	CD33	419
PDCD1LG2	ITGAE	494
PDCD1LG2	IL1A	674
PDCD1LG2	IL1B	582
PDCD1LG2	EPCAM	420
PDCD1LG2	IL7	463
PDCD1LG2	PIK3CA	474
PDCD1LG2	CD80	993
PDCD1LG2	STAT3	697
PDCD1LG2	ICAM1	525
PDCD1LG2	ZAP70	655
PDCD1LG2	CD27	599
PDCD1LG2	TP53	528
PDCD1LG2	ERBB2	514
PDCD1LG2	FCGR2A	453
PDCD1LG2	IFNA1	490
PDCD1LG2	CSF1R	524
PDCD1LG2	CXCL13	425
PDCD1LG2	KIT	405
PDCD1LG2	CCR5	406
PDCD1LG2	TLR3	417
PDCD1LG2	IL13	681
PDCD1LG2	CXCL10	601
PDCD1LG2	CXCL8	493
PDCD1LG2	CXCL11	470
PDCD1LG2	CD19	613
PDCD1LG2	ICOS	972
PDCD1LG2	CD28	976
PDCD1LG2	CSF1	536
PDCD1LG2	CD86	972
PDCD1LG2	PDCD1	999
PDCD1LG2	STAT1	560
PDCD1LG2	CD3E	713
PDCD1LG2	CXCL9	612
PDCD1LG2	FCGR1A	496
PDCD1LG2	ENTPD1	513
PDCD1LG2	PTEN	508
PDCD1LG2	CXCR3	442
PDCD1LG2	TLR4	517
PDCD1LG2	TLR7	623
PDCD1LG2	IRF4	503
PDCD1LG2	ALK	495
PDCD1LG2	HLA-A	486
PDCD1LG2	JAK1	412
PDCD1LG2	IL17A	560
PDCD1LG2	NCAM1	433
PDCD1LG2	CD1D	404
PDCD1LG2	LOC102723407	536
PDCD1LG2	CD48	446
PDCD1LG2	CCL4	406
PDCD1LG2	TLR5	403
PDCD1LG2	CTNNB1	408
PDCD1LG2	ERV3-1	593
PDCD1LG2	BCL2	401
PDCD1LG2	CD8A	910
PDCD1LG2	IDO1	798
PDCD1LG2	SELL	491
PDCD1LG2	BCL6	450
PDCD1LG2	PTPN11	846
PDCD1LG2	CTLA4	998
PDCD1LG2	BRAF	545
PDCD1LG2	TNF	663
PDCD1LG2	FAS	454
PDCD1LG2	SIRPA	439
JAK1	CD4	740
JAK1	TNFRSF1A	704
JAK1	LAG3	408
JAK1	MAPK1	745
JAK1	GZMB	452
JAK1	NFKBIA	502
JAK1	MMP2	476
JAK1	PIK3R2	921
JAK1	HGF	583
JAK1	CSF3	889
JAK1	CCL2	781
JAK1	NFKB1	675
JAK1	IL10RA	999
JAK1	IFNG	993
JAK1	IL4	997
JAK1	IL5	674
JAK1	PLCG1	685
JAK1	EPO	895
JAK1	KRAS	796
JAK1	PDGFRA	919
JAK1	MDM2	688
JAK1	TLR2	480
JAK1	PDGFRB	921
JAK1	SMAD2	439
JAK1	EP300	456
JAK1	IL1A	541
JAK1	IL1B	644
JAK1	IL7	965
JAK1	KDR	947
JAK1	PIK3CA	969
JAK1	CBL	745
JAK1	CD80	508
JAK1	FGF2	598
JAK1	IL11	837
JAK1	STAT3	999
JAK1	ICAM1	603
JAK1	EGF	572
JAK1	TP53	774
JAK1	ERBB2	959
JAK1	IFNAR1	999
JAK1	IL9	968
JAK1	IFNA1	992
JAK1	CCR5	618
JAK1	STAT5B	999
JAK1	REL	425
JAK1	ALB	411
JAK1	TLR3	554
JAK1	IL3	893
JAK1	AXL	914
JAK1	MAP2K1	618
JAK1	IRS1	933
JAK1	IL13	869
JAK1	CXCL10	581
JAK1	FOS	458
JAK1	CXCL8	687
JAK1	EIF2AK3	602
JAK1	CASP3	534
JAK1	CD19	616
JAK1	MET	917
JAK1	CALR	483
JAK1	CD28	574
JAK1	CSF1	434
JAK1	IL3RA	857
JAK1	CASP9	418
JAK1	SOCS3	999
JAK1	CD86	464
JAK1	SMAD3	531
JAK1	PDCD1	498
JAK1	HSP90AA1	516
JAK1	NLRP3	417
JAK1	IL21R	982
JAK1	FGFR3	915
JAK1	STAT5A	999
JAK1	SMAD4	447
JAK1	STAT1	999
JAK1	MTOR	667
JAK1	CXCL9	466
JAK1	PARP1	409
JAK1	IFNGR1	999
JAK1	IL6R	986
JAK1	MCL1	567
JAK1	NRAS	714
JAK1	HSP90AB1	519
JAK1	PTEN	568
JAK1	MMP9	479
JAK1	CSF3R	961
JAK1	TLR4	676
JAK1	SYK	627
JAK1	TNFSF13B	460
JAK1	GATA3	498
JAK1	IFNA2	937
JAK1	IFNB1	932
JAK1	TLR7	681
JAK1	IRF4	478
JAK1	ALK	944
JAK1	INS	422
JAK1	BCL2	611
JAK1	RELA	482
JAK1	BCL6	419
JAK1	SOS1	615
JAK1	CD8A	641
JAK1	ACE2	481
JAK1	TNF	828
JAK1	RHOA	484
JAK1	SHC1	783
JAK1	PRKCA	402
JAK1	PIK3R1	939
JAK1	IKBKB	519
JAK1	IDO1	455
JAK1	TYK2	998
JAK1	HIF1A	477
JAK1	IL12RB1	962
JAK1	UBB	551
JAK1	BTK	457
JAK1	PTPN11	994
JAK1	ACTB	575
JAK1	CTNNB1	554
JAK1	CTLA4	548
JAK1	IL17A	598
JAK1	NOTCH1	531
JAK1	PIK3CB	933
VCAM1	CD74	417
VCAM1	CD4	724
VCAM1	TNFRSF1A	761
VCAM1	FGF4	479
VCAM1	NGFR	451
VCAM1	MAPK1	671
VCAM1	GZMB	430
VCAM1	NFKBIA	787
VCAM1	TIMP1	577
VCAM1	MMP2	640
VCAM1	CCL17	623
VCAM1	RELB	480
VCAM1	HGF	591
VCAM1	MPO	621
VCAM1	CSF3	612
VCAM1	CCL2	907
VCAM1	COL1A1	441
VCAM1	VTN	647
VCAM1	CD38	460
VCAM1	NFKB1	769
VCAM1	CD69	480
VCAM1	FGF6	475
VCAM1	IFNG	748
VCAM1	LOX	510
VCAM1	IL4	666
VCAM1	IL5	582
VCAM1	NR3C1	499
VCAM1	BMP4	400
VCAM1	APOE	799
VCAM1	EPO	420
VCAM1	GFAP	416
VCAM1	PDGFRA	624
VCAM1	NT5E	724
VCAM1	TLR2	723
VCAM1	THBS1	668
VCAM1	ITGAV	716
VCAM1	VWF	857
VCAM1	SCARB1	781
VCAM1	PDGFRB	554
VCAM1	SMAD2	406
VCAM1	ITGA2B	504
VCAM1	ITGAE	602
VCAM1	IL1A	720
VCAM1	IL1B	830
VCAM1	CD81	634
VCAM1	IL7	563
VCAM1	CD80	562
VCAM1	FGF2	613
VCAM1	STAT3	818
VCAM1	ICAM1	999
VCAM1	SCARB2	771
VCAM1	EGF	581
VCAM1	FGF7	523
VCAM1	TP53	503
VCAM1	ERBB2	417
VCAM1	IFNA1	445
VCAM1	CSF1R	649
VCAM1	CXCL13	700
VCAM1	PPARG	635
VCAM1	KIT	729
VCAM1	CCR5	594
VCAM1	FGF5	477
VCAM1	CXCL8	857
VCAM1	CSF1	542
VCAM1	CD19	534
VCAM1	MMP9	748
VCAM1	CCL11	723
VCAM1	CD2	613
VCAM1	SIRPA	473
VCAM1	PDGFB	587
VCAM1	IFNB1	477
VCAM1	ALB	650
VCAM1	VEGFC	497
VCAM1	SDC1	639
VCAM1	MMP3	565
VCAM1	CD8A	790
VCAM1	ANGPT2	614
VCAM1	PTEN	406
VCAM1	FOS	407
VCAM1	CCL19	778
VCAM1	RHOA	501
VCAM1	ITGA2	456
VCAM1	CD28	442
VCAM1	NOTCH1	440
VCAM1	PRKCA	406
VCAM1	CCL20	687
VCAM1	PLG	586
VCAM1	TGFA	416
VCAM1	CTNNB1	509
VCAM1	IL3	479
VCAM1	LEP	586
VCAM1	ACE2	440
VCAM1	RAG1	418
VCAM1	ANGPT1	617
VCAM1	NCAM1	802
VCAM1	KLF4	462
VCAM1	TJP1	521
VCAM1	AOC3	463
VCAM1	VAV1	457
VCAM1	TLR4	772
VCAM1	TLR3	505
VCAM1	CYBB	959
VCAM1	REL	460
VCAM1	IKBKB	699
VCAM1	MET	416
VCAM1	CTLA4	648
VCAM1	SYK	420
VCAM1	STAT1	758
VCAM1	CD86	579
VCAM1	CX3CR1	754
VCAM1	NLRP3	483
VCAM1	TNF	923
VCAM1	MMP1	567
VCAM1	IL13	740
VCAM1	SELL	970
VCAM1	RUNX2	497
VCAM1	IDO1	505
VCAM1	INS	690
VCAM1	BCL2	589
VCAM1	PECAM1	820
VCAM1	CXCR3	742
VCAM1	TNFSF13B	465
VCAM1	CAV1	461
VCAM1	ACTB	605
VCAM1	AXL	489
VCAM1	CASP3	593
VCAM1	FGF16	476
VCAM1	IGF1	683
VCAM1	PROM1	514
VCAM1	CXCL11	562
VCAM1	CD5	491
VCAM1	KITLG	571
VCAM1	SMAD3	604
VCAM1	CCL4	625
VCAM1	NOS2	472
VCAM1	FN1	983
VCAM1	SOCS3	576
VCAM1	HIF1A	604
VCAM1	ERV3-1	400
VCAM1	CSF3R	404
VCAM1	ANPEP	536
VCAM1	NFE2L2	454
VCAM1	SPP1	746
VCAM1	BDNF	553
VCAM1	IL17A	621
VCAM1	IL6R	603
VCAM1	CXCL10	732
VCAM1	ITGB2	998
VCAM1	EDN1	722
VCAM1	TLR7	439
VCAM1	RELA	528
VCAM1	CXCL9	675
VCAM1	CXCL2	572
VCAM1	ADIPOQ	632
TLR2	CD74	612
TLR2	CD4	814
TLR2	TNFRSF1A	745
TLR2	GZMB	534
TLR2	NFKBIA	749
TLR2	TIMP1	426
TLR2	MMP2	639
TLR2	CCL17	454
TLR2	RELB	546
TLR2	MPO	611
TLR2	CSF3	582
TLR2	CCL2	790
TLR2	NFKB1	992
TLR2	SPI1	703
TLR2	IL10RA	564
TLR2	CD69	511
TLR2	IFNG	918
TLR2	IL4	834
TLR2	IL5	609
TLR2	KLRK1	429
TLR2	TNFSF10	567
TLR2	APOE	543
TLR2	GFAP	404
TLR2	SYK	701
TLR2	SCARB2	996
TLR2	CTLA4	515
TLR2	IKBKB	630
TLR2	BTK	606
TLR2	CD209	791
TLR2	CD86	805
TLR2	IL7	474
TLR2	STAT1	681
TLR2	NLRP3	849
TLR2	CALR	614
TLR2	CX3CR1	741
TLR2	IL3RA	416
TLR2	MMP1	415
TLR2	ITGAE	644
TLR2	NFATC1	407
TLR2	THBS1	624
TLR2	TNF	951
TLR2	IL1B	969
TLR2	IDO1	573
TLR2	SELL	561
TLR2	IL13	702
TLR2	STAT5A	634
TLR2	TNFSF13B	576
TLR2	BCL2	632
TLR2	PECAM1	533
TLR2	CXCR3	466
TLR2	IL9	425
TLR2	INS	569
TLR2	ICAM1	714
TLR2	CASP3	594
TLR2	ACTB	644
TLR2	AIF1	627
TLR2	IGF1	525
TLR2	IL1A	870
TLR2	CCL4	763
TLR2	CD48	424
TLR2	CXCL11	492
TLR2	HSP90AA1	982
TLR2	FN1	917
TLR2	NOS2	692
TLR2	ERV3-1	686
TLR2	IRF4	413
TLR2	HIF1A	499
TLR2	SOCS3	732
TLR2	CSF3R	452
TLR2	CEBPB	434
TLR2	GATA3	412
TLR2	CXCL10	902
TLR2	IL6R	481
TLR2	BDNF	615
TLR2	HSP90AB1	982
TLR2	IL17A	766
TLR2	H3C12	635
TLR2	TP53	435
TLR2	STAT3	656
TLR2	NFE2L2	408
TLR2	CD27	444
TLR2	SPP1	440
TLR2	ANPEP	488
TLR2	HSPA4	992
TLR2	RELA	956
TLR2	IFNA2	422
TLR2	TLR7	634
TLR2	ITGB2	791
TLR2	H3C13	632
TLR2	ADIPOQ	407
TLR2	CXCL2	774
TLR2	EGF	417
TLR2	CXCL9	739
TLR2	IL12RB1	460
TLR2	FCGR2A	785
TLR2	CD19	576
TLR2	CSF1	605
TLR2	CXCL8	883
TLR2	MTOR	444
TLR2	CCR5	679
TLR2	CD2	447
TLR2	CCL11	466
TLR2	MMP9	802
TLR2	TYROBP	681
TLR2	IFNGR1	530
TLR2	IFNB1	910
TLR2	SIRPA	501
TLR2	TYK2	402
TLR2	MAP2K1	438
TLR2	VWF	445
TLR2	SCARB1	996
TLR2	ALB	733
TLR2	CD8A	748
TLR2	HSPA8	953
TLR2	MMP3	439
TLR2	CXCL13	626
TLR2	BCL2L11	405
TLR2	FOS	689
TLR2	CR2	526
TLR2	CD80	749
TLR2	CD33	449
TLR2	IFNAR1	580
TLR2	BCL6	451
TLR2	CCL19	438
TLR2	CCL20	608
TLR2	PIK3R1	641
TLR2	CD28	480
TLR2	NOTCH1	407
TLR2	H3-5	632
TLR2	FGF2	513
TLR2	CTNNB1	463
TLR2	TLR5	982
TLR2	ACE2	414
TLR2	PPARG	590
TLR2	LEP	443
TLR2	IL3	416
TLR2	TJP1	507
TLR2	NCAM1	431
TLR2	ICOS	410
TLR2	KLF4	611
TLR2	NOD2	983
TLR2	RAG1	423
TLR2	FCGR1A	632
TLR2	TLR4	999
TLR2	MAPK8	507
TLR2	VAV1	547
TLR2	CSF1R	765
TLR2	CYBB	786
TLR2	ENTPD1	479
TLR2	TLR3	854
TLR2	IFNA1	792
TLR2	CD1D	534
TLR2	REL	556
INS	CD4	829
INS	SNAI2	442
INS	TNFRSF1A	447
INS	FGF4	821
INS	NGFR	786
INS	MAPK1	763
INS	NFKBIA	605
INS	TIMP1	519
INS	MMP2	524
INS	PIK3R2	678
INS	HGF	789
INS	MPO	652
INS	CSF3	709
INS	RPS6KB1	876
INS	CCL2	780
INS	COL1A1	531
INS	VTN	502
INS	NFKB1	875
INS	FGF6	823
INS	CDKN1B	465
INS	IFNG	813
INS	NANOG	613
INS	LOX	594
INS	IL4	683
INS	IL5	501
INS	NR3C1	629
INS	EGR1	494
INS	FLT3	763
INS	TWIST1	427
INS	BMP4	656
INS	APOE	920
INS	EPO	793
INS	GFAP	578
INS	KRAS	541
INS	CCNB1	416
INS	PDGFRA	949
INS	NT5E	626
INS	CDK4	549
INS	MDM2	483
INS	POU5F1	629
INS	THBS1	456
INS	CCND2	431
INS	VWF	617
INS	SCARB1	727
INS	PDGFRB	975
INS	SMAD2	566
INS	EP300	435
INS	IL1A	732
INS	IL1B	896
INS	EPCAM	511
INS	IL7	424
INS	KDR	850
INS	PIK3CA	585
INS	CBL	445
INS	CD80	514
INS	FGF2	842
INS	IL11	585
INS	WNT5A	426
INS	STAT3	885
INS	ICAM1	668
INS	PPARGC1A	930
INS	SCARB2	722
INS	EGF	995
INS	FGF7	764
INS	TP53	879
INS	ERBB2	965
INS	FCGR2A	465
INS	IFNA1	527
INS	WNT3A	548
INS	CSF1R	781
INS	PPARG	944
INS	KIT	958
INS	CALM3	770
INS	STAT5B	688
INS	REL	427
INS	ALB	999
INS	TLR3	418
INS	IL3	728
INS	MMP3	643
INS	ANPEP	428
INS	MAP2K1	555
INS	HSPA4	542
INS	CALML6	764
INS	IRS1	999
INS	IL13	570
INS	CEBPB	767
INS	CXCL10	495
INS	FOS	674
INS	CXCL8	650
INS	EIF2AK3	597
INS	CYCS	952
INS	PLG	618
INS	CASP3	761
INS	FGF5	821
INS	LEP	985
INS	HNF4A	648
INS	CD19	501
INS	ANGPT2	415
INS	CALML3	764
INS	MET	823
INS	CALR	402
INS	MMP1	407
INS	HSPA5	678
INS	PGR	622
INS	NOS2	490
INS	CSF1	465
INS	CASP9	544
INS	SOCS3	676
INS	PDGFB	936
INS	CD86	455
INS	SMAD3	695
INS	H3C13	598
INS	HSP90AA1	549
INS	NLRP3	469
INS	CAV1	810
INS	FGFR3	933
INS	H3-5	581
INS	STAT5A	689
INS	SMAD4	495
INS	CD5	514
INS	ESR2	614
INS	E2F1	421
INS	PDGFA	929
INS	FN1	701
INS	TJP1	529
INS	H3C12	582
INS	DNMT1	483
INS	STAT1	537
INS	MTOR	882
INS	PARP1	507
INS	FCGR1A	777
INS	CD2	650
INS	PRKACB	732
INS	DNTT	556
INS	XIAP	445
INS	RUNX2	589
INS	HSP90AB1	548
INS	PTEN	869
INS	MMP9	655
INS	DKK1	456
INS	TLR4	710
INS	KLF4	542
INS	AR	607
INS	AIF1	436
INS	CYBB	545
INS	WT1	426
INS	EDN1	797
INS	FOXO1	944
INS	IFNA2	617
INS	IFNB1	466
INS	CALML5	764
INS	ALK	429
INS	SQSTM1	445
INS	IGF1	999
INS	BCL2L11	476
INS	KEAP1	502
INS	SPP1	597
INS	CDK1	430
INS	MAPK8	740
INS	HLA-A	751
INS	NFE2L2	627
INS	SOS1	663
INS	FGFR1	965
INS	TNF	926
INS	CTLA4	700
INS	SHC1	793
INS	IKBKB	721
INS	ACTB	801
INS	PROM1	527
INS	FGF16	816
INS	IDO1	438
INS	VIM	431
INS	PECAM1	708
INS	BCL2	721
INS	ERV3-1	623
INS	HIF1A	679
INS	CCL4	595
INS	KITLG	723
INS	PAX6	906
INS	ADIPOQ	961
INS	IGF2	981
INS	IL17A	634
INS	BDNF	750
INS	RELA	615
INS	PIK3CB	485
INS	SIRPA	563
INS	GATA4	503
INS	BRAF	505
INS	PTPN11	480
INS	RHOA	569
INS	FGF13	775
INS	CD8A	690
INS	HSPA8	622
INS	CTNNB1	727
INS	ACE2	616
INS	PRKCA	509
INS	PIK3R1	824
INS	NOTCH1	475
INS	TGFA	956
INS	NTRK1	996
INS	NCAM1	498
INS	ANGPT1	444
CCL17	CD4	718
CCL17	GZMB	415
CCL17	TIMP1	601
CCL17	IL7	766
CCL17	CD86	627
CCL17	CD209	415
CCL17	STAT1	448
CCL17	MMP9	455
CCL17	CCL11	616
CCL17	CSF1	570
CCL17	CCR5	981
CCL17	CXCL8	857
CCL17	CTLA4	499
CCL17	IL21R	463
CCL17	TNF	709
CCL17	IL1B	684
CCL17	ITGAE	453
CCL17	IL5	776
CCL17	PDCD1	588
CCL17	IL3RA	543
CCL17	CX3CR1	799
CCL17	IFNB1	412
CCL17	TNFSF13B	411
CCL17	CD8A	742
CCL17	ICAM1	524
CCL17	IL9	757
CCL17	CXCL13	797
CCL17	CXCR3	956
CCL17	SELL	449
CCL17	SDC1	703
CCL17	IDO1	470
CCL17	STAT5A	547
CCL17	STAT5B	535
CCL17	IL13	913
CCL17	IFNG	764
CCL17	CCL19	854
CCL17	IL1A	633
CCL17	CSF3	516
CCL17	CD80	587
CCL17	CCL20	741
CCL17	CCL4	943
CCL17	CXCL11	758
CCL17	CD28	402
CCL17	KLRK1	536
CCL17	GATA3	452
CCL17	IL3	552
CCL17	CCL2	750
CCL17	IRF4	461
CCL17	CSF1R	418
CCL17	TLR4	454
CCL17	FCGR1A	407
CCL17	IL17A	682
CCL17	ICOS	400
CCL17	CXCL10	883
CCL17	STAT3	445
CCL17	CD1D	427
CCL17	IFNA1	434
CCL17	IL4	794
CCL17	CXCL9	791
CCL17	CXCL2	743
EPO	CD4	516
EPO	FGF4	492
EPO	HGF	521
EPO	MPO	404
EPO	CSF3	990
EPO	CCL2	446
EPO	IL10RA	668
EPO	FGF6	484
EPO	IFNG	726
EPO	IL4	654
EPO	IL5	471
EPO	FLT3	498
EPO	PLCG1	579
EPO	BMP4	404
EPO	STAT3	594
EPO	ANPEP	414
EPO	CYCS	418
EPO	KDR	692
EPO	IL6R	734
EPO	EP300	699
EPO	BDNF	753
EPO	TP53	479
EPO	PIK3CB	518
EPO	EDN1	542
EPO	CBL	509
EPO	IFNA2	480
EPO	EGF	533
EPO	IL12RB1	694
EPO	KEAP1	450
EPO	ITGA2B	514
EPO	PDGFRB	774
EPO	KITLG	818
EPO	FN1	433
EPO	HIF1A	967
EPO	SOCS3	587
EPO	CSF3R	907
EPO	STAT5A	889
EPO	BCL2	535
EPO	PECAM1	486
EPO	CXCR3	444
EPO	ACTB	493
EPO	CASP3	542
EPO	IGF1	622
EPO	IL1A	559
EPO	FGF16	491
EPO	PROM1	431
EPO	SCARB2	403
EPO	SHC1	763
EPO	NT5E	413
EPO	IL7	449
EPO	IL3RA	818
EPO	TNF	621
EPO	IL1B	614
EPO	SOS1	573
EPO	PIK3CA	560
EPO	ANGPT1	517
EPO	FCGR1A	454
EPO	TLR4	419
EPO	VAV1	593
EPO	PDGFRA	744
EPO	KRAS	609
EPO	KIT	736
EPO	IFNA1	516
EPO	PIK3R1	560
EPO	PLG	461
EPO	FGF2	582
EPO	LEP	947
EPO	IL3	956
EPO	FGF7	492
EPO	ALB	784
EPO	IL11	575
EPO	STAT5B	896
EPO	VWF	448
EPO	NRAS	599
EPO	SCARB1	411
EPO	CD8A	444
EPO	ANGPT2	477
EPO	IFNAR1	707
EPO	MTOR	447
EPO	CXCL8	618
EPO	FGF5	453
EPO	CSF1	432
EPO	CCL11	521
EPO	MMP9	446
EPO	GFAP	429
EPO	IFNB1	638
EPO	IFNGR1	691
EPO	IL21R	665
EPO	TYK2	704
SIRPA	CD4	724
SIRPA	LAG3	418
SIRPA	GZMB	439
SIRPA	CCL2	508
SIRPA	SPI1	481
SIRPA	IFNG	606
SIRPA	IL4	522
SIRPA	FLT3	540
SIRPA	KRAS	463
SIRPA	NT5E	404
SIRPA	THBS1	756
SIRPA	SCARB1	640
SIRPA	CD33	673
SIRPA	TYROBP	941
SIRPA	ITGAE	640
SIRPA	IL1B	532
SIRPA	CD81	467
SIRPA	EPCAM	573
SIRPA	CD80	643
SIRPA	STAT3	463
SIRPA	ICAM1	620
SIRPA	SCARB2	648
SIRPA	CD27	551
SIRPA	FCGR2A	640
SIRPA	IFNA1	416
SIRPA	CSF1R	758
SIRPA	KIT	464
SIRPA	STAT5B	572
SIRPA	TLR3	442
SIRPA	IL3	454
SIRPA	AXL	460
SIRPA	IRS1	508
SIRPA	IL13	424
SIRPA	AOC3	422
SIRPA	CD19	520
SIRPA	CD209	467
SIRPA	CALR	823
SIRPA	CD28	557
SIRPA	CSF1	741
SIRPA	IL3RA	462
SIRPA	CD86	614
SIRPA	PDCD1	474
SIRPA	STAT5A	560
SIRPA	CD5	552
SIRPA	CX3CR1	809
SIRPA	STAT1	446
SIRPA	CR2	429
SIRPA	FCGR1A	643
SIRPA	ENTPD1	600
SIRPA	MMP9	473
SIRPA	TLR4	613
SIRPA	SYK	940
SIRPA	CYBB	475
SIRPA	GATA3	409
SIRPA	TLR7	453
SIRPA	IRF4	532
SIRPA	ITGB2	536
SIRPA	CD8A	660
SIRPA	TNF	542
SIRPA	SHC1	654
SIRPA	IDO1	445
SIRPA	PECAM1	600
SIRPA	VAV1	442
SIRPA	PTPN11	999
SIRPA	CTLA4	782
SIRPA	SELL	428
SIRPA	IL17A	402
PRDM1	CD4	676
PRDM1	LAG3	601
PRDM1	GZMB	659
PRDM1	CD38	624
PRDM1	NFKB1	449
PRDM1	SPI1	539
PRDM1	IL10RA	459
PRDM1	CD69	617
PRDM1	IFNG	642
PRDM1	NANOG	474
PRDM1	IL4	546
PRDM1	BMP4	513
PRDM1	POU5F1	485
PRDM1	ITGAE	514
PRDM1	IL1B	440
PRDM1	IL7	434
PRDM1	CD80	451
PRDM1	STAT3	942
PRDM1	LEF1	500
PRDM1	CD27	628
PRDM1	TP53	870
PRDM1	CXCL13	464
PRDM1	CCR5	430
PRDM1	STAT5B	563
PRDM1	REL	448
PRDM1	RAG1	573
PRDM1	FOS	460
PRDM1	HNF4A	536
PRDM1	CD19	726
PRDM1	ICOS	660
PRDM1	HSPA5	526
PRDM1	CD28	598
PRDM1	CD86	502
PRDM1	H3C13	544
PRDM1	PDCD1	536
PRDM1	HSP90AA1	556
PRDM1	IL21R	705
PRDM1	STAT5A	558
PRDM1	CD5	463
PRDM1	STAT1	484
PRDM1	CR2	502
PRDM1	MCL1	402
PRDM1	LOC102723407	578
PRDM1	IL12RB1	401
PRDM1	HSP90AB1	569
PRDM1	IL17A	480
PRDM1	GATA3	601
PRDM1	HIF1A	600
PRDM1	IRF4	938
PRDM1	FOXO1	529
PRDM1	BCL2	515
PRDM1	CXCR3	537
PRDM1	TNFSF13B	552
PRDM1	ETS1	524
PRDM1	SELL	601
PRDM1	NFATC1	544
PRDM1	TNF	523
PRDM1	BTK	421
PRDM1	CTLA4	630
PRDM1	NCAM1	530
PRDM1	CTNNB1	587
PRDM1	BCL6	558
PRDM1	BCL2L11	404
PRDM1	CD8A	688
PRDM1	SDC1	827
PRDM1	FAS	444
PRDM1	GATA4	602
AXL	CD4	604
AXL	SNAI2	550
AXL	MMP2	416
AXL	PIK3R2	711
AXL	HGF	547
AXL	CCL2	487
AXL	NFKB1	422
AXL	IFNG	519
AXL	IL4	424
AXL	TNFSF10	441
AXL	TWIST1	420
AXL	PLCG1	937
AXL	APOE	456
AXL	KRAS	576
AXL	THBS1	670
AXL	VWF	436
AXL	SCARB1	425
AXL	PDGFRB	582
AXL	IL1B	508
AXL	KDR	641
AXL	PIK3CA	743
AXL	CBL	635
AXL	WNT5A	630
AXL	STAT3	547
AXL	SCARB2	416
AXL	EGF	511
AXL	TP53	522
AXL	ERBB2	763
AXL	IFNAR1	925
AXL	IFNA1	428
AXL	KIT	500
AXL	TLR3	408
AXL	PTPN11	438
AXL	MMP9	401
AXL	CSF1	614
AXL	MTOR	439
AXL	RHOA	404
AXL	PTEN	512
AXL	CD8A	473
AXL	NRAS	543
AXL	VEGFC	423
AXL	ACE2	403
AXL	CTNNB1	553
AXL	PRKCA	453
AXL	PIK3R1	890
AXL	FCGR1A	439
AXL	VAV1	600
AXL	FGFR1	447
AXL	TNF	515
AXL	CX3CR1	498
AXL	CD209	712
AXL	CD86	434
AXL	STAT1	672
AXL	SYK	555
AXL	CTLA4	434
AXL	MET	621
AXL	SHC1	957
AXL	AIF1	433
AXL	IGF1	670
AXL	CASP3	451
AXL	ACTB	487
AXL	CAV1	441
AXL	VIM	439
AXL	BCL2	463
AXL	HIF1A	484
AXL	SOCS3	743
AXL	HSP90AA1	786
AXL	FN1	534
AXL	KITLG	509
AXL	IGF2	530
AXL	PIK3CB	605
AXL	IL6R	476
AXL	HSP90AB1	693
FGF13	NGFR	400
FGF13	MAPK1	588
FGF13	TIMP1	463
FGF13	MMP2	485
FGF13	PIK3R2	407
FGF13	HGF	763
FGF13	CSF3	952
FGF13	CCL2	579
FGF13	COL1A1	454
FGF13	VTN	459
FGF13	CD69	475
FGF13	IFNG	681
FGF13	NANOG	740
FGF13	IL4	465
FGF13	IL5	620
FGF13	EGR1	403
FGF13	FLT3	626
FGF13	PLCG1	444
FGF13	BMP4	737
FGF13	GFAP	596
FGF13	PDGFRA	805
FGF13	NT5E	472
FGF13	POU5F1	611
FGF13	THBS1	584
FGF13	CCND2	544
FGF13	VWF	427
FGF13	PDGFRB	620
FGF13	SMAD2	519
FGF13	IL1A	628
FGF13	IL1B	749
FGF13	IL7	666
FGF13	KDR	957
FGF13	PIK3CA	481
FGF13	WNT5A	459
FGF13	STAT3	513
FGF13	ICAM1	532
FGF13	EGF	975
FGF13	TP53	505
FGF13	ERBB2	456
FGF13	IL9	486
FGF13	WNT3A	730
FGF13	CSF1R	402
FGF13	PPARG	592
FGF13	KIT	544
FGF13	WNT4	562
FGF13	CALM3	931
FGF13	ALB	604
FGF13	IL3	474
FGF13	MMP3	424
FGF13	CCL11	960
FGF13	MAP2K1	417
FGF13	AXIN2	543
FGF13	CALML6	544
FGF13	IL13	461
FGF13	CXCL10	513
FGF13	FOS	610
FGF13	CXCL8	730
FGF13	CYCS	417
FGF13	CASP3	484
FGF13	ANGPT2	714
FGF13	CALML3	595
FGF13	MET	601
FGF13	MMP1	442
FGF13	CSF1	418
FGF13	PDGFB	835
FGF13	SMAD3	412
FGF13	HSP90AA1	561
FGF13	FGFR3	997
FGF13	PDGFA	572
FGF13	FN1	770
FGF13	CXCL9	590
FGF13	RUNX2	587
FGF13	HSP90AB1	558
FGF13	PTEN	412
FGF13	MMP9	708
FGF13	DKK1	446
FGF13	KLF4	544
FGF13	EDN1	636
FGF13	IFNA2	848
FGF13	CALML5	595
FGF13	SDC1	741
FGF13	IGF1	744
FGF13	SPP1	486
FGF13	BCL2	446
FGF13	IGF2	506
FGF13	FGFR1	998
FGF13	TNF	584
FGF13	PECAM1	594
FGF13	VIM	597
FGF13	ACTB	544
FGF13	PROM1	441
FGF13	CCL4	479
FGF13	KITLG	447
FGF13	PAX6	609
FGF13	HIF1A	558
FGF13	BDNF	665
FGF13	IL17A	446
FGF13	GATA4	441
FGF13	BRAF	556
FGF13	VEGFC	658
FGF13	TGFA	583
FGF13	NTRK1	622
FGF13	CTNNB1	593
FGF13	ANGPT1	692
FGF13	NCAM1	401
H3-5	CD4	524
H3-5	SNAI2	441
H3-5	MAPK1	405
H3-5	NFKBIA	562
H3-5	RELB	420
H3-5	MPO	886
H3-5	RPS6KB1	454
H3-5	CCL2	425
H3-5	NFKB1	678
H3-5	SPI1	447
H3-5	CDKN1B	474
H3-5	IFNG	481
H3-5	NANOG	728
H3-5	LOX	406
H3-5	NR3C1	437
H3-5	EGR1	491
H3-5	GFAP	487
H3-5	KRAS	453
H3-5	CCNB1	697
H3-5	CDK4	567
H3-5	MDM2	532
H3-5	POU5F1	629
H3-5	CCND2	427
H3-5	VWF	549
H3-5	SMAD2	446
H3-5	EP300	849
H3-5	IL1B	538
H3-5	FGF2	482
H3-5	STAT3	609
H3-5	PPARGC1A	475
H3-5	LEF1	405
H3-5	EGF	583
H3-5	TP53	864
H3-5	ERBB2	504
H3-5	PPARG	508
H3-5	KIT	422
H3-5	CALM3	450
H3-5	STAT5B	407
H3-5	REL	461
H3-5	ALB	668
H3-5	TLR3	567
H3-5	MAP2K1	647
H3-5	HSPA4	704
H3-5	CALML6	420
H3-5	CEBPB	466
H3-5	FOS	626
H3-5	CXCL8	443
H3-5	EIF2AK3	433
H3-5	CYCS	485
H3-5	CASP3	730
H3-5	HNF4A	484
H3-5	CALML3	448
H3-5	HSPA5	401
H3-5	PGR	418
H3-5	CASP9	466
H3-5	SMAD3	447
H3-5	H3C13	871
H3-5	HSP90AA1	736
H3-5	IRF4	446
H3-5	HIF1A	595
H3-5	GATA3	477
H3-5	FOXO1	549
H3-5	FN1	455
H3-5	PAX6	532
H3-5	LOC102723407	593
H3-5	IGF2	431
H3-5	DNMT1	975
H3-5	SMAD4	402
H3-5	BDNF	515
H3-5	HSP90AB1	735
H3-5	H3C12	856
H3-5	NFE2L2	424
H3-5	PRKACB	407
H3-5	RELA	720
H3-5	AR	575
H3-5	TNF	711
H3-5	IKBKB	612
H3-5	MCL1	435
H3-5	STAT1	477
H3-5	ACTB	812
H3-5	IGF1	412
H3-5	UBB	437
H3-5	PARP1	670
H3-5	XIAP	400
H3-5	RUNX2	453
H3-5	STAT5A	420
H3-5	PECAM1	454
H3-5	BCL2	613
H3-5	CTNNB1	686
H3-5	CALML5	448
H3-5	NOTCH1	486
H3-5	E2F1	707
H3-5	KLF4	539
H3-5	MAPK8	400
H3-5	TLR4	690
H3-5	GATA4	531
H3-5	BRAF	458
H3-5	CDK1	689
H3-5	MTOR	485
H3-5	BMI1	737
H3-5	MMP9	662
H3-5	PTEN	596
H3-5	DNTT	463
H3-5	BCL6	412
H3-5	CD8A	448
H3-5	BCL2L11	433
STAT3	CD74	403
STAT3	CD4	892
STAT3	SNAI2	629
STAT3	TNFRSF1A	829
STAT3	FGF4	591
STAT3	LAG3	544
STAT3	MAPK1	996
STAT3	GZMB	590
STAT3	NFKBIA	741
STAT3	TIMP1	772
STAT3	MMP2	916
STAT3	RELB	689
STAT3	PIK3R2	724
STAT3	HGF	829
STAT3	MPO	530
STAT3	CSF3	916
STAT3	RPS6KB1	631
STAT3	CCL2	867
STAT3	COL1A1	432
STAT3	CD38	484
STAT3	NFKB1	962
STAT3	SPI1	560
STAT3	IL10RA	984
STAT3	CD69	498
STAT3	FGF6	551
STAT3	CDKN1B	541
STAT3	IFNG	907
STAT3	NANOG	995
STAT3	LOX	664
STAT3	IL4	920
STAT3	IL5	595
STAT3	NR3C1	981
STAT3	EGR1	761
STAT3	KLRK1	530
STAT3	TNFSF10	473
STAT3	FLT3	971
STAT3	TWIST1	880
STAT3	PLCG1	459
STAT3	BMP4	534
STAT3	APOE	487
STAT3	GFAP	590
STAT3	KRAS	817
STAT3	CCNB1	613
STAT3	PDGFRA	961
STAT3	NT5E	471
STAT3	CDK4	640
STAT3	MDM2	715
STAT3	POU5F1	946
STAT3	THBS1	526
STAT3	ITGAV	516
STAT3	CCND2	541
STAT3	SCARB1	483
STAT3	PDGFRB	915
STAT3	SMAD2	690
STAT3	CD33	471
STAT3	ITGAE	433
STAT3	EP300	999
STAT3	IL1A	861
STAT3	IL1B	938
STAT3	CD81	435
STAT3	EPCAM	512
STAT3	IL7	630
STAT3	KDR	655
STAT3	PIK3CA	859
STAT3	CBL	880
STAT3	CD80	809
STAT3	FGF2	835
STAT3	IL11	717
STAT3	WNT5A	503
STAT3	TYK2	997
STAT3	IL21R	981
STAT3	FAS	490
STAT3	MAP2K1	669
STAT3	IFNGR1	832
STAT3	IRS1	734
STAT3	IFNB1	741
STAT3	PDGFB	710
STAT3	BMI1	548
STAT3	PTPN11	984
STAT3	DKK1	411
STAT3	CCL11	695
STAT3	MMP9	890
STAT3	CDK1	554
STAT3	CSF1	802
STAT3	GATA4	483
STAT3	BRAF	773
STAT3	CD19	726
STAT3	FGF5	583
STAT3	CCR5	820
STAT3	CXCL8	857
STAT3	MTOR	926
STAT3	BCL6	903
STAT3	IFNAR1	906
STAT3	CCL19	673
STAT3	RHOA	622
STAT3	DNTT	451
STAT3	PDGFA	725
STAT3	FOS	995
STAT3	PTEN	794
STAT3	NCR1	406
STAT3	MMP3	892
STAT3	CD8A	839
STAT3	HSPA8	534
STAT3	CXCL13	495
STAT3	BCL2L11	591
STAT3	VEGFC	480
STAT3	SDC1	448
STAT3	NRAS	535
STAT3	ALB	694
STAT3	STAT5B	998
STAT3	ACE2	628
STAT3	FGF7	579
STAT3	PPARG	826
STAT3	TLR5	461
STAT3	IL3	711
STAT3	HLA-A	426
STAT3	LEP	933
STAT3	PPARGC1A	538
STAT3	CTNNB1	897
STAT3	CASP9	648
STAT3	HSPA5	681
STAT3	E2F1	797
STAT3	PLG	611
STAT3	TGFA	714
STAT3	NTRK1	884
STAT3	CCL20	782
STAT3	NOTCH1	677
STAT3	CD28	616
STAT3	PRKCA	644
STAT3	PIK3R1	918
STAT3	REL	640
STAT3	IFNA1	696
STAT3	ENTPD1	465
STAT3	CYBB	527
STAT3	KIT	960
STAT3	TLR3	606
STAT3	WNT3A	445
STAT3	VAV1	442
STAT3	CSF1R	795
STAT3	FCGR1A	417
STAT3	MAPK8	900
STAT3	TLR4	846
STAT3	KLF4	750
STAT3	ICOS	598
STAT3	NCAM1	625
STAT3	CALM3	607
STAT3	NOD2	510
STAT3	TJP1	589
STAT3	RAG1	452
STAT3	ERBB2	948
STAT3	FGFR1	657
STAT3	TNF	939
STAT3	MMP1	869
STAT3	NFATC1	690
STAT3	NLRP3	558
STAT3	PDCD1	639
STAT3	AR	907
STAT3	CX3CR1	435
STAT3	LEF1	472
STAT3	CALR	483
STAT3	MCL1	883
STAT3	CD86	806
STAT3	BTK	589
STAT3	STAT1	999
STAT3	SYK	980
STAT3	IKBKB	749
STAT3	SHC1	893
STAT3	CTLA4	674
STAT3	SCARB2	508
STAT3	ESR2	475
STAT3	MET	981
STAT3	AIF1	453
STAT3	PROM1	641
STAT3	FGF16	542
STAT3	IGF1	845
STAT3	HNF4A	557
STAT3	CASP3	804
STAT3	ACTB	798
STAT3	EIF2AK3	807
STAT3	CAV1	759
STAT3	VIM	826
STAT3	TNFSF13B	487
STAT3	IL9	855
STAT3	ICAM1	832
STAT3	CXCR3	526
STAT3	PECAM1	621
STAT3	BCL2	959
STAT3	RUNX2	762
STAT3	PARP1	657
STAT3	SELL	513
STAT3	XIAP	637
STAT3	ETS1	691
STAT3	IDO1	631
STAT3	STAT5A	997
STAT3	IL13	843
STAT3	CSF3R	907
STAT3	CEBPB	984
STAT3	GATA3	883
STAT3	PGR	858
STAT3	SOCS3	994
STAT3	HIF1A	994
STAT3	IRF4	973
STAT3	FN1	988
STAT3	ALK	893
STAT3	HSP90AA1	971
STAT3	NOS2	749
STAT3	KITLG	725
STAT3	CD5	411
STAT3	FOXO1	964
STAT3	CCL4	746
STAT3	SMAD3	909
STAT3	CXCL11	482
STAT3	IGF2	639
STAT3	DNMT1	957
STAT3	FCGR2A	416
STAT3	ZAP70	501
STAT3	ADIPOQ	581
STAT3	FGFR3	614
STAT3	IL12RB1	976
STAT3	KEAP1	659
STAT3	LOC102723407	401
STAT3	SQSTM1	680
STAT3	CXCL2	766
STAT3	CXCL9	565
STAT3	EGF	907
STAT3	IFNA2	474
STAT3	PRKACB	490
STAT3	HSPA4	688
STAT3	RELA	992
STAT3	EDN1	656
STAT3	ITGB2	684
STAT3	H3C13	623
STAT3	PIK3CB	667
STAT3	TLR7	727
STAT3	IL17A	944
STAT3	HSP90AB1	890
STAT3	BDNF	685
STAT3	TP53	994
STAT3	H3C12	609
STAT3	CXCL10	820
STAT3	IL6R	993
STAT3	SMAD4	768
STAT3	CYCS	628
STAT3	SPP1	538
STAT3	NFE2L2	742
STAT3	CD27	462
IFNGR1	CD4	739
IFNGR1	TNFRSF1A	804
IFNGR1	GZMB	427
IFNGR1	PIK3R2	905
IFNGR1	CSF3	791
IFNGR1	CCL2	400
IFNGR1	NFKB1	458
IFNGR1	IL10RA	777
IFNGR1	IFNG	999
IFNGR1	IL4	892
IFNGR1	IL5	838
IFNGR1	KRAS	971
IFNGR1	PDGFRA	481
IFNGR1	IL1A	418
IFNGR1	IL1B	531
IFNGR1	IL7	817
IFNGR1	PIK3CA	914
IFNGR1	CD80	433
IFNGR1	IL11	700
IFNGR1	EGF	712
IFNGR1	IFNAR1	992
IFNGR1	IL9	719
IFNGR1	IFNA1	963
IFNGR1	STAT5B	622
IFNGR1	TLR3	473
IFNGR1	IL3	728
IFNGR1	IL13	848
IFNGR1	CXCL10	538
IFNGR1	FOS	558
IFNGR1	CXCL8	437
IFNGR1	LEP	674
IFNGR1	NOS2	551
IFNGR1	SOCS3	818
IFNGR1	PDGFB	680
IFNGR1	CD86	543
IFNGR1	PDCD1	590
IFNGR1	IL21R	553
IFNGR1	STAT5A	627
IFNGR1	PDGFA	671
IFNGR1	STAT1	999
IFNGR1	CXCL9	488
IFNGR1	IL12RB1	867
IFNGR1	IFNA2	891
IFNGR1	TLR7	418
IFNGR1	PIK3CB	913
IFNGR1	IL6R	773
IFNGR1	IL17A	761
IFNGR1	CXCR3	407
IFNGR1	IDO1	440
IFNGR1	FGFR1	561
IFNGR1	TNF	772
IFNGR1	CTLA4	586
IFNGR1	CYBB	473
IFNGR1	TLR4	687
IFNGR1	PIK3R1	917
IFNGR1	CD8A	710
IFNGR1	NRAS	918
IFNGR1	FAS	537
IFNGR1	TYK2	976
IFNGR1	IFNB1	940
IFNGR1	PTPN11	547
FGF4	CD4	424
FGF4	SNAI2	483
FGF4	THBS1	480
FGF4	TNF	768
FGF4	IL1B	660
FGF4	MMP1	443
FGF4	FGFR1	999
FGF4	PIK3CA	605
FGF4	SOS1	553
FGF4	WNT4	454
FGF4	AR	403
FGF4	LEF1	463
FGF4	IL7	474
FGF4	NANOG	708
FGF4	NT5E	521
FGF4	SHC1	565
FGF4	MET	864
FGF4	FGF16	562
FGF4	IGF1	788
FGF4	IL1A	588
FGF4	UBB	507
FGF4	HNF4A	480
FGF4	PROM1	517
FGF4	POU5F1	745
FGF4	ACTB	547
FGF4	NFKB1	418
FGF4	CASP3	494
FGF4	IL9	461
FGF4	ICAM1	476
FGF4	BCL2	454
FGF4	PECAM1	734
FGF4	IL13	520
FGF4	RUNX2	563
FGF4	CCL2	603
FGF4	AXIN1	430
FGF4	WNT5A	479
FGF4	HIF1A	583
FGF4	SMAD2	521
FGF4	ERV3-1	513
FGF4	PAX6	552
FGF4	FN1	799
FGF4	PDGFRB	893
FGF4	KITLG	515
FGF4	CD5	402
FGF4	CCL4	448
FGF4	SMAD3	462
FGF4	IGF2	654
FGF4	EGF	989
FGF4	CXCL9	401
FGF4	ADIPOQ	596
FGF4	IL4	691
FGF4	FGFR3	969
FGF4	EDN1	499
FGF4	CBL	601
FGF4	PIK3CB	468
FGF4	FGF6	480
FGF4	APOE	577
FGF4	SPP1	564
FGF4	BDNF	647
FGF4	IL17A	506
FGF4	H3C12	400
FGF4	TP53	572
FGF4	CXCL10	513
FGF4	KDR	932
FGF4	SMAD4	456
FGF4	MAP2K1	415
FGF4	NGFR	762
FGF4	HGF	883
FGF4	VTN	504
FGF4	PDGFB	654
FGF4	IL5	653
FGF4	IRS1	526
FGF4	DKK1	544
FGF4	CCL11	475
FGF4	TIMP1	522
FGF4	MMP9	599
FGF4	GFAP	486
FGF4	PTPN11	618
FGF4	FGF5	533
FGF4	MTOR	490
FGF4	CXCL8	750
FGF4	CSF1	418
FGF4	GATA4	643
FGF4	IFNG	580
FGF4	RHOA	427
FGF4	TWIST1	421
FGF4	CSF3	597
FGF4	ANGPT2	530
FGF4	PDGFA	444
FGF4	PTEN	479
FGF4	FOS	426
FGF4	MMP3	463
FGF4	CD8A	418
FGF4	ALB	780
FGF4	PIK3R2	483
FGF4	IL11	415
FGF4	VEGFC	574
FGF4	VWF	478
FGF4	NRAS	644
FGF4	SDC1	786
FGF4	IL3	417
FGF4	LEP	655
FGF4	CALML3	592
FGF4	PLCG1	605
FGF4	CALML6	599
FGF4	PPARG	445
FGF4	FGF7	533
FGF4	FGF2	547
FGF4	CTNNB1	669
FGF4	PLG	570
FGF4	TGFA	588
FGF4	NTRK1	887
FGF4	AXIN2	457
FGF4	NOTCH1	495
FGF4	PIK3R1	503
FGF4	FLT3	803
FGF4	CALML5	592
FGF4	WNT3A	621
FGF4	KRAS	707
FGF4	MAPK1	573
FGF4	KIT	858
FGF4	MMP2	545
FGF4	CSF1R	800
FGF4	BMP4	853
FGF4	PDGFRA	877
FGF4	ERBB2	828
FGF4	ANGPT1	593
FGF4	KLF4	596
FGF4	CALM3	601
CEBPB	CD4	461
CEBPB	TNFRSF1A	505
CEBPB	MAPK1	877
CEBPB	NFKBIA	744
CEBPB	RELB	465
CEBPB	CSF3	508
CEBPB	RPS6KB1	400
CEBPB	CCL2	551
CEBPB	NFKB1	904
CEBPB	SPI1	856
CEBPB	IFNG	547
CEBPB	IL4	479
CEBPB	NR3C1	886
CEBPB	EGR1	885
CEBPB	CDK4	692
CEBPB	SCARB1	480
CEBPB	SMAD2	626
CEBPB	EP300	996
CEBPB	IL1A	572
CEBPB	IL1B	699
CEBPB	IL11	533
CEBPB	ICAM1	404
CEBPB	PPARGC1A	953
CEBPB	SCARB2	474
CEBPB	EGF	616
CEBPB	TP53	862
CEBPB	CSF1R	427
CEBPB	PPARG	989
CEBPB	STAT5B	679
CEBPB	REL	683
CEBPB	ALB	434
CEBPB	IRS1	404
CEBPB	IL13	461
CEBPB	LEP	590
CEBPB	CTNNB1	507
CEBPB	E2F1	820
CEBPB	TLR4	525
CEBPB	KLF4	889
CEBPB	MMP9	483
CEBPB	CXCL8	842
CEBPB	MTOR	439
CEBPB	CSF1	451
CEBPB	GATA4	594
CEBPB	BCL6	499
CEBPB	PTEN	414
CEBPB	FOS	819
CEBPB	CD8A	416
CEBPB	GATA3	708
CEBPB	CSF3R	408
CEBPB	SOCS3	578
CEBPB	HIF1A	546
CEBPB	IRF4	747
CEBPB	PGR	473
CEBPB	NOS2	406
CEBPB	ALK	531
CEBPB	PAX6	525
CEBPB	FN1	540
CEBPB	HSP90AA1	495
CEBPB	FOXO1	943
CEBPB	SMAD3	959
CEBPB	CXCL2	432
CEBPB	ADIPOQ	904
CEBPB	H3C13	466
CEBPB	PRKACB	432
CEBPB	RELA	967
CEBPB	NFE2L2	467
CEBPB	IL17A	447
CEBPB	H3C12	466
CEBPB	SMAD4	928
CEBPB	TNF	760
CEBPB	AR	677
CEBPB	CALR	523
CEBPB	PDCD1	461
CEBPB	STAT1	762
CEBPB	MCL1	430
CEBPB	IGF1	448
CEBPB	HNF4A	511
CEBPB	ACTB	587
CEBPB	BCL2	451
CEBPB	STAT5A	767
CEBPB	RUNX2	944
CEBPB	ETS1	486
VTN	CD4	570
VTN	TIMP1	517
VTN	HGF	687
VTN	COL1A1	422
VTN	KLF4	402
VTN	BMP4	459
VTN	TLR3	419
VTN	PRKCA	443
VTN	PLG	995
VTN	FGF2	852
VTN	CTNNB1	433
VTN	ACE2	416
VTN	FGF7	512
VTN	VWF	966
VTN	SDC1	853
VTN	ALB	988
VTN	ITGA2	826
VTN	RHOA	451
VTN	IFNG	407
VTN	FGF5	482
VTN	MMP9	741
VTN	ITGAV	999
VTN	KDR	760
VTN	APOE	989
VTN	FGF6	481
VTN	SPP1	964
VTN	ITGB2	862
VTN	EGF	812
VTN	IGF2	916
VTN	ITGA2B	999
VTN	FN1	999
VTN	ERV3-1	631
VTN	PECAM1	523
VTN	ICAM1	738
VTN	ACTB	616
VTN	POU5F1	517
VTN	IGF1	989
VTN	FGF16	463
VTN	CTLA4	431
VTN	MET	436
VTN	NANOG	472
VTN	CALR	441
VTN	THBS1	826
VTN	IL1B	463
VTN	TNF	468
ITGAV	TNFRSF1A	461
ITGAV	MAPK1	651
ITGAV	MMP2	835
ITGAV	COL1A1	874
ITGAV	NFKB1	438
ITGAV	LOX	528
ITGAV	PDGFRA	532
ITGAV	NT5E	480
ITGAV	THBS1	981
ITGAV	CTNNB1	449
ITGAV	FGF2	433
ITGAV	PIK3R1	417
ITGAV	PRKCA	620
ITGAV	KIT	421
ITGAV	CSF1R	489
ITGAV	ANGPT1	411
ITGAV	ERBB2	469
ITGAV	IFNB1	476
ITGAV	MMP9	494
ITGAV	CDK1	403
ITGAV	CXCL8	571
ITGAV	ITGA2	967
ITGAV	RHOA	713
ITGAV	ANGPT2	459
ITGAV	SDC1	924
ITGAV	VWF	986
ITGAV	SCARB1	793
ITGAV	ALB	402
ITGAV	HIF1A	466
ITGAV	HSP90AA1	599
ITGAV	FN1	999
ITGAV	PDGFRB	432
ITGAV	ITGA2B	948
ITGAV	EGF	593
ITGAV	ITGB2	990
ITGAV	KDR	705
ITGAV	EP300	579
ITGAV	SPP1	999
ITGAV	ITGAE	595
ITGAV	TNF	426
ITGAV	STAT1	433
ITGAV	MET	479
ITGAV	SCARB2	807
ITGAV	SHC1	571
ITGAV	EPCAM	581
ITGAV	IGF1	848
ITGAV	ACTB	799
ITGAV	CD81	586
ITGAV	PECAM1	886
ITGAV	ICAM1	685
ERBB2	CD4	676
ERBB2	SNAI2	619
ERBB2	NGFR	573
ERBB2	LAG3	521
ERBB2	GZMB	479
ERBB2	NFKBIA	413
ERBB2	TIMP1	469
ERBB2	MMP2	738
ERBB2	PIK3R2	985
ERBB2	HGF	918
ERBB2	MPO	528
ERBB2	CSF3	646
ERBB2	CCL2	448
ERBB2	NFKB1	733
ERBB2	FGF6	822
ERBB2	CDKN1B	739
ERBB2	IFNG	647
ERBB2	NANOG	478
ERBB2	LOX	474
ERBB2	IL4	470
ERBB2	EGR1	427
ERBB2	KLRK1	782
ERBB2	TNFSF10	401
ERBB2	FLT3	735
ERBB2	TWIST1	571
ERBB2	PLCG1	981
ERBB2	BMP4	414
ERBB2	KRAS	966
ERBB2	CCNB1	607
ERBB2	PDGFRA	768
ERBB2	CDK4	536
ERBB2	MDM2	665
ERBB2	POU5F1	506
ERBB2	THBS1	461
ERBB2	CCND2	540
ERBB2	PDGFRB	874
ERBB2	SMAD2	512
ERBB2	CD33	507
ERBB2	AXIN1	456
ERBB2	EP300	652
ERBB2	IL1A	418
ERBB2	IL1B	507
ERBB2	CD81	580
ERBB2	EPCAM	927
ERBB2	KDR	640
ERBB2	PIK3CA	992
ERBB2	CBL	944
ERBB2	CD80	478
ERBB2	FGF2	857
ERBB2	WNT5A	409
ERBB2	ICAM1	446
ERBB2	PPARGC1A	406
ERBB2	EGF	999
ERBB2	FGF7	824
ERBB2	TP53	935
ERBB2	ALB	670
ERBB2	STAT5B	516
ERBB2	VEGFC	808
ERBB2	NRAS	904
ERBB2	SDC1	811
ERBB2	BCL2L11	541
ERBB2	CD8A	720
ERBB2	HSPA8	520
ERBB2	ANGPT2	752
ERBB2	PDGFA	746
ERBB2	PTEN	868
ERBB2	FOS	530
ERBB2	RHOA	790
ERBB2	FGF5	816
ERBB2	CXCL8	662
ERBB2	MTOR	725
ERBB2	CDK1	517
ERBB2	CSF1	792
ERBB2	BRAF	482
ERBB2	CD19	598
ERBB2	CCL11	472
ERBB2	MMP9	655
ERBB2	PTPN11	971
ERBB2	BMI1	433
ERBB2	PDGFB	771
ERBB2	IRS1	909
ERBB2	MAP2K1	410
ERBB2	TYK2	491
ERBB2	ANGPT1	736
ERBB2	NCAM1	508
ERBB2	CALM3	580
ERBB2	TJP1	424
ERBB2	VAV1	582
ERBB2	FCGR1A	879
ERBB2	TLR4	429
ERBB2	MAPK8	439
ERBB2	WT1	511
ERBB2	TLR3	577
ERBB2	IFNA1	444
ERBB2	CD1D	456
ERBB2	CD28	730
ERBB2	NOTCH1	796
ERBB2	PRKCA	483
ERBB2	PIK3R1	995
ERBB2	TGFA	998
ERBB2	NTRK1	751
ERBB2	E2F1	585
ERBB2	HSPA5	721
ERBB2	CTNNB1	998
ERBB2	CASP9	571
ERBB2	HLA-A	724
ERBB2	LEP	463
ERBB2	PPARG	495
ERBB2	STAT5A	691
ERBB2	IL13	581
ERBB2	XIAP	479
ERBB2	PARP1	741
ERBB2	ETS1	444
ERBB2	IDO1	679
ERBB2	BCL2	849
ERBB2	PECAM1	555
ERBB2	CAV1	735
ERBB2	VIM	489
ERBB2	ACTB	932
ERBB2	CASP3	687
ERBB2	FGF16	829
ERBB2	IGF1	992
ERBB2	HNF4A	412
ERBB2	UBB	561
ERBB2	PROM1	770
ERBB2	SHC1	999
ERBB2	ESR2	717
ERBB2	CTLA4	693
ERBB2	MET	847
ERBB2	SYK	465
ERBB2	STAT1	821
ERBB2	CD86	591
ERBB2	MCL1	713
ERBB2	AR	788
ERBB2	PDCD1	646
ERBB2	TNF	621
ERBB2	MMP1	426
ERBB2	FGFR1	737
ERBB2	SOS1	804
ERBB2	CYCS	502
ERBB2	NFE2L2	418
ERBB2	SPP1	518
ERBB2	BDNF	746
ERBB2	HSP90AB1	993
ERBB2	H3C12	528
ERBB2	SMAD4	708
ERBB2	H3C13	504
ERBB2	PIK3CB	972
ERBB2	TLR7	491
ERBB2	HSPA4	951
ERBB2	RELA	419
ERBB2	KEAP1	449
ERBB2	FGFR3	765
ERBB2	FCGR2A	591
ERBB2	IGF2	819
ERBB2	DNMT1	447
ERBB2	KITLG	818
ERBB2	FOXO1	487
ERBB2	SMAD3	488
ERBB2	ALK	775
ERBB2	FN1	724
ERBB2	HSP90AA1	999
ERBB2	SOCS3	442
ERBB2	HIF1A	690
ERBB2	PGR	980
ERBB2	ERV3-1	506
ERBB2	GATA3	662
ZAP70	CD4	995
ZAP70	LAG3	542
ZAP70	MAPK1	474
ZAP70	GZMB	575
ZAP70	PIK3R2	952
ZAP70	CD38	845
ZAP70	NFKB1	446
ZAP70	CD69	736
ZAP70	IFNG	752
ZAP70	IL4	521
ZAP70	KLRK1	776
ZAP70	PLCG1	959
ZAP70	CD33	404
ZAP70	TYROBP	999
ZAP70	IL7	478
ZAP70	PIK3CA	920
ZAP70	CBL	999
ZAP70	CD80	696
ZAP70	ICAM1	482
ZAP70	CAV1	471
ZAP70	CXCR3	593
ZAP70	PECAM1	692
ZAP70	BCL2	502
ZAP70	IL9	469
ZAP70	SELL	526
ZAP70	STAT5A	559
ZAP70	UBB	813
ZAP70	ACTB	432
ZAP70	CD3E	998
ZAP70	BTK	731
ZAP70	CD86	658
ZAP70	STAT1	467
ZAP70	SYK	977
ZAP70	CTLA4	770
ZAP70	MET	421
ZAP70	SHC1	997
ZAP70	IKBKB	446
ZAP70	SOS1	450
ZAP70	NFATC1	449
ZAP70	TNF	658
ZAP70	PDCD1	730
ZAP70	LEF1	408
ZAP70	HSPA4	444
ZAP70	PIK3CB	921
ZAP70	ITGB2	472
ZAP70	IL17A	453
ZAP70	TP53	550
ZAP70	CD27	597
ZAP70	KLRD1	527
ZAP70	LOC102723407	813
ZAP70	HSP90AA1	513
ZAP70	CD5	883
ZAP70	CD48	476
ZAP70	GATA3	526
ZAP70	IRF4	511
ZAP70	CD8A	992
ZAP70	STAT5B	528
ZAP70	CCL19	431
ZAP70	NCR1	637
ZAP70	PTPN11	986
ZAP70	CD2	849
ZAP70	CD19	685
ZAP70	CCR5	419
ZAP70	FAS	415
ZAP70	IL21R	432
ZAP70	FCGR1A	570
ZAP70	TLR4	454
ZAP70	VAV1	999
ZAP70	AOC3	527
ZAP70	ICOS	675
ZAP70	RAG1	544
ZAP70	PIK3R1	949
ZAP70	NOTCH1	512
ZAP70	CD28	941
IL13	CD4	931
IL13	TNFRSF1A	660
IL13	LAG3	479
IL13	GZMB	591
IL13	NFKBIA	477
IL13	TIMP1	702
IL13	MMP2	616
IL13	HGF	655
IL13	MPO	512
IL13	CSF3	834
IL13	CCL2	932
IL13	CD38	446
IL13	NFKB1	584
IL13	SPI1	436
IL13	IL10RA	883
IL13	CD69	623
IL13	FGF6	534
IL13	IFNG	961
IL13	IL4	993
IL13	IL5	991
IL13	KLRK1	480
IL13	TNFSF10	412
IL13	APOE	636
IL13	PDGFRA	745
IL13	NT5E	457
IL13	SCARB1	447
IL13	PDGFRB	733
IL13	SMAD2	403
IL13	ITGAE	608
IL13	IL1A	943
IL13	IL1B	953
IL13	IL7	889
IL13	CD80	707
IL13	FGF2	717
IL13	IL11	763
IL13	ICAM1	768
IL13	SCARB2	447
IL13	EGF	621
IL13	CD27	506
IL13	FGF7	582
IL13	TP53	418
IL13	IFNAR1	768
IL13	FCGR2A	544
IL13	IL9	947
IL13	IFNA1	713
IL13	CSF1R	507
IL13	CXCL13	571
IL13	PPARG	681
IL13	KIT	545
IL13	NCR1	526
IL13	CCR5	654
IL13	STAT5B	574
IL13	ALB	610
IL13	TLR3	599
IL13	IL3	891
IL13	RAG1	574
IL13	MMP3	481
IL13	NOD2	471
IL13	CCL11	944
IL13	IRS1	526
IL13	MMP1	428
IL13	TNF	957
IL13	TYK2	831
IL13	IL21R	787
IL13	IFNB1	622
IL13	IL3RA	800
IL13	CX3CR1	533
IL13	PDCD1	498
IL13	NLRP3	481
IL13	MMP9	759
IL13	STAT1	875
IL13	CD209	510
IL13	CD3E	423
IL13	CD86	722
IL13	CTLA4	651
IL13	CXCL8	940
IL13	IKBKB	413
IL13	FGF5	520
IL13	CD19	663
IL13	CSF1	733
IL13	SYK	438
IL13	IGF1	510
IL13	FGF16	524
IL13	CCL19	502
IL13	BCL6	474
IL13	AIF1	424
IL13	ACTB	578
IL13	FOS	610
IL13	CR2	561
IL13	CASP3	441
IL13	CXCR3	602
IL13	PECAM1	449
IL13	BCL2	452
IL13	CD8A	854
IL13	HSPA8	444
IL13	TNFSF13B	511
IL13	STAT5A	577
IL13	IDO1	607
IL13	SELL	595
IL13	LEP	695
IL13	GATA3	882
IL13	TLR5	454
IL13	ACE2	467
IL13	CSF3R	714
IL13	IRF4	590
IL13	HIF1A	696
IL13	SOCS3	517
IL13	CTNNB1	405
IL13	TGFA	726
IL13	NOS2	622
IL13	FN1	735
IL13	CD28	768
IL13	CXCL11	581
IL13	CCL20	689
IL13	CCL4	830
IL13	SMAD3	447
IL13	KITLG	507
IL13	CD5	444
IL13	CD1D	759
IL13	KLRD1	420
IL13	CXCL2	585
IL13	CXCL9	722
IL13	IL12RB1	816
IL13	ENTPD1	418
IL13	ADIPOQ	446
IL13	FCGR1A	509
IL13	TLR4	806
IL13	TLR7	579
IL13	AOC3	507
IL13	ITGB2	618
IL13	IFNA2	607
IL13	SPP1	472
IL13	CXCL10	871
IL13	TJP1	400
IL13	IL6R	920
IL13	IL17A	940
IL13	ICOS	620
IL13	NCAM1	680
IL13	BDNF	448
AR	SNAI2	479
AR	MAPK1	527
AR	MMP2	412
AR	RPS6KB1	445
AR	NFKB1	475
AR	FGF6	439
AR	CDKN1B	448
AR	NANOG	461
AR	NR3C1	795
AR	TWIST1	416
AR	KRAS	499
AR	CCNB1	418
AR	CDK4	551
AR	MDM2	998
AR	POU5F1	409
AR	SMAD2	421
AR	EP300	952
AR	IL1B	630
AR	EPCAM	477
AR	PIK3CA	571
AR	FGF2	414
AR	WNT5A	409
AR	PPARGC1A	686
AR	EGF	743
AR	FGF7	476
AR	TP53	905
AR	PPARG	517
AR	KIT	463
AR	REL	445
AR	ALB	534
AR	HSPA4	925
AR	CALML6	534
AR	FOS	542
AR	CASP3	597
AR	FGF5	418
AR	LEP	593
AR	HNF4A	630
AR	CALML3	536
AR	MET	507
AR	CALR	706
AR	HSPA5	573
AR	PGR	766
AR	SMAD3	953
AR	H3C13	786
AR	HSP90AA1	999
AR	CAV1	820
AR	SMAD4	859
AR	ESR2	588
AR	E2F1	801
AR	CCL20	448
AR	H3C12	778
AR	DNMT1	448
AR	STAT1	571
AR	MTOR	548
AR	PARP1	621
AR	PRKACB	938
AR	RUNX2	881
AR	HSP90AB1	999
AR	PTEN	892
AR	MMP9	495
AR	KLF4	695
AR	HSPA8	551
AR	BMI1	531
AR	BRAF	683
AR	CDK1	484
AR	WT1	438
AR	PIK3R1	678
AR	NOTCH1	427
AR	CALML5	535
AR	ACE2	418
AR	CTNNB1	996
AR	BCL2	623
AR	ETS1	781
AR	IGF1	747
AR	PROM1	420
AR	ACTB	688
AR	TNF	483
AR	RELA	677
AR	NFE2L2	438
AR	BDNF	507
AR	IGF2	425
AR	PAX6	618
AR	FOXO1	921
AR	GATA3	454
AR	HIF1A	871
HGF	CD4	565
HGF	SNAI2	507
HGF	TNFRSF1A	579
HGF	NGFR	768
HGF	TIMP1	745
HGF	MMP2	760
HGF	PIK3R2	459
HGF	MAP2K1	435
HGF	IL5	416
HGF	PDGFB	478
HGF	PTPN11	610
HGF	MMP9	799
HGF	CCL11	641
HGF	DKK1	425
HGF	BRAF	572
HGF	GATA4	427
HGF	CSF1	504
HGF	MTOR	524
HGF	CXCL8	702
HGF	FGF5	876
HGF	ITGA2	516
HGF	TWIST1	435
HGF	RHOA	488
HGF	IFNG	716
HGF	PTEN	552
HGF	PDGFA	418
HGF	ANGPT2	711
HGF	CSF3	657
HGF	CD80	428
HGF	CD8A	505
HGF	MMP3	691
HGF	NRAS	683
HGF	SDC1	901
HGF	VWF	536
HGF	VEGFC	733
HGF	IL11	447
HGF	ALB	782
HGF	LOX	419
HGF	FGF7	894
HGF	LEP	507
HGF	IL3	618
HGF	CTNNB1	658
HGF	FGF2	955
HGF	NTRK1	997
HGF	TGFA	701
HGF	FLT3	771
HGF	PIK3R1	501
HGF	NOTCH1	537
HGF	IFNA1	585
HGF	KIT	925
HGF	KRAS	852
HGF	WNT3A	475
HGF	PDGFRA	841
HGF	BMP4	493
HGF	TLR4	453
HGF	CSF1R	774
HGF	TJP1	400
HGF	ANGPT1	691
HGF	SOS1	562
HGF	FGFR1	814
HGF	PIK3CA	623
HGF	MMP1	708
HGF	TNF	679
HGF	IL1B	685
HGF	THBS1	550
HGF	NT5E	605
HGF	NANOG	456
HGF	CD86	403
HGF	IL7	991
HGF	MET	999
HGF	CTLA4	420
HGF	SHC1	782
HGF	PROM1	530
HGF	POU5F1	457
HGF	UBB	523
HGF	HNF4A	542
HGF	IGF1	869
HGF	EPCAM	447
HGF	IL1A	740
HGF	FGF16	867
HGF	CASP3	519
HGF	NFKB1	462
HGF	ACTB	541
HGF	BCL2	564
HGF	PECAM1	647
HGF	ICAM1	524
HGF	CDK4	493
HGF	IDO1	634
HGF	CCL2	678
HGF	SMAD2	688
HGF	ERV3-1	521
HGF	HIF1A	607
HGF	ALK	696
HGF	FN1	967
HGF	SMAD3	457
HGF	CCL4	490
HGF	KITLG	754
HGF	CXCL11	576
HGF	PDGFRB	855
HGF	IGF2	522
HGF	FGFR3	764
HGF	IL4	544
HGF	ADIPOQ	425
HGF	EGF	844
HGF	CXCL9	651
HGF	NR3C1	445
HGF	EDN1	528
HGF	CBL	671
HGF	KDR	966
HGF	SMAD4	430
HGF	CXCL10	535
HGF	TP53	584
HGF	BDNF	599
HGF	IL17A	691
HGF	SPP1	583
HGF	FGF6	876
TNF	CD74	547
TNF	CD4	968
TNF	SNAI2	432
TNF	TNFRSF1A	999
TNF	NGFR	531
TNF	LAG3	664
TNF	MAPK1	757
TNF	GZMB	870
TNF	NFKBIA	967
TNF	TIMP1	727
TNF	MMP2	729
TNF	RELB	749
TNF	MPO	832
TNF	CSF3	949
TNF	RPS6KB1	555
TNF	CCL2	978
TNF	COL1A1	598
TNF	CD38	681
TNF	NFKB1	999
TNF	SPI1	754
TNF	IL10RA	864
TNF	CD69	829
TNF	FGF6	655
TNF	CDKN1B	425
TNF	IFNG	991
TNF	LOX	594
TNF	IL4	977
TNF	IL5	930
TNF	NR3C1	745
TNF	EGR1	621
TNF	KLRK1	666
TNF	TNFSF10	946
TNF	FLT3	470
TNF	TWIST1	424
TNF	PLCG1	418
TNF	BMP4	452
TNF	APOE	806
TNF	GFAP	705
TNF	KRAS	717
TNF	CCNB1	412
TNF	PDGFRA	432
TNF	NT5E	605
TNF	CDK4	477
TNF	MDM2	625
TNF	POU5F1	423
TNF	THBS1	567
TNF	VWF	789
TNF	SCARB1	708
TNF	PDGFRB	492
TNF	SMAD2	626
TNF	CD33	568
TNF	ITGA2B	466
TNF	TYROBP	700
TNF	ITGAE	654
TNF	EP300	638
TNF	IL1A	994
TNF	IL1B	998
TNF	CD81	529
TNF	EPCAM	487
TNF	IL7	828
TNF	KDR	617
TNF	CBL	610
TNF	CD80	908
TNF	FGF2	732
TNF	IL11	670
TNF	WNT5A	459
TNF	ICAM1	944
TNF	PPARGC1A	646
TNF	SCARB2	680
TNF	EGF	793
TNF	CD27	725
TNF	FGF7	695
TNF	TP53	865
TNF	IFNAR1	648
TNF	FCGR2A	719
TNF	IL9	777
TNF	IFNA1	928
TNF	WNT3A	412
TNF	CSF1R	675
TNF	CXCL13	679
TNF	PPARG	807
TNF	KIT	608
TNF	CALM3	820
TNF	NCR1	605
TNF	CCR5	880
TNF	STAT5B	637
TNF	REL	899
TNF	ALB	870
TNF	ITGA2	479
TNF	TLR3	882
TNF	IL3	852
TNF	RAG1	593
TNF	MMP3	853
TNF	ANPEP	638
TNF	NOD2	852
TNF	CCL11	861
TNF	MAP2K1	702
TNF	HSPA4	790
TNF	CALML6	740
TNF	IRS1	647
TNF	CXCL10	966
TNF	FOS	728
TNF	CXCL8	983
TNF	CXCL11	705
TNF	EIF2AK3	625
TNF	CYCS	810
TNF	CCL19	836
TNF	PLG	673
TNF	CASP3	939
TNF	FGF5	653
TNF	AOC3	620
TNF	LEP	892
TNF	HNF4A	446
TNF	CD19	788
TNF	ANGPT2	575
TNF	CALML3	740
TNF	CD209	645
TNF	MET	657
TNF	ICOS	860
TNF	CALR	507
TNF	MMP1	724
TNF	HSPA5	663
TNF	CD28	875
TNF	PGR	444
TNF	NOS2	858
TNF	CSF1	801
TNF	IL3RA	556
TNF	CASP9	816
TNF	SOCS3	800
TNF	PDGFB	490
TNF	CD86	922
TNF	SMAD3	632
TNF	H3C13	711
TNF	PDCD1	700
TNF	HSP90AA1	599
TNF	NLRP3	869
TNF	IL21R	459
TNF	KLRD1	582
TNF	CAV1	647
TNF	STAT5A	671
TNF	SMAD4	515
TNF	CD5	728
TNF	ESR2	526
TNF	E2F1	420
TNF	PDGFA	610
TNF	FN1	970
TNF	TJP1	702
TNF	CX3CR1	696
TNF	CCL20	931
TNF	H3C12	710
TNF	DNMT1	474
TNF	STAT1	875
TNF	MTOR	671
TNF	CD3E	575
TNF	CXCL9	815
TNF	PARP1	735
TNF	CR2	516
TNF	IL6R	982
TNF	MCL1	636
TNF	FCGR1A	648
TNF	CD2	582
TNF	PRKACB	587
TNF	DNTT	611
TNF	XIAP	902
TNF	ENTPD1	629
TNF	RUNX2	608
TNF	HSP90AB1	594
TNF	PTEN	638
TNF	MMP9	930
TNF	CSF3R	446
TNF	CXCR3	817
TNF	DKK1	511
TNF	TLR4	969
TNF	KLF4	516
TNF	SYK	782
TNF	TNFSF13B	894
TNF	AIF1	846
TNF	CYBB	721
TNF	GATA3	633
TNF	EDN1	732
TNF	FOXO1	721
TNF	IFNA2	842
TNF	IFNB1	919
TNF	CALML5	740
TNF	TLR7	880
TNF	IRF4	616
TNF	SDC1	716
TNF	SQSTM1	675
TNF	ETS1	438
TNF	IGF1	837
TNF	BCL2L11	587
TNF	KEAP1	591
TNF	SPP1	667
TNF	CDK1	429
TNF	MAPK8	890
TNF	HLA-A	760
TNF	NFE2L2	701
TNF	ITGB2	727
TNF	BCL2	885
TNF	RELA	997
TNF	BCL6	549
TNF	SOS1	523
TNF	CD8A	958
TNF	ACE2	770
TNF	NFATC1	660
TNF	ADIPOQ	871
TNF	ERV3-1	590
TNF	IGF2	659
TNF	UBB	566
TNF	FGF16	647
TNF	PROM1	481
TNF	ACTB	847
TNF	PECAM1	728
TNF	VIM	442
TNF	IDO1	758
TNF	SELL	796
TNF	BTK	593
TNF	CTLA4	873
TNF	SHC1	563
TNF	IKBKB	999
TNF	CXCL2	928
TNF	LOC102723407	440
TNF	IL12RB1	699
TNF	BDNF	739
TNF	IL17A	958
TNF	HIF1A	818
TNF	CD48	665
TNF	CCL4	967
TNF	KITLG	594
TNF	RHOA	779
TNF	HSPA8	550
TNF	VEGFC	531
TNF	FAS	997
TNF	TYK2	737
TNF	PTPN11	518
TNF	BRAF	486
TNF	CD1D	695
TNF	VAV1	460
TNF	ANGPT1	546
TNF	NCAM1	701
TNF	TLR5	834
TNF	CTNNB1	715
TNF	TGFA	833
TNF	NTRK1	694
TNF	SEM1	429
TNF	PRKCA	676
TNF	NOTCH1	711
MMP3	CD4	659
MMP3	SNAI2	472
MMP3	TNFRSF1A	428
MMP3	MAPK1	500
MMP3	NFKBIA	513
MMP3	TIMP1	999
MMP3	MMP2	527
MMP3	MPO	616
MMP3	CSF3	648
MMP3	CCL2	806
MMP3	COL1A1	678
MMP3	NFKB1	695
MMP3	FGF6	434
MMP3	IFNG	725
MMP3	LOX	669
MMP3	IL4	655
MMP3	IL5	531
MMP3	TWIST1	421
MMP3	BMP4	596
MMP3	APOE	821
MMP3	THBS1	516
MMP3	SCARB1	558
MMP3	PDGFRB	404
MMP3	SMAD2	498
MMP3	IL1A	807
MMP3	IL1B	832
MMP3	KDR	404
MMP3	FGF2	743
MMP3	IL11	494
MMP3	WNT5A	446
MMP3	ICAM1	579
MMP3	SCARB2	559
MMP3	LEF1	534
MMP3	EGF	558
MMP3	FGF7	506
MMP3	TP53	507
MMP3	CXCL13	627
MMP3	PPARG	423
MMP3	ALB	540
MMP3	PECAM1	483
MMP3	BCL2	478
MMP3	RUNX2	485
MMP3	ETS1	728
MMP3	FGF16	432
MMP3	IGF1	522
MMP3	ACTB	585
MMP3	CASP3	575
MMP3	STAT1	409
MMP3	MMP1	985
MMP3	EDN1	610
MMP3	SPP1	997
MMP3	IL17A	763
MMP3	BDNF	409
MMP3	IL6R	511
MMP3	CXCL10	702
MMP3	CXCL9	632
MMP3	CXCL2	424
MMP3	ADIPOQ	418
MMP3	NOS2	527
MMP3	FN1	936
MMP3	SMAD3	452
MMP3	CCL4	420
MMP3	HIF1A	558
MMP3	VEGFC	496
MMP3	FOS	488
MMP3	DKK1	416
MMP3	MMP9	956
MMP3	CCL11	434
MMP3	FGF5	429
MMP3	CXCL8	821
MMP3	CSF1	401
MMP3	CDK1	412
MMP3	TLR4	510
MMP3	PLG	895
MMP3	PRKCA	801
MMP3	CCL20	678
MMP3	LEP	447
MMP3	CTNNB1	576
CXCL13	CD4	818
CXCL13	TNFRSF1A	400
CXCL13	LAG3	499
CXCL13	GZMB	692
CXCL13	TIMP1	418
CXCL13	RELB	425
CXCL13	CSF3	623
CXCL13	CCL2	998
CXCL13	CD38	682
CXCL13	NFKB1	437
CXCL13	IL10RA	513
CXCL13	CD69	487
CXCL13	IFNG	710
CXCL13	IL4	749
CXCL13	IL5	507
CXCL13	APOE	557
CXCL13	THBS1	474
CXCL13	IL1A	532
CXCL13	IL1B	738
CXCL13	IL7	626
CXCL13	KDR	444
CXCL13	CD80	521
CXCL13	ICAM1	703
CXCL13	CD27	608
CXCL13	IFNA1	466
CXCL13	IL21R	569
CXCL13	MMP1	637
CXCL13	PDCD1	588
CXCL13	IFNB1	420
CXCL13	CX3CR1	884
CXCL13	BTK	484
CXCL13	CD3E	451
CXCL13	CD2	696
CXCL13	CD86	530
CXCL13	MMP9	701
CXCL13	CCL11	767
CXCL13	STAT1	661
CXCL13	CD19	785
CXCL13	BRAF	475
CXCL13	CSF1	494
CXCL13	CXCL8	783
CXCL13	CCR5	917
CXCL13	CTLA4	604
CXCL13	BCL6	714
CXCL13	CCL19	998
CXCL13	CR2	698
CXCL13	CD8A	788
CXCL13	TNFSF13B	833
CXCL13	BCL2	725
CXCL13	PECAM1	410
CXCL13	CXCR3	997
CXCL13	BCL2L11	471
CXCL13	NRAS	416
CXCL13	SDC1	574
CXCL13	IDO1	669
CXCL13	SELL	545
CXCL13	HIF1A	541
CXCL13	IRF4	458
CXCL13	SOCS3	509
CXCL13	CCL4	949
CXCL13	CCL20	900
CXCL13	CD5	521
CXCL13	KITLG	455
CXCL13	CXCL11	987
CXCL13	CD28	510
CXCL13	CXCL9	996
CXCL13	CXCL2	824
CXCL13	LOC102723407	425
CXCL13	TLR7	443
CXCL13	TLR4	446
CXCL13	ITGB2	572
CXCL13	CXCL10	994
CXCL13	ICOS	752
CXCL13	IL17A	650
CXCL13	RAG1	500
CXCL13	CYCS	407
PARP1	CD4	416
PARP1	SNAI2	430
PARP1	TNFRSF1A	467
PARP1	MAPK1	609
PARP1	GZMB	955
PARP1	NFKBIA	614
PARP1	MMP2	479
PARP1	RPS6KB1	644
PARP1	CD38	429
PARP1	NFKB1	828
PARP1	CDKN1B	518
PARP1	IFNG	481
PARP1	NANOG	437
PARP1	TNFSF10	479
PARP1	FLT3	400
PARP1	KRAS	632
PARP1	CCNB1	729
PARP1	CDK4	756
PARP1	MDM2	667
PARP1	POU5F1	505
PARP1	SMAD2	675
PARP1	EP300	881
PARP1	IL1B	678
PARP1	KDR	435
PARP1	PIK3CA	617
PARP1	ICAM1	481
PARP1	PPARGC1A	453
PARP1	EGF	571
PARP1	TP53	972
PARP1	PPARG	633
PARP1	KIT	473
PARP1	STAT5B	408
PARP1	ALB	626
PARP1	RAG1	420
PARP1	MAP2K1	547
PARP1	HSPA4	576
PARP1	EIF2AK3	655
PARP1	CYCS	892
PARP1	CASP3	999
PARP1	MET	701
PARP1	HSPA5	582
PARP1	PGR	711
PARP1	NOS2	480
PARP1	CASP9	991
PARP1	SMAD3	869
PARP1	H3C13	727
PARP1	PDCD1	431
PARP1	HSP90AA1	672
PARP1	STAT5A	404
PARP1	SMAD4	888
PARP1	E2F1	787
PARP1	FN1	423
PARP1	H3C12	775
PARP1	DNMT1	952
PARP1	STAT1	452
PARP1	MTOR	658
PARP1	FAS	475
PARP1	BMI1	789
PARP1	MMP9	553
PARP1	BRAF	670
PARP1	CDK1	687
PARP1	PTEN	726
PARP1	DNTT	595
PARP1	CD8A	471
PARP1	BCL2L11	696
PARP1	NRAS	472
PARP1	CTNNB1	749
PARP1	SEM1	531
PARP1	NOTCH1	486
PARP1	MAPK8	528
PARP1	NFATC1	403
PARP1	MCL1	739
PARP1	CTLA4	477
PARP1	IKBKB	653
PARP1	PROM1	450
PARP1	UBB	566
PARP1	IGF1	435
PARP1	ACTB	794
PARP1	BCL2	917
PARP1	PECAM1	418
PARP1	ETS1	477
PARP1	XIAP	718
PARP1	HIF1A	707
PARP1	ALK	514
PARP1	FOXO1	766
PARP1	SQSTM1	691
PARP1	KEAP1	481
PARP1	RELA	891
PARP1	HSP90AB1	665
PARP1	SPP1	434
PARP1	NFE2L2	475
CD86	CD74	637
CD86	CD4	958
CD86	TNFRSF1A	507
CD86	LAG3	979
CD86	GZMB	819
CD86	NFKBIA	523
CD86	RELB	486
CD86	PIK3R2	419
CD86	MPO	459
CD86	CSF3	511
CD86	CCL2	737
CD86	CD38	862
CD86	NFKB1	717
CD86	SPI1	655
CD86	IL10RA	690
CD86	CD69	839
CD86	IFNG	943
CD86	IL4	917
CD86	IL5	773
CD86	KLRK1	795
CD86	TNFSF10	460
CD86	FLT3	654
CD86	GFAP	434
CD86	NT5E	609
CD86	SCARB1	561
CD86	CD33	633
CD86	TYROBP	654
CD86	ITGAE	722
CD86	IL1A	825
CD86	IL1B	863
CD86	CD81	690
CD86	EPCAM	641
CD86	IL7	611
CD86	PIK3CA	494
CD86	CD80	999
CD86	ICAM1	985
CD86	SCARB2	570
CD86	EGF	550
CD86	CD27	992
CD86	TP53	595
CD86	IFNAR1	504
CD86	FCGR2A	788
CD86	IL9	447
CD86	IFNA1	720
CD86	CSF1R	735
CD86	PPARG	451
CD86	KIT	489
CD86	NCR1	494
CD86	CCR5	778
CD86	STAT5B	491
CD86	REL	418
CD86	ALB	736
CD86	ITGA2	611
CD86	TLR3	696
CD86	IL3	480
CD86	RAG1	545
CD86	ANPEP	424
CD86	NOD2	565
CD86	CCL11	482
CD86	HSPA4	639
CD86	CXCL10	748
CD86	CXCL8	699
CD86	CXCL11	539
CD86	CYCS	463
CD86	CCL19	657
CD86	CASP3	492
CD86	AOC3	666
CD86	CD19	833
CD86	CD209	755
CD86	ICOS	996
CD86	CALR	522
CD86	MMP1	472
CD86	CD28	999
CD86	NOS2	533
CD86	CSF1	857
CD86	IL3RA	689
CD86	SOCS3	485
CD86	KLRD1	612
CD86	ADIPOQ	472
CD86	CXCL9	678
CD86	CXCL2	429
CD86	LOC102723407	420
CD86	IL12RB1	458
CD86	RELA	411
CD86	IFNA2	434
CD86	TLR7	816
CD86	ITGB2	807
CD86	IL6R	538
CD86	HSP90AB1	604
CD86	IL17A	752
CD86	GATA3	525
CD86	ERV3-1	667
CD86	IRF4	617
CD86	HIF1A	432
CD86	HSP90AA1	600
CD86	FN1	441
CD86	CCL4	727
CD86	CD5	748
CD86	CD48	777
CD86	AIF1	818
CD86	ACTB	546
CD86	TNFSF13B	670
CD86	BCL2	497
CD86	PECAM1	615
CD86	CXCR3	641
CD86	IDO1	786
CD86	SELL	770
CD86	STAT5A	541
CD86	PDCD1	996
CD86	NLRP3	611
CD86	CX3CR1	677
CD86	BTK	616
CD86	CD3E	681
CD86	STAT1	645
CD86	SYK	557
CD86	CTLA4	999
CD86	CD1D	829
CD86	ENTPD1	648
CD86	CYBB	668
CD86	TLR4	841
CD86	MAPK8	455
CD86	FCGR1A	745
CD86	VAV1	646
CD86	NCAM1	627
CD86	TLR5	584
CD86	HLA-A	604
CD86	CCL20	531
CD86	PIK3R1	467
CD86	BCL6	674
CD86	CR2	682
CD86	PDGFA	433
CD86	CD8A	933
CD86	SDC1	595
CD86	FAS	643
CD86	IL21R	662
CD86	IFNB1	647
CD86	PTPN11	672
CD86	CD2	832
CD86	MMP9	555
NFKB1	CD74	433
NFKB1	CD4	858
NFKB1	SNAI2	451
NFKB1	TNFRSF1A	848
NFKB1	NGFR	647
NFKB1	MAPK1	790
NFKB1	GZMB	499
NFKB1	NFKBIA	999
NFKB1	TIMP1	704
NFKB1	MMP2	597
NFKB1	RELB	999
NFKB1	MPO	518
NFKB1	CSF3	551
NFKB1	RPS6KB1	513
NFKB1	CCL2	982
NFKB1	COL1A1	423
NFKB1	CD38	447
NFKB1	LEF1	562
NFKB1	CX3CR1	402
NFKB1	MMP1	659
NFKB1	IL1B	996
NFKB1	PIK3CA	697
NFKB1	CCNB1	415
NFKB1	MET	450
NFKB1	CD69	435
NFKB1	ESR2	442
NFKB1	IKBKB	999
NFKB1	BTK	759
NFKB1	NT5E	408
NFKB1	NANOG	411
NFKB1	ACTB	766
NFKB1	CASP3	821
NFKB1	UBB	575
NFKB1	IL1A	946
NFKB1	IGF1	579
NFKB1	FGF16	418
NFKB1	POU5F1	411
NFKB1	PROM1	410
NFKB1	STAT5A	830
NFKB1	CDK4	710
NFKB1	ETS1	741
NFKB1	SELL	428
NFKB1	XIAP	623
NFKB1	RUNX2	492
NFKB1	CXCR3	402
NFKB1	ICAM1	903
NFKB1	CAV1	415
NFKB1	HIF1A	816
NFKB1	SOCS3	662
NFKB1	SMAD3	765
NFKB1	FOXO1	710
NFKB1	CCL4	677
NFKB1	HSP90AA1	634
NFKB1	SQSTM1	747
NFKB1	NR3C1	878
NFKB1	CXCL2	969
NFKB1	KEAP1	733
NFKB1	IL4	800
NFKB1	NFE2L2	659
NFKB1	FGF6	418
NFKB1	APOE	554
NFKB1	CYCS	616
NFKB1	IL6R	496
NFKB1	KDR	461
NFKB1	CXCL10	845
NFKB1	TP53	989
NFKB1	H3C12	684
NFKB1	EP300	998
NFKB1	HSP90AB1	845
NFKB1	PIK3CB	520
NFKB1	ITGB2	448
NFKB1	PRKACB	944
NFKB1	HSPA4	857
NFKB1	IFNA2	863
NFKB1	IFNB1	928
NFKB1	IRS1	482
NFKB1	IL5	527
NFKB1	FAS	502
NFKB1	CCR5	530
NFKB1	CXCL8	988
NFKB1	FGF5	418
NFKB1	BRAF	684
NFKB1	CD19	505
NFKB1	MMP9	802
NFKB1	CD80	705
NFKB1	FOS	808
NFKB1	RHOA	735
NFKB1	IFNG	932
NFKB1	CCL19	521
NFKB1	STAT5B	741
NFKB1	IL11	411
NFKB1	NRAS	713
NFKB1	VWF	534
NFKB1	EGR1	553
NFKB1	CD8A	818
NFKB1	HSPA5	704
NFKB1	PPARGC1A	770
NFKB1	FGF2	506
NFKB1	PLCG1	412
NFKB1	HLA-A	560
NFKB1	TLR5	977
NFKB1	CALML6	641
NFKB1	PPARG	972
NFKB1	MDM2	719
NFKB1	PIK3R1	626
NFKB1	NTRK1	425
NFKB1	E2F1	932
NFKB1	TNFSF10	471
NFKB1	REL	999
NFKB1	TJP1	480
NFKB1	CDKN1B	443
NFKB1	CCND2	402
NFKB1	MAPK8	987
NFKB1	CSF1R	452
NFKB1	PDCD1	417
NFKB1	NLRP3	981
NFKB1	NFATC1	798
NFKB1	THBS1	437
NFKB1	CTLA4	565
NFKB1	SCARB2	681
NFKB1	SYK	741
NFKB1	STAT1	926
NFKB1	CD209	410
NFKB1	IL7	486
NFKB1	MCL1	613
NFKB1	EIF2AK3	544
NFKB1	HNF4A	635
NFKB1	AIF1	805
NFKB1	IDO1	658
NFKB1	PECAM1	514
NFKB1	BCL2	818
NFKB1	VIM	736
NFKB1	TNFSF13B	735
NFKB1	IRF4	728
NFKB1	PGR	404
NFKB1	SMAD2	563
NFKB1	GATA3	748
NFKB1	CSF3R	509
NFKB1	CXCL11	454
NFKB1	NOS2	696
NFKB1	FN1	729
NFKB1	EGF	591
NFKB1	CXCL9	510
NFKB1	LOC102723407	443
NFKB1	ADIPOQ	507
NFKB1	DNMT1	510
NFKB1	SPI1	693
NFKB1	CD27	431
NFKB1	SPP1	483
NFKB1	SMAD4	541
NFKB1	IL17A	791
NFKB1	BDNF	540
NFKB1	TLR7	817
NFKB1	H3C13	682
NFKB1	EDN1	486
NFKB1	RELA	999
NFKB1	MAP2K1	762
NFKB1	TYK2	501
NFKB1	MTOR	760
NFKB1	CSF1	586
NFKB1	CDK1	546
NFKB1	PTPN11	425
NFKB1	GFAP	427
NFKB1	PTEN	652
NFKB1	IFNAR1	464
NFKB1	BCL6	690
NFKB1	TWIST1	571
NFKB1	ALB	621
NFKB1	SCARB1	697
NFKB1	BCL2L11	556
NFKB1	HSPA8	476
NFKB1	CASP9	596
NFKB1	CTNNB1	964
NFKB1	CALML3	645
NFKB1	LEP	525
NFKB1	IL3	412
NFKB1	LOX	491
NFKB1	FGF7	443
NFKB1	ACE2	571
NFKB1	PRKCA	716
NFKB1	CD28	704
NFKB1	NOTCH1	932
NFKB1	CALML5	645
NFKB1	CCL20	729
NFKB1	SEM1	412
NFKB1	PLG	404
NFKB1	IL10RA	539
NFKB1	KRAS	805
NFKB1	TLR3	861
NFKB1	KIT	441
NFKB1	CYBB	568
NFKB1	IFNA1	901
NFKB1	RAG1	400
NFKB1	CALM3	652
NFKB1	NOD2	776
NFKB1	KLF4	475
NFKB1	ICOS	443
NFKB1	TLR4	993
FGFR3	NGFR	434
FGFR3	MAPK1	473
FGFR3	PIK3R2	844
FGFR3	COL1A1	559
FGFR3	FGF6	961
FGFR3	EGR1	567
FGFR3	TWIST1	882
FGFR3	PLCG1	952
FGFR3	BMP4	449
FGFR3	KRAS	971
FGFR3	MDM2	799
FGFR3	CCND2	409
FGFR3	PIK3CA	965
FGFR3	CBL	722
FGFR3	FGF2	999
FGFR3	EGF	902
FGFR3	FGF7	976
FGFR3	TP53	718
FGFR3	IRS1	703
FGFR3	FGF5	971
FGFR3	ANGPT2	725
FGFR3	CSF1	730
FGFR3	PDGFB	719
FGFR3	HSP90AA1	565
FGFR3	BRAF	627
FGFR3	PTPN11	790
FGFR3	PTEN	643
FGFR3	PDGFA	749
FGFR3	SDC1	457
FGFR3	NRAS	981
FGFR3	VEGFC	828
FGFR3	CTNNB1	600
FGFR3	PIK3R1	824
FGFR3	NOTCH1	588
FGFR3	NTRK1	514
FGFR3	TGFA	733
FGFR3	ANGPT1	732
FGFR3	SOS1	937
FGFR3	FGFR1	854
FGFR3	ESR2	505
FGFR3	SHC1	929
FGFR3	STAT1	539
FGFR3	UBB	505
FGFR3	IGF1	797
FGFR3	FGF16	963
FGFR3	RUNX2	675
FGFR3	GATA3	400
FGFR3	KITLG	724
FGFR3	LOC102723407	896
FGFR3	IGF2	763
FGFR3	SMAD4	582
FGFR3	HSP90AB1	560
FGFR3	BDNF	747
FGFR3	PIK3CB	745
HSPA5	TNFRSF1A	425
HSPA5	NFKBIA	711
HSPA5	TIMP1	525
HSPA5	RPS6KB1	479
HSPA5	CCL2	419
HSPA5	IFNG	419
HSPA5	NR3C1	530
HSPA5	APOE	493
HSPA5	GFAP	418
HSPA5	VWF	433
HSPA5	EP300	622
HSPA5	IL1B	731
HSPA5	CBL	501
HSPA5	ICAM1	448
HSPA5	PPARGC1A	418
HSPA5	TP53	824
HSPA5	PPARG	481
HSPA5	CALM3	637
HSPA5	REL	568
HSPA5	ALB	687
HSPA5	ANPEP	423
HSPA5	HSPA4	915
HSPA5	CALML6	426
HSPA5	IRS1	427
HSPA5	FOS	497
HSPA5	EIF2AK3	999
HSPA5	CYCS	738
HSPA5	PLG	498
HSPA5	CASP3	793
HSPA5	LEP	427
HSPA5	CALML3	424
HSPA5	CALR	995
HSPA5	MMP1	646
HSPA5	MMP9	413
HSPA5	BRAF	773
HSPA5	MTOR	520
HSPA5	FAS	470
HSPA5	HSPA8	983
HSPA5	CD8A	445
HSPA5	BCL2L11	543
HSPA5	NRAS	468
HSPA5	DNTT	504
HSPA5	PTEN	607
HSPA5	CALML5	426
HSPA5	ACE2	948
HSPA5	HLA-A	544
HSPA5	CTNNB1	700
HSPA5	CASP9	687
HSPA5	TLR4	470
HSPA5	MAPK8	541
HSPA5	MCL1	495
HSPA5	IKBKB	558
HSPA5	CAV1	611
HSPA5	BCL2	738
HSPA5	XIAP	426
HSPA5	UBB	414
HSPA5	ACTB	808
HSPA5	FN1	441
HSPA5	HSP90AA1	968
HSPA5	FOXO1	405
HSPA5	HIF1A	540
HSPA5	RELA	715
HSPA5	H3C13	403
HSPA5	H3C12	406
HSPA5	HSP90AB1	977
HSPA5	NFE2L2	583
HSPA5	DNMT1	451
HSPA5	KEAP1	424
HSPA5	SQSTM1	946
HSPA5	LOC102723407	509
KLRK1	CD4	780
KLRK1	LAG3	645
KLRK1	GZMB	816
KLRK1	PIK3R2	522
KLRK1	CCL2	489
KLRK1	CD38	555
KLRK1	CD69	424
KLRK1	IFNG	841
KLRK1	IL4	575
KLRK1	IL5	418
KLRK1	NCR1	986
KLRK1	CD80	731
KLRK1	ITGA2	428
KLRK1	CD33	568
KLRK1	STAT5B	664
KLRK1	CD8A	946
KLRK1	IFNB1	432
KLRK1	TYROBP	998
KLRK1	FAS	620
KLRK1	CCR5	589
KLRK1	CXCL8	480
KLRK1	CD19	693
KLRK1	CD2	682
KLRK1	TLR3	480
KLRK1	TNFSF10	548
KLRK1	KIT	417
KLRK1	ENTPD1	474
KLRK1	CD1D	761
KLRK1	IFNA1	582
KLRK1	RAG1	414
KLRK1	NCAM1	830
KLRK1	ICOS	556
KLRK1	TLR4	460
KLRK1	AOC3	447
KLRK1	VAV1	645
KLRK1	PLCG1	612
KLRK1	HLA-A	667
KLRK1	PIK3R1	571
KLRK1	CD28	822
KLRK1	IL1A	448
KLRK1	EPCAM	400
KLRK1	PROM1	571
KLRK1	STAT5A	658
KLRK1	IDO1	604
KLRK1	SELL	618
KLRK1	PECAM1	501
KLRK1	CXCR3	600
KLRK1	CD81	528
KLRK1	BCL2	403
KLRK1	ICAM1	735
KLRK1	IL3RA	445
KLRK1	CX3CR1	478
KLRK1	PDCD1	739
KLRK1	ITGAE	492
KLRK1	IL1B	542
KLRK1	SOS1	549
KLRK1	PIK3CA	576
KLRK1	MET	507
KLRK1	CTLA4	687
KLRK1	SHC1	534
KLRK1	SYK	850
KLRK1	STAT1	474
KLRK1	BTK	613
KLRK1	NT5E	422
KLRK1	CD3E	510
KLRK1	IL7	748
KLRK1	CXCL9	524
KLRK1	IL12RB1	466
KLRK1	KLRD1	938
KLRK1	CD27	802
KLRK1	CXCL10	530
KLRK1	TP53	466
KLRK1	IL17A	578
KLRK1	TLR7	536
KLRK1	PIK3CB	559
KLRK1	ITGB2	539
KLRK1	HSPA4	848
KLRK1	GATA3	400
KLRK1	CD48	782
KLRK1	CCL4	561
KLRK1	CD5	488
GFAP	CD4	517
GFAP	NGFR	544
GFAP	MPO	415
GFAP	CCL2	584
GFAP	FGF6	483
GFAP	IFNG	566
GFAP	NANOG	598
GFAP	LOX	437
GFAP	IL4	423
GFAP	EGR1	569
GFAP	BMP4	491
GFAP	APOE	644
GFAP	PDGFRB	561
GFAP	HSP90AA1	790
GFAP	PAX6	774
GFAP	FN1	570
GFAP	EGF	741
GFAP	CXCL10	469
GFAP	KDR	420
GFAP	IL6R	441
GFAP	BDNF	804
GFAP	HSP90AB1	812
GFAP	H3C12	513
GFAP	TP53	638
GFAP	HSPA4	414
GFAP	H3C13	505
GFAP	NLRP3	484
GFAP	CX3CR1	608
GFAP	IL1B	820
GFAP	SCARB2	475
GFAP	STAT1	427
GFAP	CASP3	808
GFAP	ACTB	738
GFAP	AIF1	913
GFAP	PROM1	652
GFAP	POU5F1	638
GFAP	IGF1	611
GFAP	IL1A	608
GFAP	UBB	733
GFAP	FGF16	468
GFAP	VIM	855
GFAP	BCL2	538
GFAP	PECAM1	684
GFAP	ICAM1	493
GFAP	CASP9	414
GFAP	FGF2	759
GFAP	CTNNB1	552
GFAP	PPARG	404
GFAP	FGF7	466
GFAP	CCL20	427
GFAP	PRKCA	474
GFAP	NOTCH1	470
GFAP	NTRK1	478
GFAP	KIT	434
GFAP	TJP1	570
GFAP	NCAM1	696
GFAP	KLF4	445
GFAP	NOD2	432
GFAP	PDGFRA	727
GFAP	TLR4	632
GFAP	CSF1R	440
GFAP	CSF1	433
GFAP	FGF5	486
GFAP	BMI1	528
GFAP	MMP9	496
GFAP	PTEN	502
GFAP	FOS	563
GFAP	DNTT	524
GFAP	RHOA	479
GFAP	VWF	587
GFAP	SCARB1	465
GFAP	ALB	771
GFAP	CD8A	402
GFAP	HSPA8	804
TYROBP	CD74	645
TYROBP	CD4	634
TYROBP	GZMB	555
TYROBP	PIK3R2	526
TYROBP	CCL2	436
TYROBP	SPI1	933
TYROBP	IL10RA	583
TYROBP	CD69	419
TYROBP	IFNG	541
TYROBP	PLCG1	626
TYROBP	APOE	652
TYROBP	PDGFRB	405
TYROBP	CD33	897
TYROBP	CSF3R	535
TYROBP	CD48	556
TYROBP	CCL4	533
TYROBP	HSP90AA1	407
TYROBP	EGF	447
TYROBP	CXCL9	486
TYROBP	FCGR2A	761
TYROBP	KLRD1	999
TYROBP	CD27	417
TYROBP	CXCL10	545
TYROBP	PIK3CB	571
TYROBP	TLR7	467
TYROBP	ITGB2	972
TYROBP	CX3CR1	773
TYROBP	NFATC1	684
TYROBP	IL1B	579
TYROBP	SOS1	594
TYROBP	PIK3CA	553
TYROBP	CTLA4	505
TYROBP	SHC1	545
TYROBP	SYK	999
TYROBP	STAT1	508
TYROBP	BTK	768
TYROBP	CD3E	505
TYROBP	AIF1	943
TYROBP	SELL	730
TYROBP	PECAM1	519
TYROBP	TNFSF13B	412
TYROBP	HLA-A	481
TYROBP	PIK3R1	570
TYROBP	CD28	400
TYROBP	CYBB	652
TYROBP	FCGR1A	706
TYROBP	TLR4	736
TYROBP	VAV1	711
TYROBP	CSF1R	962
TYROBP	CCR5	682
TYROBP	CD19	425
TYROBP	CSF1	512
TYROBP	MMP9	626
TYROBP	PTPN11	690
TYROBP	CD2	505
TYROBP	NCR1	974
TYROBP	CD8A	583
LAG3	CD4	914
LAG3	IL1B	488
LAG3	ITGAE	617
LAG3	CX3CR1	471
LAG3	PDCD1	950
LAG3	STAT1	596
LAG3	IL7	572
LAG3	NT5E	635
LAG3	CD3E	584
LAG3	CD69	713
LAG3	CTLA4	965
LAG3	IL1A	405
LAG3	ICAM1	590
LAG3	PECAM1	430
LAG3	CXCR3	803
LAG3	BCL2	418
LAG3	STAT5A	489
LAG3	SELL	718
LAG3	IDO1	825
LAG3	GATA3	679
LAG3	CCL2	492
LAG3	IRF4	532
LAG3	CXCL11	452
LAG3	CD48	654
LAG3	CD5	602
LAG3	CCL4	735
LAG3	KLRD1	642
LAG3	IL12RB1	415
LAG3	CXCL9	652
LAG3	IL4	585
LAG3	TLR7	427
LAG3	RELA	481
LAG3	CD27	775
LAG3	IL17A	597
LAG3	TP53	477
LAG3	CXCL10	626
LAG3	IL21R	613
LAG3	FAS	447
LAG3	IL5	404
LAG3	CD2	624
LAG3	PTPN11	434
LAG3	CCR5	736
LAG3	CXCL8	441
LAG3	CSF1	413
LAG3	CD19	662
LAG3	BRAF	472
LAG3	IFNG	877
LAG3	CCL19	417
LAG3	BCL6	446
LAG3	ITGA2	590
LAG3	CD33	483
LAG3	CD80	990
LAG3	NCR1	515
LAG3	CD8A	947
LAG3	CD38	680
LAG3	STAT5B	488
LAG3	HLA-A	522
LAG3	GZMB	930
LAG3	IL10RA	510
LAG3	CD28	826
LAG3	IFNA1	480
LAG3	KRAS	466
LAG3	ENTPD1	722
LAG3	AOC3	431
LAG3	CSF1R	488
LAG3	NCAM1	545
LAG3	ICOS	807
PDGFRB	CD4	424
PDGFRB	SNAI2	478
PDGFRB	NGFR	520
PDGFRB	GZMB	468
PDGFRB	NFKBIA	518
PDGFRB	TIMP1	453
PDGFRB	MMP2	571
PDGFRB	PIK3R2	971
PDGFRB	CSF3	758
PDGFRB	RPS6KB1	413
PDGFRB	CCL2	530
PDGFRB	COL1A1	831
PDGFRB	FGF6	894
PDGFRB	IFNG	797
PDGFRB	NANOG	400
PDGFRB	LOX	485
PDGFRB	IL4	757
PDGFRB	IL5	730
PDGFRB	EGR1	583
PDGFRB	TWIST1	456
PDGFRB	PLCG1	999
PDGFRB	BMP4	441
PDGFRB	APOE	620
PDGFRB	KRAS	959
PDGFRB	PDGFRA	989
PDGFRB	NT5E	615
PDGFRB	CDK4	505
PDGFRB	MDM2	435
PDGFRB	POU5F1	400
PDGFRB	THBS1	437
PDGFRB	CCND2	516
PDGFRB	VWF	605
PDGFRB	CD8A	485
PDGFRB	IL11	725
PDGFRB	STAT5B	726
PDGFRB	ALB	565
PDGFRB	VEGFC	892
PDGFRB	NRAS	959
PDGFRB	RHOA	424
PDGFRB	ANGPT2	851
PDGFRB	PDGFA	999
PDGFRB	PTEN	950
PDGFRB	FOS	583
PDGFRB	MMP9	698
PDGFRB	PTPN11	999
PDGFRB	FGF5	891
PDGFRB	CXCL8	609
PDGFRB	MTOR	531
PDGFRB	CSF1	909
PDGFRB	TYK2	818
PDGFRB	PDGFB	999
PDGFRB	IFNB1	712
PDGFRB	IRS1	833
PDGFRB	CSF1R	563
PDGFRB	VAV1	486
PDGFRB	WT1	457
PDGFRB	ANGPT1	916
PDGFRB	NCAM1	431
PDGFRB	TJP1	431
PDGFRB	IFNA1	776
PDGFRB	TGFA	865
PDGFRB	NOTCH1	474
PDGFRB	PIK3R1	999
PDGFRB	IL3	766
PDGFRB	LEP	735
PDGFRB	PPARG	634
PDGFRB	FGF7	904
PDGFRB	CTNNB1	592
PDGFRB	FGF2	953
PDGFRB	ICAM1	457
PDGFRB	IL9	684
PDGFRB	BCL2	688
PDGFRB	PECAM1	785
PDGFRB	VIM	649
PDGFRB	CAV1	600
PDGFRB	STAT5A	883
PDGFRB	FGF16	893
PDGFRB	IGF1	926
PDGFRB	EPCAM	509
PDGFRB	PROM1	507
PDGFRB	AIF1	433
PDGFRB	ACTB	538
PDGFRB	CASP3	492
PDGFRB	STAT1	816
PDGFRB	IL7	736
PDGFRB	MCL1	427
PDGFRB	SHC1	961
PDGFRB	MET	406
PDGFRB	IL1B	658
PDGFRB	PIK3CA	976
PDGFRB	FGFR1	649
PDGFRB	SOS1	933
PDGFRB	CBL	589
PDGFRB	EDN1	568
PDGFRB	PIK3CB	960
PDGFRB	IFNA2	771
PDGFRB	ANPEP	621
PDGFRB	SPP1	440
PDGFRB	TP53	637
PDGFRB	EP300	524
PDGFRB	BDNF	761
PDGFRB	HSP90AB1	658
PDGFRB	KDR	986
PDGFRB	IGF2	835
PDGFRB	EGF	989
PDGFRB	FN1	765
PDGFRB	HSP90AA1	687
PDGFRB	KITLG	951
PDGFRB	SMAD3	625
PDGFRB	FOXO1	583
PDGFRB	HIF1A	649
PDGFRB	WNT5A	442
PDGFRB	SMAD2	482
MET	CD74	524
MET	CD4	409
MET	SNAI2	504
MET	MMP2	703
MET	PIK3R2	768
MET	FGF6	865
MET	IFNG	405
MET	NANOG	456
MET	LOX	416
MET	EGR1	537
MET	FLT3	506
MET	TWIST1	419
MET	PLCG1	964
MET	KRAS	979
MET	CCNB1	402
MET	CDK4	427
MET	MDM2	460
MET	POU5F1	446
MET	THBS1	627
MET	CCND2	434
MET	VWF	527
MET	SMAD2	561
MET	AXIN1	430
MET	IL1A	577
MET	IL1B	429
MET	EPCAM	721
MET	KDR	851
MET	PIK3CA	961
MET	CBL	999
MET	FGF2	905
MET	WNT5A	402
MET	ICAM1	556
MET	EGF	945
MET	FGF7	902
MET	TP53	804
MET	KIT	594
MET	STAT5B	404
MET	ALB	523
MET	ITGA2	728
MET	HSPA4	537
MET	IRS1	862
MET	FOS	425
MET	CXCL8	641
MET	PLG	491
MET	CASP3	708
MET	FGF5	865
MET	HNF4A	466
MET	ANGPT2	777
MET	ANGPT1	770
MET	TJP1	408
MET	PIK3R1	872
MET	NOTCH1	523
MET	NTRK1	646
MET	TGFA	850
MET	CTNNB1	985
MET	NRAS	966
MET	SDC1	413
MET	VEGFC	818
MET	CD8A	448
MET	PTEN	755
MET	PDGFA	836
MET	RHOA	793
MET	MTOR	620
MET	CSF1	751
MET	MMP9	746
MET	PTPN11	927
MET	BMI1	401
MET	PDGFB	849
MET	SPP1	448
MET	SMAD4	463
MET	BDNF	742
MET	HSP90AB1	662
MET	PIK3CB	925
MET	LOC102723407	920
MET	IGF2	788
MET	SMAD3	430
MET	KITLG	895
MET	HSP90AA1	768
MET	FN1	745
MET	HIF1A	639
MET	ERV3-1	580
MET	STAT5A	400
MET	BCL2	600
MET	PECAM1	465
MET	CAV1	621
MET	ACTB	568
MET	UBB	532
MET	IGF1	908
MET	FGF16	865
MET	PROM1	597
MET	CTLA4	471
MET	IKBKB	459
MET	SHC1	992
MET	SYK	505
MET	MCL1	461
MET	PDCD1	432
MET	SOS1	882
VAV1	CD4	735
VAV1	MAPK1	663
VAV1	GZMB	711
VAV1	PIK3R2	909
VAV1	CD38	455
VAV1	SPI1	607
VAV1	CD69	603
VAV1	IFNG	588
VAV1	FLT3	412
VAV1	PLCG1	998
VAV1	KRAS	654
VAV1	MDM2	420
VAV1	KDR	605
VAV1	PIK3CA	950
VAV1	CBL	997
VAV1	CD80	607
VAV1	ICAM1	409
VAV1	FCGR2A	698
VAV1	KIT	670
VAV1	CALM3	461
VAV1	NCR1	558
VAV1	STAT5B	432
VAV1	IL3	526
VAV1	MAP2K1	497
VAV1	CALML6	441
VAV1	CD19	997
VAV1	CALML3	448
VAV1	ICOS	404
VAV1	CD28	879
VAV1	KLRD1	649
VAV1	STAT5A	426
VAV1	CD5	619
VAV1	CD3E	571
VAV1	MCL1	454
VAV1	FCGR1A	652
VAV1	CD2	410
VAV1	NRAS	660
VAV1	SYK	999
VAV1	CYBB	690
VAV1	CALML5	440
VAV1	IRF4	403
VAV1	CDK1	426
VAV1	MAPK8	484
VAV1	ITGB2	966
VAV1	SOS1	977
VAV1	CD8A	579
VAV1	RHOA	989
VAV1	SHC1	840
VAV1	PIK3R1	980
VAV1	TYK2	698
VAV1	HSPA8	464
VAV1	NOTCH1	555
VAV1	CTNNB1	613
VAV1	PTPN11	990
VAV1	PIK3CB	929
VAV1	KITLG	555
VAV1	CD48	700
VAV1	SELL	455
VAV1	BTK	996
VAV1	CTLA4	604
CXCL8	CD74	480
CXCL8	CD4	861
CXCL8	SNAI2	405
CXCL8	TNFRSF1A	782
CXCL8	MAPK1	735
CXCL8	GZMB	589
CXCL8	NFKBIA	887
CXCL8	TIMP1	780
CXCL8	MMP2	814
CXCL8	RELB	613
CXCL8	MPO	733
CXCL8	CSF3	971
CXCL8	CCL2	999
CXCL8	COL1A1	408
CXCL8	CD38	484
CXCL8	IL10RA	652
CXCL8	CD69	756
CXCL8	FGF6	755
CXCL8	IFNG	961
CXCL8	LOX	632
CXCL8	IL4	997
CXCL8	IL5	932
CXCL8	NR3C1	457
CXCL8	EGR1	676
CXCL8	TNFSF10	687
CXCL8	APOE	683
CXCL8	KRAS	448
CXCL8	PDGFRA	564
CXCL8	NT5E	504
CXCL8	THBS1	713
CXCL8	VWF	962
CXCL8	SCARB1	517
CXCL8	SMAD2	418
CXCL8	CD33	439
CXCL8	AXIN1	478
CXCL8	EP300	553
CXCL8	IL1A	974
CXCL8	IL1B	994
CXCL8	EPCAM	615
CXCL8	IL7	856
CXCL8	KDR	728
CXCL8	CD80	638
CXCL8	FGF2	857
CXCL8	IL11	825
CXCL8	ICAM1	943
CXCL8	SCARB2	512
CXCL8	LEF1	511
CXCL8	EGF	717
CXCL8	CD27	445
CXCL8	FGF7	881
CXCL8	TP53	804
CXCL8	IFNAR1	436
CXCL8	FCGR2A	676
CXCL8	IL9	791
CXCL8	IFNA1	777
CXCL8	CSF1R	647
CXCL8	PPARG	583
CXCL8	KIT	447
CXCL8	NCR1	609
CXCL8	CCR5	971
CXCL8	STAT5B	441
CXCL8	REL	549
CXCL8	ALB	782
CXCL8	TLR3	718
CXCL8	IL3	785
CXCL8	ANPEP	634
CXCL8	NOD2	627
CXCL8	CCL11	929
CXCL8	MAP2K1	429
CXCL8	HSPA4	681
CXCL8	CXCL10	975
CXCL8	FOS	765
CXCL8	CCL20	941
CXCL8	CD28	593
CXCL8	TGFA	631
CXCL8	PLG	722
CXCL8	CASP9	445
CXCL8	CTNNB1	734
CXCL8	TLR5	791
CXCL8	ACE2	668
CXCL8	LEP	659
CXCL8	HLA-A	412
CXCL8	TJP1	542
CXCL8	NCAM1	577
CXCL8	ANGPT1	571
CXCL8	FCGR1A	531
CXCL8	TLR4	933
CXCL8	MAPK8	669
CXCL8	CYBB	481
CXCL8	ENTPD1	409
CXCL8	CD1D	456
CXCL8	BRAF	431
CXCL8	CD19	581
CXCL8	CSF1	714
CXCL8	MTOR	507
CXCL8	FGF5	753
CXCL8	MMP9	880
CXCL8	IFNB1	731
CXCL8	PDGFB	660
CXCL8	FAS	453
CXCL8	IL21R	557
CXCL8	SDC1	825
CXCL8	VEGFC	717
CXCL8	CD8A	844
CXCL8	PTEN	518
CXCL8	ANGPT2	869
CXCL8	RHOA	445
CXCL8	CCL19	925
CXCL8	FOXO1	405
CXCL8	CCL4	988
CXCL8	SMAD3	433
CXCL8	KITLG	519
CXCL8	CXCL11	946
CXCL8	HSP90AA1	450
CXCL8	FN1	846
CXCL8	NOS2	506
CXCL8	ERV3-1	447
CXCL8	HIF1A	716
CXCL8	SOCS3	552
CXCL8	GATA3	624
CXCL8	IL6R	806
CXCL8	HSP90AB1	438
CXCL8	BDNF	713
CXCL8	IL17A	924
CXCL8	H3C12	444
CXCL8	SPP1	755
CXCL8	NFE2L2	665
CXCL8	CYCS	447
CXCL8	RELA	995
CXCL8	IFNA2	670
CXCL8	TLR7	664
CXCL8	EDN1	803
CXCL8	ITGB2	784
CXCL8	H3C13	443
CXCL8	ADIPOQ	621
CXCL8	CXCL2	982
CXCL8	CXCL9	959
CXCL8	IL12RB1	538
CXCL8	KEAP1	410
CXCL8	SYK	447
CXCL8	CTLA4	598
CXCL8	IKBKB	595
CXCL8	CD209	506
CXCL8	MCL1	446
CXCL8	STAT1	765
CXCL8	PDCD1	480
CXCL8	NLRP3	692
CXCL8	CX3CR1	914
CXCL8	IL3RA	409
CXCL8	MMP1	762
CXCL8	IDO1	610
CXCL8	SELL	806
CXCL8	STAT5A	471
CXCL8	CAV1	400
CXCL8	TNFSF13B	563
CXCL8	BCL2	621
CXCL8	CXCR3	997
CXCL8	PECAM1	733
CXCL8	CASP3	752
CXCL8	ACTB	729
CXCL8	EIF2AK3	495
CXCL8	PROM1	447
CXCL8	IGF1	609
CXCL8	FGF16	753
IL1A	CD4	876
IL1A	TNFRSF1A	934
IL1A	GZMB	695
IL1A	NFKBIA	839
IL1A	TIMP1	672
IL1A	MMP2	607
IL1A	RELB	591
IL1A	MPO	715
IL1A	CSF3	991
IL1A	CCL2	934
IL1A	COL1A1	416
IL1A	CD38	416
IL1A	SPI1	416
IL1A	IL10RA	466
IL1A	CD69	520
IL1A	FGF6	589
IL1A	IFNG	971
IL1A	LOX	632
IL1A	IL4	995
IL1A	IL5	918
IL1A	NR3C1	453
IL1A	EGR1	425
IL1A	TNFSF10	479
IL1A	APOE	602
IL1A	KRAS	403
IL1A	NT5E	485
IL1A	THBS1	434
IL1A	VWF	507
IL1A	SCARB1	532
IL1A	SMAD2	449
IL1A	ITGAE	463
IL1A	EP300	489
IL1A	ERV3-1	410
IL1A	WNT5A	422
IL1A	HIF1A	625
IL1A	IRF4	427
IL1A	SOCS3	566
IL1A	GATA3	447
IL1A	CCL4	921
IL1A	SMAD3	478
IL1A	KITLG	726
IL1A	CD48	538
IL1A	CXCL11	617
IL1A	HSP90AA1	601
IL1A	FN1	773
IL1A	NOS2	620
IL1A	ADIPOQ	596
IL1A	CXCL2	943
IL1A	CXCL9	730
IL1A	EGF	802
IL1A	IL12RB1	431
IL1A	FCGR2A	505
IL1A	CXCL10	958
IL1A	IL6R	823
IL1A	SMAD4	606
IL1A	KDR	464
IL1A	IL17A	929
IL1A	BDNF	645
IL1A	TP53	657
IL1A	SPP1	578
IL1A	NFE2L2	491
IL1A	CD27	608
IL1A	CYCS	479
IL1A	PRKACB	428
IL1A	HSPA4	456
IL1A	RELA	893
IL1A	IFNA2	897
IL1A	TLR7	766
IL1A	EDN1	637
IL1A	ITGB2	552
IL1A	PDCD1	419
IL1A	NLRP3	845
IL1A	CX3CR1	544
IL1A	MMP1	798
IL1A	NFATC1	418
IL1A	IL1B	999
IL1A	SYK	467
IL1A	SCARB2	507
IL1A	CTLA4	592
IL1A	IKBKB	772
IL1A	CD209	463
IL1A	IL7	789
IL1A	STAT1	741
IL1A	CASP3	725
IL1A	ACTB	621
IL1A	AIF1	558
IL1A	IGF1	664
IL1A	FGF16	597
IL1A	IDO1	614
IL1A	RUNX2	444
IL1A	SELL	558
IL1A	STAT5A	450
IL1A	CAV1	552
IL1A	TNFSF13B	543
IL1A	CXCR3	528
IL1A	PECAM1	533
IL1A	BCL2	625
IL1A	IL9	770
IL1A	ICAM1	807
IL1A	CASP9	435
IL1A	FGF2	718
IL1A	CTNNB1	552
IL1A	TLR5	841
IL1A	ACE2	621
IL1A	FGF7	656
IL1A	PPARG	588
IL1A	LEP	836
IL1A	IL3	994
IL1A	HLA-A	581
IL1A	CCL20	895
IL1A	CD28	800
IL1A	TGFA	654
IL1A	PLG	571
IL1A	CYBB	457
IL1A	KIT	446
IL1A	TLR3	807
IL1A	CD1D	465
IL1A	IFNA1	776
IL1A	REL	731
IL1A	TJP1	432
IL1A	ICOS	401
IL1A	NCAM1	461
IL1A	NOD2	597
IL1A	ANGPT1	418
IL1A	RAG1	402
IL1A	FCGR1A	662
IL1A	MAPK8	643
IL1A	TLR4	974
IL1A	CSF1R	507
IL1A	IFNB1	750
IL1A	PDGFB	418
IL1A	FAS	609
IL1A	TYK2	435
IL1A	MAP2K1	601
IL1A	CD19	579
IL1A	CSF1	826
IL1A	CCR5	583
IL1A	MTOR	507
IL1A	FGF5	590
IL1A	CCL11	974
IL1A	MMP9	734
IL1A	FOS	899
IL1A	PTEN	445
IL1A	CD80	778
IL1A	IFNAR1	489
IL1A	CCL19	688
IL1A	VEGFC	590
IL1A	ALB	725
IL1A	STAT5B	451
IL1A	IL11	827
IL1A	CD8A	777
MMP1	CD4	445
MMP1	SNAI2	449
MMP1	NFKBIA	432
MMP1	TIMP1	999
MMP1	MMP2	930
MMP1	MPO	593
MMP1	CSF3	421
MMP1	CCL2	774
MMP1	COL1A1	767
MMP1	IL10RA	402
MMP1	FGF6	411
MMP1	IFNG	706
MMP1	LOX	517
MMP1	IL4	486
MMP1	IL5	547
MMP1	TNFSF10	514
MMP1	TWIST1	415
MMP1	THBS1	611
MMP1	VWF	551
MMP1	SMAD2	457
MMP1	IL1B	873
MMP1	KDR	431
MMP1	FGF2	737
MMP1	IL11	500
MMP1	ICAM1	720
MMP1	EGF	778
MMP1	FGF7	492
MMP1	TP53	515
MMP1	ALB	483
MMP1	ITGA2	813
MMP1	CXCL10	732
MMP1	FOS	687
MMP1	CXCL11	663
MMP1	CYCS	530
MMP1	PLG	706
MMP1	CASP3	492
MMP1	FGF5	414
MMP1	CD19	430
MMP1	ANGPT2	400
MMP1	CTNNB1	486
MMP1	TGFA	418
MMP1	CCL20	678
MMP1	TLR4	446
MMP1	MMP9	974
MMP1	CSF1	408
MMP1	SDC1	566
MMP1	VEGFC	498
MMP1	HIF1A	672
MMP1	SOCS3	544
MMP1	FN1	792
MMP1	CCL4	402
MMP1	SMAD3	428
MMP1	IGF2	581
MMP1	CXCL2	451
MMP1	CXCL9	611
MMP1	EDN1	629
MMP1	IL17A	712
MMP1	SPP1	534
MMP1	IGF1	669
MMP1	FGF16	403
MMP1	ACTB	507
MMP1	PECAM1	420
MMP1	BCL2	447
MMP1	ETS1	495
MMP1	IDO1	555
HSP90AB1	CD4	540
HSP90AB1	MAPK1	813
HSP90AB1	GZMB	443
HSP90AB1	NFKBIA	534
HSP90AB1	MMP2	758
HSP90AB1	RPS6KB1	760
HSP90AB1	CCL2	400
HSP90AB1	COL1A1	469
HSP90AB1	IFNG	507
HSP90AB1	IL4	429
HSP90AB1	NR3C1	998
HSP90AB1	FLT3	452
HSP90AB1	TWIST1	542
HSP90AB1	KRAS	635
HSP90AB1	CCNB1	650
HSP90AB1	PDGFRA	590
HSP90AB1	CDK4	999
HSP90AB1	MDM2	753
HSP90AB1	THBS1	516
HSP90AB1	EP300	739
HSP90AB1	IL1B	718
HSP90AB1	CD81	828
HSP90AB1	EPCAM	504
HSP90AB1	KDR	879
HSP90AB1	PIK3CA	639
HSP90AB1	FGF2	638
HSP90AB1	PPARGC1A	432
HSP90AB1	EGF	521
HSP90AB1	TP53	995
HSP90AB1	PPARG	712
HSP90AB1	KIT	665
HSP90AB1	CALM3	995
HSP90AB1	CCR5	491
HSP90AB1	STAT5B	425
HSP90AB1	ALB	583
HSP90AB1	ITGA2	451
HSP90AB1	NOD2	577
HSP90AB1	MAP2K1	761
HSP90AB1	HSPA4	999
HSP90AB1	CALML6	995
HSP90AB1	FOS	446
HSP90AB1	EIF2AK3	815
HSP90AB1	CYCS	780
HSP90AB1	CASP3	858
HSP90AB1	HNF4A	457
HSP90AB1	CALML3	995
HSP90AB1	CALR	975
HSP90AB1	PGR	978
HSP90AB1	CASP9	525
HSP90AB1	H3C13	737
HSP90AB1	HSP90AA1	997
HSP90AB1	NLRP3	986
HSP90AB1	KLRD1	432
HSP90AB1	CAV1	983
HSP90AB1	STAT5A	425
HSP90AB1	SMAD4	431
HSP90AB1	ESR2	832
HSP90AB1	E2F1	423
HSP90AB1	FN1	577
HSP90AB1	H3C12	747
HSP90AB1	DNMT1	646
HSP90AB1	STAT1	831
HSP90AB1	MTOR	998
HSP90AB1	IL6R	495
HSP90AB1	MCL1	542
HSP90AB1	NRAS	608
HSP90AB1	PRKACB	698
HSP90AB1	XIAP	496
HSP90AB1	NFE2L2	563
HSP90AB1	RELA	515
HSP90AB1	KEAP1	933
HSP90AB1	SQSTM1	664
HSP90AB1	FOXO1	469
HSP90AB1	ALK	756
HSP90AB1	HIF1A	998
HSP90AB1	GATA3	623
HSP90AB1	BCL2	775
HSP90AB1	ACTB	911
HSP90AB1	IGF1	446
HSP90AB1	UBB	689
HSP90AB1	IKBKB	976
HSP90AB1	BTK	677
HSP90AB1	FGFR1	648
HSP90AB1	TLR4	988
HSP90AB1	CALML5	995
HSP90AB1	NOTCH1	515
HSP90AB1	NTRK1	484
HSP90AB1	CTNNB1	759
HSP90AB1	ACE2	503
HSP90AB1	TLR5	546
HSP90AB1	CD8A	506
HSP90AB1	HSPA8	999
HSP90AB1	BCL2L11	472
HSP90AB1	PTEN	665
HSP90AB1	BCL6	570
HSP90AB1	RHOA	545
HSP90AB1	CDK1	809
HSP90AB1	BRAF	998
HSP90AB1	BMI1	434
HSP90AB1	MMP9	462
HSP90AB1	TYK2	458
NOS2	CD4	585
NOS2	NFKBIA	641
NOS2	MPO	515
NOS2	CSF3	432
NOS2	CCL2	633
NOS2	IFNG	862
NOS2	IL4	674
NOS2	IL5	432
NOS2	NR3C1	423
NOS2	APOE	420
NOS2	IL1B	803
NOS2	CD80	457
NOS2	ICAM1	608
NOS2	TP53	418
NOS2	IFNA1	635
NOS2	CSF1R	442
NOS2	PPARG	699
NOS2	CALM3	999
NOS2	ALB	499
NOS2	HSPA4	448
NOS2	CALML6	993
NOS2	CXCL10	520
NOS2	FOS	418
NOS2	CYCS	470
NOS2	CASP3	537
NOS2	CALML3	993
NOS2	IFNB1	479
NOS2	TYK2	591
NOS2	CSF1	459
NOS2	MMP9	681
NOS2	CD8A	541
NOS2	CALML5	993
NOS2	PIK3R1	419
NOS2	CYBB	607
NOS2	MAPK8	545
NOS2	TLR4	754
NOS2	SYK	544
NOS2	MCL1	484
NOS2	STAT1	738
NOS2	ACTB	576
NOS2	AIF1	501
NOS2	UBB	550
NOS2	IDO1	529
NOS2	CAV1	453
NOS2	VIM	437
NOS2	BCL2	466
NOS2	SOCS3	613
NOS2	IRF4	532
NOS2	HIF1A	523
NOS2	CCL4	542
NOS2	HSP90AA1	731
NOS2	IL12RB1	428
NOS2	CXCL2	400
NOS2	CXCL9	425
NOS2	IL17A	542
NOS2	NFE2L2	475
NOS2	RELA	464
NOS2	EDN1	664
IFNA2	CD4	788
IFNA2	MMP2	441
IFNA2	CSF3	823
IFNA2	CCL2	723
IFNA2	IL10RA	722
IFNA2	IFNG	968
IFNA2	IL4	628
IFNA2	IL5	627
IFNA2	TNFSF10	612
IFNA2	PDGFRA	771
IFNA2	EP300	569
IFNA2	IL1B	913
IFNA2	IL7	769
IFNA2	CD80	441
IFNA2	FGF2	863
IFNA2	EGF	674
IFNA2	TP53	646
IFNA2	IFNAR1	999
IFNA2	IL9	753
IFNA2	IFNA1	663
IFNA2	KIT	482
IFNA2	CCR5	757
IFNA2	ALB	734
IFNA2	TLR3	778
IFNA2	IL3	858
IFNA2	CCL11	758
IFNA2	CXCL10	838
IFNA2	CXCL11	424
IFNA2	CD19	447
IFNA2	CSF1	639
IFNA2	IL3RA	861
IFNA2	SOCS3	646
IFNA2	PDCD1	418
IFNA2	IL21R	693
IFNA2	DNMT1	405
IFNA2	STAT1	912
IFNA2	MTOR	473
IFNA2	CXCL9	802
IFNA2	CR2	691
IFNA2	IL6R	752
IFNA2	MMP9	556
IFNA2	CSF3R	740
IFNA2	TLR4	663
IFNA2	TNFSF13B	449
IFNA2	ACE2	583
IFNA2	TLR5	472
IFNA2	CCL4	658
IFNA2	TGFA	520
IFNA2	IL12RB1	791
IFNA2	IL17A	671
IFNA2	NCAM1	418
IFNA2	RELA	724
IFNA2	TLR7	868
IFNA2	IFNB1	798
IFNA2	TYK2	892
IFNA2	BRAF	526
IFNA2	CTLA4	548
IFNA2	BTK	512
IFNA2	PTPN11	483
IFNA2	ACTB	400
IFNA2	IDO1	419
IFNA2	CD8A	759
SOCS3	CD4	712
SOCS3	TNFRSF1A	417
SOCS3	NGFR	410
SOCS3	NFKBIA	726
SOCS3	TIMP1	588
SOCS3	PIK3R2	586
SOCS3	CSF3	856
SOCS3	CCL2	749
SOCS3	IL10RA	653
SOCS3	IFNG	886
SOCS3	IL4	727
SOCS3	IL5	598
SOCS3	EGR1	485
SOCS3	TNFSF10	478
SOCS3	THBS1	438
SOCS3	CD33	642
SOCS3	IL1B	819
SOCS3	PIK3CA	632
SOCS3	CD80	445
SOCS3	IL11	503
SOCS3	ICAM1	686
SOCS3	TP53	638
SOCS3	IFNAR1	884
SOCS3	IFNA1	784
SOCS3	CSF1R	696
SOCS3	PPARG	535
SOCS3	STAT5B	900
SOCS3	REL	523
SOCS3	ALB	415
SOCS3	TLR3	483
SOCS3	NOD2	457
SOCS3	HSPA4	514
SOCS3	IRS1	985
SOCS3	CXCL10	561
SOCS3	FOS	641
SOCS3	CXCL11	592
SOCS3	CASP3	438
SOCS3	LEP	908
SOCS3	CSF1	441
SOCS3	IGF2	453
SOCS3	ADIPOQ	484
SOCS3	IL12RB1	742
SOCS3	CXCL9	426
SOCS3	CXCL2	599
SOCS3	RELA	704
SOCS3	TLR7	430
SOCS3	PIK3CB	622
SOCS3	IL17A	772
SOCS3	IL6R	936
SOCS3	CSF3R	954
SOCS3	GATA3	411
SOCS3	HIF1A	472
SOCS3	IRF4	648
SOCS3	HSP90AA1	549
SOCS3	FOXO1	420
SOCS3	CCL4	421
SOCS3	UBB	518
SOCS3	IGF1	676
SOCS3	ACTB	556
SOCS3	VIM	543
SOCS3	BCL2	503
SOCS3	IDO1	797
SOCS3	STAT5A	900
SOCS3	NLRP3	406
SOCS3	MCL1	707
SOCS3	STAT1	988
SOCS3	SYK	651
SOCS3	IKBKB	486
SOCS3	TLR4	784
SOCS3	KLF4	453
SOCS3	CTNNB1	424
SOCS3	NTRK1	526
SOCS3	CCL20	431
SOCS3	PIK3R1	662
SOCS3	BCL6	434
SOCS3	PTEN	624
SOCS3	CD8A	536
SOCS3	TYK2	999
SOCS3	IFNB1	786
SOCS3	PTPN11	853
SOCS3	MMP9	510
SOCS3	MTOR	457
MAPK1	CD4	594
MAPK1	TNFRSF1A	679
MAPK1	RPS6KB1	927
MAPK1	PTPN11	955
MAPK1	MMP9	684
MAPK1	CDK1	693
MAPK1	BRAF	949
MAPK1	GATA4	510
MAPK1	FGF5	722
MAPK1	MTOR	678
MAPK1	TYK2	540
MAPK1	MAP2K1	999
MAPK1	IRS1	650
MAPK1	HSPA8	506
MAPK1	CD8A	542
MAPK1	BCL2L11	953
MAPK1	EGR1	946
MAPK1	NRAS	959
MAPK1	VWF	598
MAPK1	STAT5B	680
MAPK1	ALB	563
MAPK1	IFNG	627
MAPK1	RHOA	593
MAPK1	PDGFA	406
MAPK1	PTEN	677
MAPK1	FOS	992
MAPK1	CALML5	497
MAPK1	NOTCH1	579
MAPK1	PIK3R1	659
MAPK1	PRKCA	931
MAPK1	CALML6	473
MAPK1	PPARG	736
MAPK1	FGF7	598
MAPK1	MDM2	635
MAPK1	PLCG1	769
MAPK1	CALML3	497
MAPK1	CTNNB1	736
MAPK1	FGF2	780
MAPK1	CASP9	841
MAPK1	WT1	434
MAPK1	MMP2	408
MAPK1	TLR4	606
MAPK1	MAPK8	747
MAPK1	CALM3	553
MAPK1	CDKN1B	858
MAPK1	NFKBIA	496
MAPK1	CYBB	926
MAPK1	KRAS	988
MAPK1	MCL1	740
MAPK1	STAT1	950
MAPK1	SHC1	962
MAPK1	CCNB1	439
MAPK1	ESR2	948
MAPK1	PIK3CA	822
MAPK1	FGFR1	496
MAPK1	SOS1	772
MAPK1	IL1B	653
MAPK1	NFATC1	927
MAPK1	CAV1	507
MAPK1	ICAM1	579
MAPK1	BCL2	969
MAPK1	PECAM1	449
MAPK1	RUNX2	583
MAPK1	ETS1	992
MAPK1	STAT5A	878
MAPK1	FGF16	574
MAPK1	HNF4A	476
MAPK1	IGF1	621
MAPK1	CASP3	961
MAPK1	ACTB	767
MAPK1	ALK	472
MAPK1	FN1	716
MAPK1	HSP90AA1	941
MAPK1	SMAD3	962
MAPK1	FOXO1	941
MAPK1	SMAD2	967
MAPK1	PGR	662
MAPK1	HIF1A	985
MAPK1	RELA	717
MAPK1	HSPA4	685
MAPK1	PRKACB	929
MAPK1	H3C13	406
MAPK1	PIK3CB	618
MAPK1	H3C12	407
MAPK1	TP53	998
MAPK1	EP300	818
MAPK1	BDNF	845
MAPK1	SMAD4	816
MAPK1	KDR	404
MAPK1	IL6R	539
MAPK1	ANPEP	469
MAPK1	CYCS	775
MAPK1	NFE2L2	430
MAPK1	FGF6	563
MAPK1	ITGA2B	553
MAPK1	IGF2	468
MAPK1	IL4	528
MAPK1	EGF	789
MAPK1	SQSTM1	564
ICOS	CD74	466
ICOS	CD4	929
ICOS	TNFRSF1A	418
ICOS	GZMB	739
ICOS	PIK3R2	915
ICOS	CCL2	413
ICOS	CD38	694
ICOS	IL10RA	494
ICOS	CD69	828
ICOS	IFNG	894
ICOS	IL4	836
ICOS	IL5	616
ICOS	NT5E	507
ICOS	ITGAE	639
ICOS	IL1B	496
ICOS	CD81	551
ICOS	IL7	603
ICOS	PIK3CA	917
ICOS	CD80	997
ICOS	ICAM1	614
ICOS	LEF1	455
ICOS	CD27	833
ICOS	FCGR2A	442
ICOS	IL9	511
ICOS	IFNA1	432
ICOS	NCR1	477
ICOS	CCR5	643
ICOS	STAT5B	532
ICOS	RAG1	497
ICOS	CXCL10	545
ICOS	CCL19	495
ICOS	AOC3	580
ICOS	CD19	779
ICOS	TNFSF13B	870
ICOS	CD8A	903
ICOS	BCL2	420
ICOS	CXCR3	749
ICOS	SELL	733
ICOS	SDC1	534
ICOS	IDO1	737
ICOS	STAT5A	548
ICOS	BCL6	820
ICOS	CR2	691
ICOS	CD2	880
ICOS	CD3E	715
ICOS	BTK	425
ICOS	STAT1	507
ICOS	CTLA4	998
ICOS	IL21R	832
ICOS	FAS	713
ICOS	NFATC1	410
ICOS	PDCD1	941
ICOS	CX3CR1	429
ICOS	IL3RA	466
ICOS	TLR4	405
ICOS	TLR7	473
ICOS	PIK3CB	917
ICOS	NCAM1	485
ICOS	IL17A	800
ICOS	IL6R	435
ICOS	KLRD1	448
ICOS	CD1D	487
ICOS	ENTPD1	646
ICOS	IL12RB1	460
ICOS	CXCL9	557
ICOS	CD5	711
ICOS	CCL4	469
ICOS	CCL20	407
ICOS	CD28	979
ICOS	CD48	615
ICOS	PIK3R1	976
ICOS	GATA3	697
ICOS	IRF4	685
RAG1	CD4	898
RAG1	GZMB	491
RAG1	CD38	537
RAG1	SPI1	569
RAG1	IL10RA	402
RAG1	CD69	617
RAG1	IFNG	741
RAG1	IL4	630
RAG1	IL5	520
RAG1	FLT3	468
RAG1	ITGAE	529
RAG1	IL1B	541
RAG1	IL7	680
RAG1	CD80	479
RAG1	CD27	472
RAG1	TP53	550
RAG1	IFNAR1	452
RAG1	FCGR2A	408
RAG1	IL9	474
RAG1	IFNA1	416
RAG1	KIT	523
RAG1	NCR1	479
RAG1	STAT5B	479
RAG1	TLR3	417
RAG1	IL3	416
RAG1	BTK	425
RAG1	CD3E	492
RAG1	STAT1	439
RAG1	SYK	415
RAG1	CTLA4	537
RAG1	ACTB	462
RAG1	TNFSF13B	426
RAG1	BCL2	439
RAG1	CXCR3	430
RAG1	SELL	640
RAG1	STAT5A	473
RAG1	GATA3	600
RAG1	IRF4	493
RAG1	FOXO1	848
RAG1	KITLG	405
RAG1	CD5	555
RAG1	LOC102723407	816
RAG1	H3C13	677
RAG1	BDNF	437
RAG1	IL17A	708
RAG1	H3C12	677
RAG1	CD2	429
RAG1	CD19	691
RAG1	BCL6	509
RAG1	CR2	451
RAG1	FOS	541
RAG1	DNTT	751
RAG1	CD8A	859
RAG1	CD28	601
RAG1	NOTCH1	441
RAG1	CD1D	492
RAG1	TLR4	455
RAG1	AOC3	619
RAG1	NOD2	405
CALML6	NFKBIA	407
CALML6	RPS6KB1	443
CALML6	FGF6	602
CALML6	IFNG	445
CALML6	EGR1	574
CALML6	PLCG1	937
CALML6	KRAS	998
CALML6	CDK4	710
CALML6	MDM2	555
CALML6	CCND2	500
CALML6	SMAD2	544
CALML6	IL1B	510
CALML6	PIK3CA	517
CALML6	CBL	493
CALML6	PPARGC1A	433
CALML6	EGF	505
CALML6	FGF7	594
CALML6	TP53	657
CALML6	CALM3	996
CALML6	REL	581
CALML6	ALB	789
CALML6	MAP2K1	490
CALML6	HSPA4	719
CALML6	IRS1	653
CALML6	FAS	549
CALML6	FGF5	592
CALML6	MTOR	707
CALML6	CDK1	427
CALML6	BRAF	472
CALML6	FOS	589
CALML6	PTEN	437
CALML6	RHOA	760
CALML6	NRAS	954
CALML6	HSPA8	651
CALML6	CTNNB1	626
CALML6	CALML3	962
CALML6	ACE2	567
CALML6	PRKCA	719
CALML6	CALML5	963
CALML6	NTRK1	504
CALML6	CYBB	498
CALML6	TJP1	609
CALML6	MAPK8	404
CALML6	TLR4	403
CALML6	CALR	661
CALML6	NFATC1	786
CALML6	FGFR1	488
CALML6	ESR2	554
CALML6	SYK	407
CALML6	ACTB	572
CALML6	CASP3	509
CALML6	FGF16	593
CALML6	IGF1	435
CALML6	AIF1	487
CALML6	SELL	565
CALML6	BCL2	505
CALML6	CAV1	995
CALML6	HIF1A	425
CALML6	FN1	642
CALML6	HSP90AA1	996
CALML6	CYCS	605
CALML6	H3C12	420
CALML6	BDNF	748
CALML6	H3C13	420
CALML6	EDN1	519
CALML6	PRKACB	988
IFNAR1	CD4	653
IFNAR1	TNFRSF1A	631
IFNAR1	GZMB	437
IFNAR1	CSF3	751
IFNAR1	CCL2	533
IFNAR1	IL10RA	540
IFNAR1	CD69	435
IFNAR1	IFNG	989
IFNAR1	IL4	855
IFNAR1	IL5	768
IFNAR1	EP300	404
IFNAR1	IL1B	636
IFNAR1	IL7	777
IFNAR1	CD80	471
IFNAR1	IL11	744
IFNAR1	EGF	709
IFNAR1	TNFSF13B	436
IFNAR1	CXCR3	418
IFNAR1	IL9	719
IFNAR1	IDO1	406
IFNAR1	STAT5A	414
IFNAR1	CASP3	417
IFNAR1	ACTB	470
IFNAR1	STAT1	998
IFNAR1	CTLA4	468
IFNAR1	IKBKB	434
IFNAR1	NLRP3	424
IFNAR1	IL3RA	502
IFNAR1	TLR7	738
IFNAR1	IL6R	575
IFNAR1	CXCL10	638
IFNAR1	IL17A	484
IFNAR1	FCGR2A	423
IFNAR1	CXCL9	502
IFNAR1	IL12RB1	614
IFNAR1	CXCL11	612
IFNAR1	CD8A	666
IFNAR1	STAT5B	449
IFNAR1	PDGFA	654
IFNAR1	PTPN11	698
IFNAR1	MMP9	736
IFNAR1	CD19	451
IFNAR1	CSF1	432
IFNAR1	MTOR	540
IFNAR1	TYK2	999
IFNAR1	PDGFB	671
IFNAR1	IFNB1	999
IFNAR1	TLR4	665
IFNAR1	NOD2	478
IFNAR1	IFNA1	999
IFNAR1	KIT	699
IFNAR1	TLR3	747
IFNAR1	PIK3R1	641
IFNAR1	CD28	444
IFNAR1	TLR5	468
IFNAR1	ACE2	448
IFNAR1	LEP	671
IFNAR1	IL3	735
IGF1	CD4	513
IGF1	TNFRSF1A	607
IGF1	NGFR	790
IGF1	TIMP1	586
IGF1	MMP2	809
IGF1	CSF3	527
IGF1	RPS6KB1	733
IGF1	CCL2	760
IGF1	COL1A1	714
IGF1	FGF6	794
IGF1	CDKN1B	485
IGF1	IFNG	754
IGF1	NANOG	490
IGF1	LOX	477
IGF1	IL4	631
IGF1	NR3C1	480
IGF1	EGR1	449
IGF1	FLT3	751
IGF1	BMP4	606
IGF1	APOE	579
IGF1	KRAS	698
IGF1	PDGFRA	889
IGF1	NT5E	511
IGF1	CDK4	448
IGF1	MDM2	476
IGF1	POU5F1	521
IGF1	THBS1	658
IGF1	CCND2	402
IGF1	VWF	523
IGF1	SCARB1	478
IGF1	SMAD2	716
IGF1	IL1B	847
IGF1	IL7	431
IGF1	KDR	914
IGF1	PIK3CA	512
IGF1	FGF2	882
IGF1	IL11	506
IGF1	WNT5A	737
IGF1	ICAM1	694
IGF1	PPARGC1A	764
IGF1	SCARB2	454
IGF1	EGF	995
IGF1	FGF7	827
IGF1	TP53	720
IGF1	FCGR2A	778
IGF1	WNT3A	478
IGF1	CSF1R	815
IGF1	PPARG	828
IGF1	KIT	860
IGF1	CALM3	447
IGF1	CCR5	478
IGF1	STAT5B	739
IGF1	ALB	830
IGF1	IL3	510
IGF1	MAP2K1	677
IGF1	HSPA4	479
IGF1	IRS1	998
IGF1	CXCL10	426
IGF1	FOS	585
IGF1	EIF2AK3	446
IGF1	CYCS	507
IGF1	PLG	673
IGF1	CASP3	680
IGF1	FGF5	788
IGF1	LEP	907
IGF1	HNF4A	616
IGF1	ANGPT2	541
IGF1	CALML3	434
IGF1	PGR	578
IGF1	CSF1	541
IGF1	CASP9	481
IGF1	PDGFB	949
IGF1	SMAD3	506
IGF1	H3C13	414
IGF1	HSP90AA1	471
IGF1	CAV1	731
IGF1	STAT5A	666
IGF1	SMAD4	445
IGF1	ESR2	731
IGF1	E2F1	512
IGF1	PDGFA	949
IGF1	FN1	907
IGF1	CX3CR1	430
IGF1	H3C12	414
IGF1	STAT1	447
IGF1	MTOR	781
IGF1	MCL1	604
IGF1	FCGR1A	987
IGF1	PRKACB	556
IGF1	DNTT	404
IGF1	RUNX2	642
IGF1	PTEN	795
IGF1	MMP9	767
IGF1	DKK1	569
IGF1	TLR4	583
IGF1	KLF4	452
IGF1	TNFSF13B	443
IGF1	AIF1	488
IGF1	CYBB	427
IGF1	EDN1	590
IGF1	FOXO1	910
IGF1	CALML5	434
IGF1	SDC1	601
IGF1	ALK	534
IGF1	RHOA	474
IGF1	BCL2L11	451
IGF1	CD8A	490
IGF1	VEGFC	661
IGF1	PTPN11	638
IGF1	GATA4	447
IGF1	BRAF	486
IGF1	MAPK8	479
IGF1	ANGPT1	595
IGF1	CTNNB1	687
IGF1	TGFA	980
IGF1	NTRK1	990
IGF1	NOTCH1	480
IGF1	PRKCA	400
IGF1	PIK3R1	524
IGF1	FGF16	770
IGF1	PROM1	477
IGF1	ACTB	660
IGF1	PECAM1	614
IGF1	BCL2	765
IGF1	IDO1	403
IGF1	NFATC1	615
IGF1	FGFR1	820
IGF1	SOS1	672
IGF1	SHC1	890
IGF1	IGF2	998
IGF1	ADIPOQ	779
IGF1	PIK3CB	588
IGF1	NFE2L2	453
IGF1	SPP1	616
IGF1	IL17A	479
IGF1	BDNF	859
IGF1	HIF1A	698
IGF1	PAX6	427
IGF1	KITLG	741
FGF5	CD4	423
FGF5	SNAI2	501
FGF5	NGFR	762
FGF5	TIMP1	520
FGF5	MMP2	513
FGF5	PIK3R2	478
FGF5	CSF3	592
FGF5	CCL2	609
FGF5	FGF6	633
FGF5	IFNG	579
FGF5	NANOG	759
FGF5	LOX	414
FGF5	IL4	633
FGF5	IL5	646
FGF5	FLT3	789
FGF5	TWIST1	446
FGF5	PLCG1	602
FGF5	BMP4	699
FGF5	APOE	568
FGF5	KRAS	682
FGF5	PDGFRA	904
FGF5	NT5E	504
FGF5	POU5F1	733
FGF5	THBS1	456
FGF5	VWF	461
FGF5	SMAD2	520
FGF5	IL1B	659
FGF5	IL7	473
FGF5	KDR	927
FGF5	PIK3CA	553
FGF5	CBL	594
FGF5	FGF2	581
FGF5	IL11	447
FGF5	WNT5A	449
FGF5	ICAM1	484
FGF5	LEF1	446
FGF5	EGF	993
FGF5	FGF7	630
FGF5	TP53	540
FGF5	IL9	461
FGF5	WNT3A	696
FGF5	CSF1R	799
FGF5	PPARG	433
FGF5	KIT	850
FGF5	CALM3	601
FGF5	ALB	756
FGF5	CCL11	477
FGF5	AXIN2	419
FGF5	IRS1	526
FGF5	CXCL10	513
FGF5	FOS	426
FGF5	PLG	511
FGF5	CASP3	479
FGF5	FGFR1	999
FGF5	SOS1	550
FGF5	SHC1	561
FGF5	ACTB	536
FGF5	FGF16	609
FGF5	HNF4A	448
FGF5	UBB	519
FGF5	PROM1	507
FGF5	RUNX2	539
FGF5	PECAM1	733
FGF5	BCL2	452
FGF5	HIF1A	583
FGF5	ERV3-1	514
FGF5	KITLG	519
FGF5	SMAD3	461
FGF5	CCL4	447
FGF5	FN1	799
FGF5	PAX6	598
FGF5	CXCL9	402
FGF5	ADIPOQ	597
FGF5	IGF2	629
FGF5	SPP1	533
FGF5	IL17A	509
FGF5	BDNF	784
FGF5	SMAD4	443
FGF5	EDN1	511
FGF5	PIK3CB	455
FGF5	PDGFB	653
FGF5	MTOR	489
FGF5	CSF1	420
FGF5	GATA4	605
FGF5	DKK1	527
FGF5	MMP9	598
FGF5	PTPN11	611
FGF5	ANGPT2	514
FGF5	PDGFA	643
FGF5	PTEN	451
FGF5	RHOA	428
FGF5	VEGFC	717
FGF5	SDC1	760
FGF5	NRAS	611
FGF5	CD8A	418
FGF5	CTNNB1	681
FGF5	CALML3	592
FGF5	LEP	445
FGF5	NOTCH1	463
FGF5	PIK3R1	500
FGF5	CALML5	592
FGF5	NTRK1	887
FGF5	TGFA	588
FGF5	ANGPT1	730
FGF5	KLF4	589
FGF5	NCAM1	566
CX3CR1	CD74	537
CX3CR1	CD4	770
CX3CR1	GZMB	608
CX3CR1	MPO	593
CX3CR1	CCL2	998
CX3CR1	CD38	446
CX3CR1	SPI1	600
CX3CR1	IL10RA	479
CX3CR1	CD69	569
CX3CR1	IFNG	691
CX3CR1	IL4	608
CX3CR1	IL5	453
CX3CR1	NR3C1	564
CX3CR1	FLT3	481
CX3CR1	APOE	764
CX3CR1	SCARB1	531
CX3CR1	CD33	561
CX3CR1	ITGAE	715
CX3CR1	IL1B	737
CX3CR1	CD80	596
CX3CR1	ICAM1	709
CX3CR1	SCARB2	531
CX3CR1	CD27	519
CX3CR1	FCGR2A	532
CX3CR1	IFNA1	416
CX3CR1	CSF1R	836
CX3CR1	KIT	493
CX3CR1	NCR1	515
CX3CR1	CCR5	823
CX3CR1	ALB	461
CX3CR1	TLR3	478
CX3CR1	NOD2	402
CX3CR1	CCL11	874
CX3CR1	CXCL10	953
CX3CR1	CXCL11	874
CX3CR1	CCL19	969
CX3CR1	AOC3	400
CX3CR1	CD19	580
CX3CR1	CD209	406
CX3CR1	CALR	487
CX3CR1	CD28	488
CX3CR1	CSF1	638
CX3CR1	IL3RA	414
CX3CR1	PDCD1	403
CX3CR1	KLRD1	518
CX3CR1	STAT5A	526
CX3CR1	IFNB1	620
CX3CR1	CTLA4	447
CX3CR1	MMP9	492
CX3CR1	STAT1	402
CX3CR1	CD3E	439
CX3CR1	ACTB	417
CX3CR1	AIF1	804
CX3CR1	IDO1	419
CX3CR1	SELL	664
CX3CR1	CXCR3	593
CX3CR1	PECAM1	537
CX3CR1	CD8A	703
CX3CR1	HIF1A	492
CX3CR1	IRF4	419
CX3CR1	TLR5	434
CX3CR1	CCL20	933
CX3CR1	CCL4	852
CX3CR1	CXCL9	891
CX3CR1	CXCL2	819
CX3CR1	IL12RB1	553
CX3CR1	CYBB	499
CX3CR1	ENTPD1	418
CX3CR1	IL17A	571
CX3CR1	NCAM1	527
CX3CR1	BDNF	517
CX3CR1	TLR4	672
CX3CR1	TLR7	558
CX3CR1	FCGR1A	722
CX3CR1	ITGB2	540
NFKBIA	CD4	618
NFKBIA	TNFRSF1A	809
NFKBIA	NGFR	585
NFKBIA	FAS	453
NFKBIA	TYK2	460
NFKBIA	MAP2K1	527
NFKBIA	IRS1	492
NFKBIA	IL5	405
NFKBIA	IFNB1	652
NFKBIA	RPS6KB1	490
NFKBIA	TIMP1	431
NFKBIA	MMP9	704
NFKBIA	CDK1	440
NFKBIA	CSF1	519
NFKBIA	MTOR	647
NFKBIA	BCL6	611
NFKBIA	RHOA	622
NFKBIA	IFNG	714
NFKBIA	PTEN	536
NFKBIA	FOS	808
NFKBIA	DNTT	418
NFKBIA	CD80	473
NFKBIA	CSF3	469
NFKBIA	HSPA8	708
NFKBIA	CD8A	532
NFKBIA	BCL2L11	453
NFKBIA	EGR1	497
NFKBIA	SCARB1	435
NFKBIA	IL11	481
NFKBIA	STAT5B	441
NFKBIA	ALB	624
NFKBIA	TLR5	719
NFKBIA	PPARG	618
NFKBIA	MDM2	473
NFKBIA	CALML3	414
NFKBIA	CASP9	612
NFKBIA	CTNNB1	582
NFKBIA	E2F1	588
NFKBIA	SEM1	400
NFKBIA	IL10RA	428
NFKBIA	CALML5	414
NFKBIA	CCL20	554
NFKBIA	PIK3R1	773
NFKBIA	PRKCA	713
NFKBIA	CD28	418
NFKBIA	IFNA1	529
NFKBIA	REL	999
NFKBIA	TNFSF10	423
NFKBIA	CYBB	504
NFKBIA	KRAS	448
NFKBIA	TLR3	663
NFKBIA	TLR4	872
NFKBIA	MAPK8	782
NFKBIA	MMP2	507
NFKBIA	TJP1	457
NFKBIA	CDKN1B	413
NFKBIA	CCND2	413
NFKBIA	NOD2	708
NFKBIA	CALM3	600
NFKBIA	NFATC1	617
NFKBIA	IL1B	945
NFKBIA	THBS1	430
NFKBIA	NLRP3	626
NFKBIA	LEF1	496
NFKBIA	BTK	630
NFKBIA	MCL1	576
NFKBIA	STAT1	917
NFKBIA	SYK	730
NFKBIA	CCNB1	401
NFKBIA	SCARB2	428
NFKBIA	CD69	439
NFKBIA	IKBKB	999
NFKBIA	AIF1	499
NFKBIA	UBB	957
NFKBIA	CASP3	740
NFKBIA	ACTB	823
NFKBIA	EIF2AK3	629
NFKBIA	TNFSF13B	523
NFKBIA	VIM	456
NFKBIA	RELB	995
NFKBIA	CAV1	457
NFKBIA	BCL2	730
NFKBIA	PECAM1	460
NFKBIA	ICAM1	797
NFKBIA	CDK4	510
NFKBIA	XIAP	636
NFKBIA	STAT5A	653
NFKBIA	CCL2	754
NFKBIA	SMAD2	463
NFKBIA	HIF1A	735
NFKBIA	IRF4	407
NFKBIA	MPO	575
NFKBIA	HSP90AA1	560
NFKBIA	FN1	474
NFKBIA	SMAD3	473
NFKBIA	FOXO1	442
NFKBIA	CCL4	510
NFKBIA	DNMT1	468
NFKBIA	IL4	588
NFKBIA	EGF	479
NFKBIA	CXCL2	681
NFKBIA	NR3C1	449
NFKBIA	SQSTM1	809
NFKBIA	KEAP1	527
NFKBIA	RELA	999
NFKBIA	PRKACB	965
NFKBIA	HSPA4	620
NFKBIA	TLR7	589
NFKBIA	H3C13	562
NFKBIA	EDN1	431
NFKBIA	SMAD4	538
NFKBIA	CXCL10	752
NFKBIA	H3C12	563
NFKBIA	TP53	915
NFKBIA	EP300	734
NFKBIA	BDNF	400
NFKBIA	IL17A	732
NFKBIA	NFE2L2	747
NFKBIA	APOE	478
NFKBIA	CYCS	596
EGF	CD4	583
EGF	SNAI2	732
EGF	TNFRSF1A	447
EGF	NGFR	891
EGF	TIMP1	728
EGF	MMP2	657
EGF	PIK3R2	579
EGF	CSF3	957
EGF	RPS6KB1	588
EGF	CCL2	696
EGF	COL1A1	564
EGF	IL10RA	700
EGF	FGF6	988
EGF	CDKN1B	479
EGF	IFNG	781
EGF	NANOG	684
EGF	LOX	697
EGF	IL4	667
EGF	IL5	576
EGF	EGR1	643
EGF	FLT3	860
EGF	TWIST1	544
EGF	PLCG1	747
EGF	BMP4	689
EGF	APOE	447
EGF	KRAS	854
EGF	CCNB1	490
EGF	PDGFRA	987
EGF	NT5E	541
EGF	CDK4	602
EGF	MDM2	522
EGF	POU5F1	698
EGF	THBS1	581
EGF	CCND2	411
EGF	VWF	711
EGF	SCARB1	558
EGF	SMAD2	626
EGF	AXIN1	517
EGF	EP300	406
EGF	IL1B	762
EGF	CD81	542
EGF	EPCAM	630
EGF	IL7	570
EGF	KDR	928
EGF	PIK3CA	746
EGF	CBL	859
EGF	FGF2	969
EGF	IL11	480
EGF	WNT5A	525
EGF	ICAM1	577
EGF	SCARB2	545
EGF	LEF1	446
EGF	CTNNB1	868
EGF	CASP9	537
EGF	PPARG	633
EGF	FGF7	992
EGF	IL3	677
EGF	LEP	567
EGF	CALML3	505
EGF	CALML5	505
EGF	CCL20	416
EGF	PIK3R1	911
EGF	PRKCA	479
EGF	E2F1	457
EGF	AXIN2	492
EGF	PLG	611
EGF	NTRK1	997
EGF	TGFA	998
EGF	KIT	973
EGF	WNT3A	846
EGF	IFNA1	639
EGF	CALM3	506
EGF	NCAM1	453
EGF	KLF4	599
EGF	TJP1	584
EGF	ANGPT1	729
EGF	CSF1R	811
EGF	TLR4	553
EGF	MAPK8	719
EGF	IRS1	486
EGF	IFNB1	418
EGF	PDGFB	955
EGF	IL21R	660
EGF	MAP2K1	686
EGF	CDK1	500
EGF	CSF1	942
EGF	BRAF	651
EGF	GATA4	413
EGF	MTOR	647
EGF	BMI1	565
EGF	PTPN11	827
EGF	DKK1	540
EGF	MMP9	741
EGF	CCL11	916
EGF	PDGFA	950
EGF	DNTT	437
EGF	PTEN	746
EGF	FOS	788
EGF	ANGPT2	749
EGF	RHOA	874
EGF	VEGFC	730
EGF	SDC1	648
EGF	NRAS	759
EGF	STAT5B	513
EGF	ALB	889
EGF	CD8A	578
EGF	BCL2L11	445
EGF	ERV3-1	614
EGF	PGR	736
EGF	HIF1A	785
EGF	CSF3R	702
EGF	GATA3	415
EGF	KITLG	728
EGF	SMAD3	592
EGF	CCL4	579
EGF	FOXO1	636
EGF	PAX6	614
EGF	ALK	545
EGF	FN1	960
EGF	HSP90AA1	760
EGF	KEAP1	576
EGF	IL12RB1	682
EGF	CXCL9	477
EGF	DNMT1	415
EGF	IGF2	644
EGF	H3C12	587
EGF	TP53	780
EGF	BDNF	798
EGF	IL17A	596
EGF	SMAD4	591
EGF	IL6R	857
EGF	CXCL10	609
EGF	CYCS	531
EGF	SPP1	715
EGF	RELA	425
EGF	PRKACB	552
EGF	HSPA4	448
EGF	H3C13	599
EGF	EDN1	795
EGF	ITGB2	607
EGF	PIK3CB	401
EGF	IL3RA	697
EGF	WNT4	637
EGF	FGFR1	926
EGF	SOS1	806
EGF	SHC1	924
EGF	IKBKB	404
EGF	ESR2	578
EGF	CTLA4	434
EGF	MCL1	463
EGF	STAT1	560
EGF	CASP3	801
EGF	EIF2AK3	581
EGF	ACTB	778
EGF	PROM1	725
EGF	FGF16	988
EGF	UBB	532
EGF	HNF4A	579
EGF	RUNX2	440
EGF	XIAP	400
EGF	IDO1	414
EGF	STAT5A	512
EGF	VIM	503
EGF	CAV1	694
EGF	IL9	478
EGF	BCL2	684
EGF	PECAM1	664
RUNX2	SNAI2	471
RUNX2	MMP2	463
RUNX2	CCL2	432
RUNX2	COL1A1	955
RUNX2	SPI1	634
RUNX2	FGF6	532
RUNX2	NANOG	545
RUNX2	NR3C1	827
RUNX2	FLT3	502
RUNX2	TWIST1	972
RUNX2	BMP4	836
RUNX2	APOE	415
RUNX2	CCNB1	686
RUNX2	NT5E	639
RUNX2	CDK4	607
RUNX2	MDM2	590
RUNX2	POU5F1	581
RUNX2	SMAD2	662
RUNX2	AXIN1	490
RUNX2	EP300	885
RUNX2	IL1B	760
RUNX2	KDR	419
RUNX2	FGF2	753
RUNX2	IL11	407
RUNX2	WNT5A	573
RUNX2	PPARGC1A	826
RUNX2	LEF1	838
RUNX2	FGF7	542
RUNX2	TP53	808
RUNX2	WNT3A	644
RUNX2	PPARG	873
RUNX2	KIT	638
RUNX2	WNT4	404
RUNX2	ALB	588
RUNX2	WNT10B	593
RUNX2	AXIN2	578
RUNX2	IRS1	483
RUNX2	FOS	987
RUNX2	EIF2AK3	414
RUNX2	CASP3	521
RUNX2	LEP	494
RUNX2	HNF4A	775
RUNX2	CSF1	481
RUNX2	CASP9	558
RUNX2	SMAD3	960
RUNX2	H3C13	453
RUNX2	STAT5A	506
RUNX2	SMAD4	894
RUNX2	FN1	583
RUNX2	H3C12	454
RUNX2	STAT1	942
RUNX2	PRKACB	937
RUNX2	FOXO1	680
RUNX2	GATA3	434
RUNX2	IRF4	545
RUNX2	HIF1A	844
RUNX2	RELA	560
RUNX2	NFE2L2	577
RUNX2	SPP1	901
RUNX2	ADIPOQ	488
RUNX2	SYK	706
RUNX2	CTLA4	484
RUNX2	FGFR1	635
RUNX2	NFATC1	724
RUNX2	BCL2	512
RUNX2	PECAM1	603
RUNX2	ETS1	812
RUNX2	UBB	499
RUNX2	FGF16	523
RUNX2	ACTB	697
RUNX2	SEM1	400
RUNX2	PIK3R1	469
RUNX2	NOTCH1	660
RUNX2	CTNNB1	802
RUNX2	KLF4	530
RUNX2	ANGPT1	437
RUNX2	MMP9	615
RUNX2	DKK1	717
RUNX2	GATA4	444
RUNX2	CDK1	570
RUNX2	RHOA	478
RUNX2	PTEN	430
H3C13	CD4	540
H3C13	SNAI2	441
H3C13	RELB	420
H3C13	MPO	888
H3C13	RPS6KB1	461
H3C13	CCL2	426
H3C13	SPI1	711
H3C13	CDKN1B	474
H3C13	IFNG	501
H3C13	NANOG	799
H3C13	LOX	406
H3C13	IL4	407
H3C13	NR3C1	444
H3C13	EGR1	501
H3C13	KRAS	472
H3C13	CCNB1	812
H3C13	CDK4	774
H3C13	MDM2	532
H3C13	POU5F1	731
H3C13	THBS1	550
H3C13	CCND2	440
H3C13	VWF	550
H3C13	SMAD2	465
H3C13	ITGA2B	599
H3C13	EP300	922
H3C13	IL1B	554
H3C13	FGF2	489
H3C13	PPARGC1A	475
H3C13	LEF1	690
H3C13	TP53	863
H3C13	PPARG	503
H3C13	KIT	440
H3C13	CALM3	450
H3C13	STAT5B	691
H3C13	REL	466
H3C13	ALB	699
H3C13	TLR3	567
H3C13	MAP2K1	645
H3C13	HSPA4	706
H3C13	FOS	805
H3C13	EIF2AK3	432
H3C13	CYCS	487
H3C13	CASP3	753
H3C13	HNF4A	484
H3C13	CALML3	448
H3C13	PGR	431
H3C13	CASP9	466
H3C13	SMAD3	467
H3C13	BCL6	412
H3C13	DNTT	463
H3C13	PTEN	600
H3C13	BCL2L11	433
H3C13	HSPA8	523
H3C13	CD8A	448
H3C13	NRAS	421
H3C13	MMP9	681
H3C13	BMI1	885
H3C13	MTOR	485
H3C13	CDK1	812
H3C13	BRAF	458
H3C13	GATA4	531
H3C13	MAPK8	405
H3C13	TLR4	688
H3C13	WT1	405
H3C13	KLF4	550
H3C13	CTNNB1	834
H3C13	E2F1	706
H3C13	NOTCH1	490
H3C13	CALML5	448
H3C13	UBB	941
H3C13	ACTB	812
H3C13	PECAM1	454
H3C13	BCL2	808
H3C13	STAT5A	697
H3C13	XIAP	405
H3C13	STAT1	487
H3C13	MCL1	435
H3C13	IKBKB	612
H3C13	DNMT1	998
H3C13	IGF2	431
H3C13	KEAP1	405
H3C13	LOC102723407	593
H3C13	RELA	723
H3C13	PRKACB	441
H3C13	NFE2L2	419
H3C13	H3C12	988
H3C13	BDNF	527
H3C13	SMAD4	416
H3C13	GATA3	727
H3C13	CSF3R	623
H3C13	IRF4	446
H3C13	HIF1A	592
H3C13	FN1	457
H3C13	PAX6	556
H3C13	HSP90AA1	737
H3C13	FOXO1	549
CD27	CD74	448
CD27	CD4	931
CD27	TNFRSF1A	715
CD27	NGFR	493
CD27	GZMB	785
CD27	CCL2	400
CD27	CD38	908
CD27	IL10RA	504
CD27	CD69	866
CD27	IFNG	860
CD27	IL4	746
CD27	IL5	506
CD27	TNFSF10	420
CD27	FLT3	403
CD27	NT5E	451
CD27	CD33	524
CD27	ITGAE	607
CD27	IL1B	527
CD27	CD81	729
CD27	IL7	666
CD27	CD80	989
CD27	ICAM1	433
CD27	LEF1	468
CD27	CD28	898
CD27	HLA-A	555
CD27	NCAM1	770
CD27	CSF1R	438
CD27	AOC3	572
CD27	TLR4	438
CD27	KIT	526
CD27	ENTPD1	635
CD27	IFNA1	527
CD27	CD1D	604
CD27	CSF1	428
CD27	CD19	955
CD27	CCR5	797
CD27	CD2	887
CD27	IL21R	732
CD27	FAS	804
CD27	SDC1	726
CD27	STAT5B	464
CD27	ALB	469
CD27	CD8A	937
CD27	CR2	905
CD27	NCR1	802
CD27	BCL6	628
CD27	ITGA2	410
CD27	CCL19	558
CD27	CD5	908
CD27	CCL4	552
CD27	CD48	711
CD27	IRF4	607
CD27	GATA3	484
CD27	IL17A	662
CD27	IL6R	430
CD27	CXCL10	683
CD27	ITGB2	650
CD27	TLR7	515
CD27	IL12RB1	402
CD27	CXCL9	509
CD27	LOC102723407	631
CD27	KLRD1	652
CD27	FCGR2A	548
CD27	SYK	500
CD27	CTLA4	781
CD27	CD3E	787
CD27	BTK	501
CD27	STAT1	497
CD27	PDCD1	692
CD27	IL3RA	603
CD27	NFATC1	537
CD27	SELL	828
CD27	IDO1	578
CD27	STAT5A	479
CD27	TNFSF13B	719
CD27	BCL2	515
CD27	CXCR3	863
CD27	PECAM1	531
SELL	CD4	931
SELL	TNFRSF1A	504
SELL	GZMB	778
SELL	RELB	416
SELL	MPO	546
SELL	CSF3	531
SELL	CCL2	598
SELL	CD38	700
SELL	SPI1	474
SELL	IL10RA	563
SELL	CD69	905
SELL	IFNG	870
SELL	IL4	754
SELL	IL5	595
SELL	FLT3	418
SELL	NT5E	489
SELL	VWF	774
SELL	CD33	694
SELL	ITGA2B	412
SELL	ITGAE	848
SELL	IL1B	714
SELL	IL7	687
SELL	CD80	749
SELL	ICAM1	927
SELL	LEF1	411
SELL	FCGR2A	730
SELL	IL9	451
SELL	IFNA1	505
SELL	CSF1R	556
SELL	KIT	515
SELL	CALM3	968
SELL	NCR1	641
SELL	CCR5	820
SELL	STAT5B	545
SELL	REL	406
SELL	ALB	543
SELL	ITGA2	568
SELL	TLR3	450
SELL	IL3	629
SELL	CCL11	411
SELL	CXCL10	562
SELL	CXCL11	412
SELL	CCL19	937
SELL	CASP3	429
SELL	AOC3	791
SELL	CD19	838
SELL	CALML3	565
SELL	CD28	830
SELL	CSF1	433
SELL	IL3RA	484
SELL	PDCD1	646
SELL	IL21R	485
SELL	KLRD1	703
SELL	STAT5A	566
SELL	CD5	705
SELL	PDGFA	404
SELL	FN1	445
SELL	CCL20	465
SELL	STAT1	468
SELL	CD3E	698
SELL	CXCL9	556
SELL	CR2	675
SELL	IL6R	450
SELL	FCGR1A	613
SELL	CD2	801
SELL	ENTPD1	647
SELL	MMP9	484
SELL	CSF3R	629
SELL	CXCR3	860
SELL	TLR4	743
SELL	SYK	476
SELL	TNFSF13B	545
SELL	CYBB	440
SELL	GATA3	598
SELL	FOXO1	473
SELL	IFNB1	409
SELL	CALML5	566
SELL	TLR7	547
SELL	IRF4	539
SELL	SDC1	586
SELL	SPP1	547
SELL	HLA-A	486
SELL	ITGB2	976
SELL	BCL2	497
SELL	BCL6	635
SELL	CD8A	932
SELL	ERV3-1	562
SELL	IDO1	488
SELL	PECAM1	797
SELL	IL12RB1	552
SELL	NCAM1	794
SELL	CCL4	551
SELL	BTK	436
SELL	CD48	586
SELL	ACTB	493
SELL	TLR5	417
SELL	CTLA4	743
SELL	IL17A	744
SELL	CD1D	624
SELL	FAS	705
CASP3	CD4	772
CASP3	SNAI2	527
CASP3	TNFRSF1A	853
CASP3	NGFR	820
CASP3	GZMB	986
CASP3	TIMP1	522
CASP3	MMP2	713
CASP3	RELB	478
CASP3	MPO	680
CASP3	CSF3	443
CASP3	RPS6KB1	737
CASP3	CCL2	654
CASP3	COL1A1	455
CASP3	CD38	421
CASP3	CD69	427
CASP3	FGF6	478
CASP3	CDKN1B	721
CASP3	IFNG	825
CASP3	NANOG	561
CASP3	LOX	544
CASP3	IL4	599
CASP3	NR3C1	617
CASP3	EGR1	481
CASP3	TNFSF10	835
CASP3	FLT3	444
CASP3	TWIST1	408
CASP3	BMP4	439
CASP3	APOE	614
CASP3	KRAS	645
CASP3	CCNB1	798
CASP3	PDGFRA	475
CASP3	CDK4	750
CASP3	MDM2	966
CASP3	POU5F1	598
CASP3	THBS1	418
CASP3	CCND2	529
CASP3	VWF	472
CASP3	SCARB1	459
CASP3	SMAD2	689
CASP3	AXIN1	421
CASP3	EP300	426
CASP3	IL1B	899
CASP3	CD81	406
CASP3	EPCAM	455
CASP3	IL7	412
CASP3	KDR	598
CASP3	PIK3CA	556
CASP3	CD80	462
CASP3	FGF2	671
CASP3	WNT5A	411
CASP3	ICAM1	635
CASP3	PPARGC1A	613
CASP3	SCARB2	468
CASP3	LEF1	407
CASP3	FGF7	503
CASP3	TP53	956
CASP3	FCGR2A	584
CASP3	IFNA1	506
CASP3	WNT3A	659
CASP3	CSF1R	426
CASP3	PPARG	694
CASP3	KIT	563
CASP3	CALM3	518
CASP3	CCR5	580
CASP3	STAT5B	561
CASP3	REL	516
CASP3	ALB	815
CASP3	TLR3	523
CASP3	IL3	429
CASP3	MAP2K1	643
CASP3	AXIN2	428
CASP3	HSPA4	906
CASP3	IRS1	491
CASP3	CXCL10	560
CASP3	FOS	749
CASP3	EIF2AK3	776
CASP3	CYCS	997
CASP3	PGR	518
CASP3	HIF1A	766
CASP3	ALK	450
CASP3	PAX6	644
CASP3	FN1	612
CASP3	HSP90AA1	878
CASP3	FOXO1	642
CASP3	SMAD3	675
CASP3	IGF2	648
CASP3	DNMT1	488
CASP3	ADIPOQ	465
CASP3	IL12RB1	456
CASP3	KEAP1	650
CASP3	SQSTM1	672
CASP3	CXCL9	605
CASP3	PRKACB	544
CASP3	RELA	607
CASP3	EDN1	680
CASP3	TLR7	447
CASP3	BDNF	720
CASP3	IL17A	554
CASP3	H3C12	731
CASP3	SMAD4	517
CASP3	NFE2L2	717
CASP3	SPP1	598
CASP3	FGFR1	415
CASP3	NFATC1	406
CASP3	NLRP3	600
CASP3	CALR	537
CASP3	MCL1	911
CASP3	BTK	439
CASP3	STAT1	780
CASP3	SYK	435
CASP3	IKBKB	631
CASP3	ESR2	543
CASP3	CTLA4	416
CASP3	AIF1	698
CASP3	PROM1	578
CASP3	FGF16	464
CASP3	HNF4A	474
CASP3	ACTB	989
CASP3	CAV1	486
CASP3	VIM	908
CASP3	BCL2	987
CASP3	PECAM1	705
CASP3	XIAP	999
CASP3	STAT5A	571
CASP3	ACE2	406
CASP3	LEP	639
CASP3	CALML3	518
CASP3	CTNNB1	965
CASP3	CASP9	999
CASP3	E2F1	604
CASP3	NTRK1	522
CASP3	CALML5	518
CASP3	CD28	432
CASP3	NOTCH1	576
CASP3	PRKCA	948
CASP3	PIK3R1	405
CASP3	CYBB	620
CASP3	WT1	404
CASP3	TLR4	740
CASP3	MAPK8	943
CASP3	KLF4	438
CASP3	TJP1	897
CASP3	FAS	911
CASP3	IFNB1	516
CASP3	PTPN11	402
CASP3	BMI1	495
CASP3	MMP9	806
CASP3	CSF1	442
CASP3	CDK1	862
CASP3	CD19	523
CASP3	BRAF	611
CASP3	MTOR	723
CASP3	RHOA	633
CASP3	DNTT	882
CASP3	PTEN	748
CASP3	CD8A	671
CASP3	HSPA8	480
CASP3	BCL2L11	863
CASP3	NRAS	485
CASP3	SDC1	430
MDM2	SNAI2	853
MDM2	NGFR	411
MDM2	MMP2	400
MDM2	RPS6KB1	660
MDM2	CDKN1B	587
MDM2	NR3C1	470
MDM2	EGR1	684
MDM2	FLT3	449
MDM2	TWIST1	604
MDM2	KRAS	670
MDM2	CCNB1	748
MDM2	PDGFRA	843
MDM2	CDK4	884
MDM2	BCL2L11	580
MDM2	HSPA8	605
MDM2	ALB	599
MDM2	NRAS	609
MDM2	RHOA	560
MDM2	PTEN	902
MDM2	FOS	722
MDM2	DNTT	528
MDM2	MMP9	628
MDM2	BMI1	775
MDM2	MTOR	598
MDM2	BRAF	631
MDM2	CDK1	829
MDM2	MAP2K1	613
MDM2	FAS	428
MDM2	PDGFB	410
MDM2	MAPK8	410
MDM2	WT1	466
MDM2	CCND2	492
MDM2	CALM3	556
MDM2	KIT	580
MDM2	NTRK1	424
MDM2	E2F1	992
MDM2	PIK3R1	675
MDM2	NOTCH1	843
MDM2	CALML5	554
MDM2	CALML3	554
MDM2	PPARG	682
MDM2	CASP9	869
MDM2	CTNNB1	823
MDM2	BCL2	953
MDM2	STAT5A	524
MDM2	XIAP	929
MDM2	UBB	961
MDM2	HNF4A	530
MDM2	POU5F1	425
MDM2	ACTB	631
MDM2	STAT1	622
MDM2	BTK	525
MDM2	MCL1	750
MDM2	ESR2	506
MDM2	IKBKB	432
MDM2	FGFR1	511
MDM2	PIK3CA	642
MDM2	CBL	558
MDM2	HSPA4	873
MDM2	RELA	746
MDM2	NFE2L2	401
MDM2	CYCS	598
MDM2	KDR	433
MDM2	SMAD4	487
MDM2	EP300	999
MDM2	IL17A	402
MDM2	H3C12	533
MDM2	TP53	999
MDM2	DNMT1	660
MDM2	KEAP1	629
MDM2	HSP90AA1	909
MDM2	ALK	558
MDM2	FOXO1	774
MDM2	CD5	400
MDM2	GATA3	502
MDM2	HIF1A	988
MDM2	SMAD2	605
MDM2	PGR	596
FN1	CD4	916
FN1	SNAI2	800
FN1	NGFR	431
FN1	GZMB	656
FN1	TIMP1	954
FN1	MMP2	756
FN1	MPO	642
FN1	CSF3	514
FN1	RPS6KB1	432
FN1	CCL2	723
FN1	COL1A1	974
FN1	CD38	412
FN1	FGF6	799
FN1	IFNG	641
FN1	NANOG	583
FN1	LOX	931
FN1	IL4	837
FN1	IL5	431
FN1	EGR1	672
FN1	FLT3	550
FN1	TWIST1	697
FN1	PLCG1	651
FN1	BMP4	715
FN1	APOE	712
FN1	KRAS	728
FN1	PDGFRA	570
FN1	NT5E	737
FN1	CDK4	404
FN1	POU5F1	600
FN1	THBS1	999
FN1	CCND2	595
FN1	VWF	998
FN1	SCARB1	687
FN1	SMAD2	765
FN1	ITGA2B	999
FN1	ITGAE	824
FN1	EP300	447
FN1	IL1B	869
FN1	CD81	662
FN1	EPCAM	581
FN1	IL7	781
FN1	KDR	793
FN1	PIK3CA	665
FN1	CBL	944
FN1	CD80	424
FN1	FGF2	965
FN1	IL11	448
FN1	WNT5A	547
FN1	ICAM1	904
FN1	SCARB2	697
FN1	LEF1	443
FN1	FGF7	802
FN1	TP53	665
FN1	FCGR2A	615
FN1	IFNA1	434
FN1	WNT3A	646
FN1	CSF1R	425
FN1	PPARG	552
FN1	KIT	776
FN1	CALM3	659
FN1	NCR1	474
FN1	CCR5	620
FN1	ALB	998
FN1	ITGA2	986
FN1	TLR3	418
FN1	IL3	479
FN1	ANPEP	448
FN1	MAP2K1	727
FN1	HSPA4	718
FN1	IRS1	777
FN1	CXCL10	686
FN1	FOS	782
FN1	CXCL11	604
FN1	EIF2AK3	640
FN1	CYCS	435
FN1	PLG	997
FN1	AOC3	492
FN1	LEP	446
FN1	HNF4A	488
FN1	CD19	441
FN1	ANGPT2	487
FN1	CALML3	642
FN1	CALR	427
FN1	PGR	424
FN1	CSF1	534
FN1	CASP9	405
FN1	PDGFB	478
FN1	SMAD3	730
FN1	PDCD1	550
FN1	HSP90AA1	460
FN1	CAV1	771
FN1	STAT5A	462
FN1	SMAD4	646
FN1	ESR2	561
FN1	PDGFA	725
FN1	CALML5	642
FN1	NOTCH1	507
FN1	PIK3R1	618
FN1	PRKCA	461
FN1	NTRK1	599
FN1	TGFA	529
FN1	CTNNB1	850
FN1	ACE2	492
FN1	TLR5	555
FN1	NCAM1	748
FN1	KLF4	507
FN1	TJP1	717
FN1	ANGPT1	695
FN1	TLR4	995
FN1	MAPK8	450
FN1	FCGR1A	503
FN1	CYBB	459
FN1	CD1D	513
FN1	CDK1	605
FN1	BRAF	718
FN1	GATA4	438
FN1	MTOR	509
FN1	CD2	516
FN1	PTPN11	694
FN1	BMI1	551
FN1	DKK1	686
FN1	MMP9	850
FN1	VEGFC	589
FN1	NRAS	645
FN1	SDC1	999
FN1	CD8A	753
FN1	DNTT	403
FN1	PTEN	582
FN1	CR2	451
FN1	BCL6	471
FN1	RHOA	734
FN1	KITLG	589
FN1	CCL4	433
FN1	ALK	744
FN1	PAX6	404
FN1	ERV3-1	954
FN1	HIF1A	698
FN1	H3C12	455
FN1	BDNF	695
FN1	IL17A	534
FN1	SPP1	996
FN1	RELA	437
FN1	PRKACB	434
FN1	ITGB2	976
FN1	EDN1	605
FN1	ADIPOQ	627
FN1	SQSTM1	683
FN1	IGF2	694
FN1	SYK	709
FN1	SHC1	743
FN1	CTLA4	622
FN1	STAT1	603
FN1	FGFR1	671
FN1	SOS1	627
FN1	VIM	809
FN1	BCL2	785
FN1	PECAM1	748
FN1	ACTB	886
FN1	PROM1	712
FN1	FGF16	799
STAT5A	CD4	843
STAT5A	GZMB	535
STAT5A	RELB	500
STAT5A	CSF3	746
STAT5A	RPS6KB1	447
STAT5A	CCL2	458
STAT5A	CD38	463
STAT5A	SPI1	699
STAT5A	IL10RA	864
STAT5A	CD69	564
STAT5A	IFNG	820
STAT5A	IL4	758
STAT5A	IL5	777
STAT5A	NR3C1	798
STAT5A	FLT3	970
STAT5A	KRAS	473
STAT5A	PDGFRA	673
STAT5A	CDK4	430
STAT5A	CCND2	457
STAT5A	SMAD2	452
STAT5A	CD33	421
STAT5A	ITGAE	411
STAT5A	EP300	946
STAT5A	IL1B	617
STAT5A	EPCAM	430
STAT5A	IL7	965
STAT5A	KDR	582
STAT5A	CBL	755
STAT5A	CD80	554
STAT5A	ICAM1	435
STAT5A	LEF1	750
STAT5A	TP53	755
STAT5A	IL9	886
STAT5A	IFNA1	571
STAT5A	CSF1R	492
STAT5A	PPARG	833
STAT5A	KIT	959
STAT5A	STAT5B	949
STAT5A	REL	535
STAT5A	ALB	428
STAT5A	TLR3	429
STAT5A	IL3	905
STAT5A	MAP2K1	639
STAT5A	IRS1	619
STAT5A	CXCL10	421
STAT5A	FOS	524
STAT5A	EIF2AK3	433
STAT5A	AOC3	432
STAT5A	LEP	722
STAT5A	HNF4A	411
STAT5A	CD19	701
STAT5A	CALR	610
STAT5A	CD28	616
STAT5A	PGR	885
STAT5A	CSF1	458
STAT5A	IL3RA	690
STAT5A	PDGFB	609
STAT5A	SMAD3	502
STAT5A	PDCD1	445
STAT5A	HSP90AA1	425
STAT5A	IL21R	733
STAT5A	NCAM1	436
STAT5A	TLR4	484
STAT5A	CTNNB1	709
STAT5A	ACE2	441
STAT5A	PIK3R1	580
STAT5A	PRKCA	475
STAT5A	NOTCH1	459
STAT5A	PTEN	783
STAT5A	PDGFA	550
STAT5A	BCL6	648
STAT5A	CD8A	784
STAT5A	BCL2L11	513
STAT5A	IFNB1	484
STAT5A	TYK2	982
STAT5A	MTOR	497
STAT5A	PTPN11	974
STAT5A	MMP9	449
STAT5A	IL12RB1	502
STAT5A	IGF2	546
STAT5A	IL6R	503
STAT5A	H3C12	697
STAT5A	IL17A	746
STAT5A	NFE2L2	446
STAT5A	RELA	522
STAT5A	TLR7	405
STAT5A	IRF4	623
STAT5A	HIF1A	513
STAT5A	CSF3R	739
STAT5A	GATA3	777
STAT5A	FOXO1	700
STAT5A	KITLG	742
STAT5A	ALK	610
STAT5A	ACTB	591
STAT5A	ETS1	682
STAT5A	IDO1	445
STAT5A	PECAM1	407
STAT5A	CXCR3	442
STAT5A	BCL2	772
STAT5A	NFATC1	455
STAT5A	SYK	775
STAT5A	CTLA4	750
STAT5A	ESR2	507
STAT5A	SHC1	826
STAT5A	BTK	850
STAT5A	CD3E	417
STAT5A	MCL1	625
STAT5A	STAT1	969
NANOG	SNAI2	678
NANOG	NGFR	476
NANOG	COL1A1	441
NANOG	FGF6	541
NANOG	SQSTM1	401
NANOG	DNMT1	607
NANOG	IGF2	523
NANOG	ANPEP	499
NANOG	SPP1	476
NANOG	TP53	857
NANOG	H3C12	718
NANOG	EP300	590
NANOG	BDNF	448
NANOG	KDR	546
NANOG	SMAD4	852
NANOG	HIF1A	810
NANOG	WNT5A	419
NANOG	SMAD2	856
NANOG	GATA3	513
NANOG	KITLG	487
NANOG	SMAD3	884
NANOG	FOXO1	769
NANOG	PAX6	838
NANOG	ACTB	671
NANOG	FGF16	525
NANOG	HNF4A	724
NANOG	EPCAM	682
NANOG	POU5F1	999
NANOG	PROM1	846
NANOG	CDK4	405
NANOG	PECAM1	730
NANOG	BCL2	575
NANOG	VIM	502
NANOG	LEF1	829
NANOG	CCNB1	406
NANOG	NT5E	672
NANOG	WNT3A	530
NANOG	KRAS	449
NANOG	KIT	654
NANOG	KLF4	994
NANOG	NCAM1	442
NANOG	PDGFRA	524
NANOG	BMP4	758
NANOG	WT1	541
NANOG	CTNNB1	946
NANOG	FGF2	924
NANOG	HLA-A	513
NANOG	FGF7	547
NANOG	PPARG	484
NANOG	NOTCH1	618
NANOG	E2F1	488
NANOG	AXIN2	430
NANOG	FOS	592
NANOG	PTEN	677
NANOG	BCL6	513
NANOG	TWIST1	824
NANOG	ALB	657
NANOG	HSPA8	596
NANOG	BRAF	500
NANOG	GATA4	848
NANOG	DKK1	502
NANOG	MMP9	453
NANOG	BMI1	752
PROM1	CD4	447
PROM1	SNAI2	626
PROM1	NGFR	592
PROM1	MMP2	480
PROM1	CSF3	544
PROM1	CCL2	516
PROM1	CD38	626
PROM1	FGF6	507
PROM1	IFNG	432
PROM1	FLT3	610
PROM1	TWIST1	543
PROM1	BMP4	664
PROM1	KRAS	618
PROM1	PDGFRA	507
PROM1	NT5E	659
PROM1	POU5F1	846
PROM1	VWF	618
PROM1	SMAD2	444
PROM1	CD33	511
PROM1	IL1B	418
PROM1	EPCAM	864
PROM1	KDR	796
PROM1	FGF2	720
PROM1	ICAM1	475
PROM1	FGF7	507
PROM1	TP53	671
PROM1	WNT3A	423
PROM1	KIT	789
PROM1	ALB	606
PROM1	ANPEP	664
PROM1	AXIN2	447
PROM1	HNF4A	506
PROM1	CD19	511
PROM1	CAV1	455
PROM1	SMAD4	426
PROM1	MTOR	418
PROM1	PTEN	594
PROM1	MMP9	573
PROM1	KLF4	664
PROM1	BMI1	776
PROM1	SPP1	450
PROM1	BCL2	582
PROM1	CD8A	480
PROM1	FGF16	507
PROM1	BRAF	431
PROM1	NCAM1	589
PROM1	ANGPT1	429
PROM1	CTNNB1	864
PROM1	NOTCH1	679
PROM1	PIK3R1	551
PROM1	ACTB	713
PROM1	VIM	478
PROM1	PECAM1	833
PROM1	IL17A	521
PROM1	HIF1A	626
PROM1	KITLG	713
PROM1	PAX6	477
UBB	CD74	587
UBB	TNFRSF1A	626
UBB	NGFR	499
UBB	RELB	442
UBB	CSF3	672
UBB	FGF6	507
UBB	CDKN1B	953
UBB	FLT3	504
UBB	KRAS	576
UBB	CCNB1	608
UBB	SMAD2	531
UBB	AXIN1	512
UBB	EP300	533
UBB	CBL	951
UBB	FGF2	526
UBB	FGF7	518
UBB	TP53	799
UBB	WNT3A	511
UBB	CSF1R	516
UBB	REL	553
UBB	TLR3	517
UBB	MAP2K1	530
UBB	AXIN2	506
UBB	CSF1	513
UBB	SMAD3	526
UBB	HSP90AA1	726
UBB	SMAD4	509
UBB	H3C12	942
UBB	DNMT1	956
UBB	NRAS	550
UBB	XIAP	584
UBB	PTEN	596
UBB	CSF3R	565
UBB	TLR4	548
UBB	SYK	533
UBB	SQSTM1	943
UBB	KEAP1	534
UBB	CDK1	600
UBB	NFE2L2	529
UBB	RELA	559
UBB	FGFR1	505
UBB	FGF16	507
UBB	RHOA	893
UBB	TGFA	499
UBB	IKBKB	580
UBB	TYK2	532
UBB	HSPA8	879
UBB	HIF1A	575
UBB	VIM	520
UBB	ACTB	645
UBB	CTNNB1	763
UBB	NOTCH1	606
UBB	SEM1	511
UBB	PTPN11	512
IL10RA	CD74	438
IL10RA	CD4	708
IL10RA	TNFRSF1A	622
IL10RA	GZMB	656
IL10RA	CSF3	742
IL10RA	CCL2	468
IL10RA	SPI1	484
IL10RA	IL21R	607
IL10RA	TYK2	997
IL10RA	PDGFB	680
IL10RA	IFNB1	773
IL10RA	IL5	855
IL10RA	CD2	563
IL10RA	CCR5	778
IL10RA	CD19	492
IL10RA	IFNG	912
IL10RA	CD80	538
IL10RA	PDGFA	666
IL10RA	CD8A	772
IL10RA	IL11	740
IL10RA	STAT5B	767
IL10RA	IL3	747
IL10RA	LEP	695
IL10RA	CD28	638
IL10RA	IFNA1	787
IL10RA	CYBB	694
IL10RA	CSF1R	714
IL10RA	FCGR1A	427
IL10RA	TLR4	535
IL10RA	MAPK8	426
IL10RA	NOD2	611
IL10RA	IL1B	791
IL10RA	PDCD1	599
IL10RA	STAT1	861
IL10RA	IL7	858
IL10RA	BTK	427
IL10RA	CD3E	415
IL10RA	CTLA4	708
IL10RA	CD69	484
IL10RA	AIF1	451
IL10RA	IL9	750
IL10RA	CXCR3	662
IL10RA	TNFSF13B	432
IL10RA	IDO1	404
IL10RA	CSF3R	400
IL10RA	IRF4	465
IL10RA	CD48	557
IL10RA	CD5	402
IL10RA	CCL4	700
IL10RA	FCGR2A	460
IL10RA	IL12RB1	587
IL10RA	CXCL9	636
IL10RA	IL4	927
IL10RA	ITGB2	599
IL10RA	TLR7	492
IL10RA	BDNF	456
IL10RA	IL17A	555
IL10RA	CXCL10	492
IL10RA	IL6R	789
CDKN1B	RPS6KB1	494
CDKN1B	BCL2	702
CDKN1B	CDK4	999
CDKN1B	XIAP	566
CDKN1B	POU5F1	444
CDKN1B	ACTB	580
CDKN1B	EIF2AK3	537
CDKN1B	MCL1	536
CDKN1B	STAT1	587
CDKN1B	CCNB1	972
CDKN1B	PIK3CA	568
CDKN1B	SMAD4	572
CDKN1B	TP53	991
CDKN1B	H3C12	474
CDKN1B	EP300	642
CDKN1B	CYCS	604
CDKN1B	HSP90AA1	466
CDKN1B	SMAD3	470
CDKN1B	FOXO1	839
CDKN1B	GATA3	453
CDKN1B	SMAD2	421
CDKN1B	HIF1A	511
CDKN1B	HSPA8	624
CDKN1B	BCL2L11	748
CDKN1B	NRAS	456
CDKN1B	STAT5B	509
CDKN1B	BCL6	708
CDKN1B	RHOA	977
CDKN1B	FOS	514
CDKN1B	PTEN	834
CDKN1B	BMI1	579
CDKN1B	MMP9	429
CDKN1B	BRAF	486
CDKN1B	CDK1	978
CDKN1B	MTOR	533
CDKN1B	MAP2K1	458
CDKN1B	MAPK8	559
CDKN1B	CCND2	999
CDKN1B	KIT	452
CDKN1B	KRAS	529
CDKN1B	E2F1	812
CDKN1B	SEM1	400
CDKN1B	FLT3	823
CDKN1B	PIK3R1	435
CDKN1B	NOTCH1	478
CDKN1B	CASP9	513
CDKN1B	CTNNB1	587
CDKN1B	FGF2	416
SCARB1	CD4	589
SCARB1	TIMP1	617
SCARB1	MPO	510
SCARB1	CSF3	456
SCARB1	CCL2	675
SCARB1	COL1A1	621
SCARB1	CD38	492
SCARB1	IFNG	601
SCARB1	IL4	571
SCARB1	APOE	968
SCARB1	THBS1	994
SCARB1	VWF	513
SCARB1	IRS1	540
SCARB1	CD2	653
SCARB1	PTPN11	554
SCARB1	MMP9	557
SCARB1	CSF1	493
SCARB1	CD19	881
SCARB1	MTOR	429
SCARB1	CCR5	434
SCARB1	CD33	702
SCARB1	ITGA2	520
SCARB1	RHOA	440
SCARB1	CD80	496
SCARB1	CD8A	720
SCARB1	ALB	899
SCARB1	PPARG	821
SCARB1	IL3	417
SCARB1	LEP	622
SCARB1	PPARGC1A	671
SCARB1	CTNNB1	405
SCARB1	PRKCA	585
SCARB1	IFNA1	408
SCARB1	CYBB	490
SCARB1	KIT	687
SCARB1	TLR3	489
SCARB1	AOC3	425
SCARB1	CSF1R	498
SCARB1	FCGR1A	694
SCARB1	TLR4	996
SCARB1	NCAM1	706
SCARB1	IL1B	714
SCARB1	NLRP3	507
SCARB1	IL3RA	591
SCARB1	CALR	633
SCARB1	CD209	708
SCARB1	STAT1	411
SCARB1	SYK	424
SCARB1	ACTB	632
SCARB1	CAV1	952
SCARB1	ICAM1	815
SCARB1	CD81	995
SCARB1	BCL2	420
SCARB1	PECAM1	685
SCARB1	CXCR3	447
SCARB1	ERV3-1	417
SCARB1	HIF1A	521
SCARB1	FOXO1	447
SCARB1	CXCL11	559
SCARB1	ITGA2B	716
SCARB1	FCGR2A	500
SCARB1	ADIPOQ	759
SCARB1	HSPA4	570
SCARB1	RELA	523
SCARB1	ITGB2	785
SCARB1	TLR7	456
SCARB1	IL17A	438
SCARB1	TP53	439
SCARB1	CXCL10	441
SCARB1	KDR	846
SCARB1	ANPEP	729
SCARB1	NFE2L2	436
SCARB1	SPP1	407
IFNB1	CD4	845
IFNB1	TNFRSF1A	577
IFNB1	GZMB	509
IFNB1	RELB	434
IFNB1	CSF3	757
IFNB1	CCL2	729
IFNB1	CD38	406
IFNB1	CD69	487
IFNB1	IFNG	950
IFNB1	IL4	720
IFNB1	IL5	585
IFNB1	TNFSF10	514
IFNB1	PDGFRA	719
IFNB1	ITGAE	433
IFNB1	EP300	683
IFNB1	IL1B	881
IFNB1	IL7	721
IFNB1	CD80	645
IFNB1	IL11	400
IFNB1	ICAM1	583
IFNB1	TP53	690
IFNB1	FCGR2A	452
IFNB1	IL9	502
IFNB1	IFNA1	993
IFNB1	CCR5	709
IFNB1	STAT5B	494
IFNB1	REL	476
IFNB1	ALB	572
IFNB1	TLR3	995
IFNB1	IL3	481
IFNB1	NOD2	630
IFNB1	CCL11	641
IFNB1	CXCL10	914
IFNB1	FOS	472
IFNB1	CXCL11	646
IFNB1	CD19	543
IFNB1	CD209	479
IFNB1	CD28	515
IFNB1	CSF1	571
IFNB1	IL3RA	848
IFNB1	PDCD1	432
IFNB1	NLRP3	616
IFNB1	IL21R	716
IFNB1	CCL20	522
IFNB1	DNMT1	455
IFNB1	STAT1	954
IFNB1	CXCL9	741
IFNB1	IL6R	795
IFNB1	FCGR1A	411
IFNB1	MMP9	510
IFNB1	CSF3R	721
IFNB1	CXCR3	521
IFNB1	TLR4	998
IFNB1	SYK	456
IFNB1	TNFSF13B	542
IFNB1	IL17A	718
IFNB1	NCAM1	448
IFNB1	TLR7	891
IFNB1	RELA	834
IFNB1	CXCL2	542
IFNB1	IL12RB1	777
IFNB1	CCL4	635
IFNB1	IRF4	464
IFNB1	CTNNB1	412
IFNB1	ERV3-1	409
IFNB1	HLA-A	406
IFNB1	TLR5	647
IFNB1	ACE2	671
IFNB1	IDO1	594
IFNB1	BCL2	482
IFNB1	CD8A	771
IFNB1	ACTB	664
IFNB1	CTLA4	562
IFNB1	IKBKB	605
IFNB1	BTK	593
IFNB1	PTPN11	567
IFNB1	FAS	404
IFNB1	TYK2	956
CCL20	CD4	731
CCL20	TNFRSF1A	406
CCL20	GZMB	503
CCL20	TIMP1	651
CCL20	RELB	491
CCL20	CSF3	799
CCL20	CCL2	979
CCL20	CD69	457
CCL20	IFNG	820
CCL20	LOX	489
CCL20	IL4	689
CCL20	IL5	639
CCL20	ITGAE	467
CCL20	IL1B	958
CCL20	IL7	587
CCL20	CD80	500
CCL20	IL11	447
CCL20	ICAM1	674
CCL20	IL9	601
CCL20	IFNA1	510
CCL20	CCR5	994
CCL20	ALB	400
CCL20	TLR3	553
CCL20	IL3	466
CCL20	NOD2	405
CCL20	CCL11	686
CCL20	CXCL10	936
CCL20	CXCL11	999
CCL20	CCL19	961
CCL20	CD28	449
CCL20	CSF1	529
CCL20	NLRP3	430
CCL20	IL21R	566
CCL20	CD5	459
CCL20	CD1D	440
CCL20	TLR4	602
CCL20	FCGR1A	511
CCL20	TLR5	658
CCL20	CD8A	658
CCL20	MMP9	553
CCL20	CXCL9	866
CCL20	CXCL2	951
CCL20	TLR7	502
CCL20	ITGB2	546
CCL20	RELA	406
CCL20	SPP1	433
CCL20	IL17A	806
CCL20	CCL4	940
CCL20	ACTB	454
CCL20	PECAM1	582
CCL20	CXCR3	993
CCL20	TNFSF13B	435
CCL20	IDO1	483
CCL20	STAT1	504
CCL20	CTLA4	471
ANGPT2	NGFR	711
ANGPT2	TIMP1	501
ANGPT2	MMP2	606
ANGPT2	CSF3	583
ANGPT2	CCL2	578
ANGPT2	FGF6	521
ANGPT2	IFNG	447
ANGPT2	TNFSF10	459
ANGPT2	FLT3	743
ANGPT2	PDGFRA	864
ANGPT2	THBS1	600
ANGPT2	VWF	903
ANGPT2	IL1B	689
ANGPT2	KDR	986
ANGPT2	FGF2	830
ANGPT2	ICAM1	600
ANGPT2	FGF7	584
ANGPT2	CSF1R	806
ANGPT2	KIT	806
ANGPT2	ALB	656
ANGPT2	CCL11	511
ANGPT2	CXCL10	414
ANGPT2	PLG	484
ANGPT2	LEP	424
ANGPT2	ACTB	598
ANGPT2	FGF16	510
ANGPT2	PECAM1	705
ANGPT2	FGFR1	855
ANGPT2	BDNF	578
ANGPT2	SPP1	412
ANGPT2	ITGB2	492
ANGPT2	EDN1	893
ANGPT2	HIF1A	650
ANGPT2	FOXO1	553
ANGPT2	PDGFA	400
ANGPT2	VEGFC	798
ANGPT2	PDGFB	654
ANGPT2	TYK2	468
ANGPT2	MMP9	629
ANGPT2	ANGPT1	920
ANGPT2	NOTCH1	402
ANGPT2	NTRK1	993
BCL2	CD4	837
BCL2	SNAI2	583
BCL2	TNFRSF1A	661
BCL2	NGFR	612
BCL2	GZMB	591
BCL2	TIMP1	519
BCL2	MMP2	716
BCL2	RELB	513
BCL2	MPO	583
BCL2	CSF3	513
BCL2	RPS6KB1	679
BCL2	CCL2	607
BCL2	CD38	724
BCL2	SPI1	455
BCL2	CD69	514
BCL2	FGF6	452
BCL2	IFNG	795
BCL2	LOX	422
BCL2	IL4	607
BCL2	IL5	415
BCL2	NR3C1	767
BCL2	EGR1	676
BCL2	TNFSF10	651
BCL2	FLT3	607
BCL2	TWIST1	483
BCL2	APOE	491
BCL2	KRAS	862
BCL2	CCNB1	768
BCL2	PDGFRA	437
BCL2	NT5E	400
BCL2	CDK4	815
BCL2	POU5F1	601
BCL2	THBS1	405
BCL2	CCND2	885
BCL2	SMAD2	613
BCL2	CD33	488
BCL2	AXIN1	401
BCL2	EP300	869
BCL2	IL1B	808
BCL2	EPCAM	418
BCL2	IL7	720
BCL2	KDR	609
BCL2	PIK3CA	610
BCL2	CD80	527
BCL2	FGF2	634
BCL2	WNT5A	425
BCL2	ICAM1	618
BCL2	PPARGC1A	744
BCL2	LEF1	495
BCL2	FGF7	507
BCL2	TP53	999
BCL2	IFNA1	529
BCL2	WNT3A	463
BCL2	PPARG	649
BCL2	KIT	707
BCL2	CALM3	677
BCL2	CCR5	411
BCL2	STAT5B	647
BCL2	REL	580
BCL2	ALB	748
BCL2	ITGA2	491
BCL2	TLR3	404
BCL2	IL3	679
BCL2	MAP2K1	749
BCL2	HSPA4	899
BCL2	IRS1	785
BCL2	CXCL10	421
BCL2	FOS	784
BCL2	EIF2AK3	729
BCL2	CYCS	997
BCL2	PLG	552
BCL2	LEP	617
BCL2	HNF4A	479
BCL2	CD19	681
BCL2	CALML3	505
BCL2	CALR	640
BCL2	CD28	569
BCL2	PGR	636
BCL2	CSF1	402
BCL2	CASP9	946
BCL2	SMAD3	578
BCL2	PDCD1	478
BCL2	HSP90AA1	929
BCL2	NLRP3	516
BCL2	CAV1	478
BCL2	SMAD4	695
BCL2	CD5	847
BCL2	ESR2	599
BCL2	E2F1	778
BCL2	TJP1	481
BCL2	H3C12	799
BCL2	DNMT1	571
BCL2	STAT1	611
BCL2	MTOR	765
BCL2	CR2	613
BCL2	IL6R	436
BCL2	MCL1	764
BCL2	CD2	467
BCL2	NRAS	764
BCL2	PRKACB	707
BCL2	DNTT	827
BCL2	XIAP	951
BCL2	PTEN	815
BCL2	MMP9	804
BCL2	TLR4	724
BCL2	KLF4	474
BCL2	SYK	670
BCL2	TNFSF13B	673
BCL2	AIF1	467
BCL2	BMI1	723
BCL2	CYBB	706
BCL2	WT1	522
BCL2	GATA3	484
BCL2	EDN1	492
BCL2	FOXO1	700
BCL2	CALML5	505
BCL2	TLR7	402
BCL2	IRF4	621
BCL2	SDC1	582
BCL2	ALK	579
BCL2	SQSTM1	812
BCL2	ETS1	665
BCL2	BCL2L11	999
BCL2	KEAP1	920
BCL2	SPP1	476
BCL2	CDK1	920
BCL2	MAPK8	979
BCL2	NFE2L2	687
BCL2	ITGB2	589
BCL2	PECAM1	752
BCL2	IDO1	418
BCL2	FGF16	448
BCL2	ACTB	885
BCL2	BTK	665
BCL2	IKBKB	727
BCL2	SHC1	414
BCL2	CTLA4	554
BCL2	NFATC1	451
BCL2	FGFR1	450
BCL2	RELA	898
BCL2	IL17A	571
BCL2	BDNF	793
BCL2	IGF2	485
BCL2	LOC102723407	929
BCL2	ADIPOQ	442
BCL2	PAX6	514
BCL2	KITLG	488
BCL2	HIF1A	946
BCL2	CD8A	831
BCL2	HSPA8	679
BCL2	VEGFC	405
BCL2	RHOA	572
BCL2	BCL6	906
BCL2	PTPN11	458
BCL2	GATA4	631
BCL2	BRAF	761
BCL2	TYK2	416
BCL2	FAS	728
BCL2	ANGPT1	426
BCL2	NCAM1	607
BCL2	CD1D	404
BCL2	TGFA	474
BCL2	NTRK1	517
BCL2	NOTCH1	676
BCL2	PRKCA	695
BCL2	PIK3R1	675
BCL2	CTNNB1	781
IL3	CD4	709
IL3	GZMB	417
IL3	PIK3R2	464
IL3	MPO	418
IL3	CSF3	964
IL3	CCL2	686
IL3	CD38	602
IL3	SPI1	572
IL3	CD69	437
IL3	FGF6	438
IL3	IFNG	983
IL3	IL4	981
IL3	IL5	999
IL3	FLT3	867
IL3	BMP4	488
IL3	KRAS	574
IL3	PDGFRA	760
IL3	CD33	596
IL3	ITGA2B	583
IL3	IL1B	977
IL3	IL7	988
IL3	PIK3CA	498
IL3	CD80	482
IL3	FGF2	602
IL3	IL11	826
IL3	ICAM1	513
IL3	SCARB2	416
IL3	FGF7	430
IL3	TP53	646
IL3	FCGR2A	432
IL3	IL9	945
IL3	IFNA1	767
IL3	CSF1R	839
IL3	KIT	944
IL3	CCR5	429
IL3	STAT5B	904
IL3	ALB	591
IL3	IL12RB1	744
IL3	LOC102723407	593
IL3	CXCL9	614
IL3	NCAM1	471
IL3	IL17A	757
IL3	CXCL10	663
IL3	IL6R	778
IL3	ANPEP	447
IL3	AOC3	408
IL3	FCGR1A	416
IL3	PIK3CB	473
IL3	TLR4	482
IL3	TLR7	400
IL3	CSF3R	846
IL3	GATA3	439
IL3	KITLG	996
IL3	CD5	419
IL3	CCL4	738
IL3	CD28	437
IL3	CD48	469
IL3	PIK3R1	504
IL3	ALK	583
IL3	TGFA	506
IL3	NTRK1	638
IL3	FOS	457
IL3	ACTB	507
IL3	FGF16	411
IL3	NRAS	594
IL3	CD8A	649
IL3	PECAM1	453
IL3	IL3RA	999
IL3	IL21R	786
IL3	TYK2	644
IL3	SOS1	469
IL3	SYK	447
IL3	CSF1	900
IL3	CD19	617
IL3	SHC1	635
IL3	CTLA4	403
IL3	MCL1	572
IL3	PTPN11	704
IL3	STAT1	639
IL3	CCL11	788
IL3	MMP9	400
ACTB	CD4	777
ACTB	SNAI2	670
ACTB	TNFRSF1A	523
ACTB	NGFR	446
ACTB	GZMB	485
ACTB	TIMP1	604
ACTB	MMP2	673
ACTB	RELB	543
ACTB	MPO	532
ACTB	CSF3	484
ACTB	RPS6KB1	740
ACTB	CCL2	697
ACTB	COL1A1	664
ACTB	CD38	400
ACTB	SPI1	435
ACTB	CD69	476
ACTB	FGF6	513
ACTB	IFNG	795
ACTB	LOX	625
ACTB	IL4	700
ACTB	IL5	522
ACTB	NR3C1	515
ACTB	EGR1	566
ACTB	TNFSF10	416
ACTB	FLT3	457
ACTB	TWIST1	585
ACTB	PLCG1	431
ACTB	BMP4	543
ACTB	APOE	643
ACTB	KRAS	672
ACTB	CCNB1	803
ACTB	PDGFRA	518
ACTB	NT5E	506
ACTB	CDK4	712
ACTB	POU5F1	695
ACTB	THBS1	538
ACTB	CCND2	492
ACTB	VWF	549
ACTB	SMAD2	713
ACTB	AXIN1	499
ACTB	ITGA2B	937
ACTB	EP300	778
ACTB	IL1B	847
ACTB	CD81	607
ACTB	EPCAM	543
ACTB	IL7	418
ACTB	KDR	629
ACTB	PIK3CA	509
ACTB	CBL	611
ACTB	CD80	515
ACTB	FGF2	725
ACTB	WNT5A	493
ACTB	ICAM1	697
ACTB	PPARGC1A	725
ACTB	SCARB2	611
ACTB	LEF1	479
ACTB	FGF7	582
ACTB	TP53	879
ACTB	FCGR2A	459
ACTB	IFNA1	604
ACTB	WNT3A	578
ACTB	CSF1R	508
ACTB	PPARG	971
ACTB	KIT	642
ACTB	CALM3	636
ACTB	NCR1	664
ACTB	CCR5	431
ACTB	STAT5B	591
ACTB	REL	601
ACTB	ALB	886
ACTB	ITGA2	860
ACTB	TLR3	598
ACTB	ANPEP	601
ACTB	NOD2	433
ACTB	MAP2K1	653
ACTB	AXIN2	543
ACTB	HSPA4	720
ACTB	IRS1	623
ACTB	CXCL10	580
ACTB	FOS	722
ACTB	EIF2AK3	772
ACTB	CYCS	871
ACTB	PLG	584
ACTB	AOC3	521
ACTB	LEP	614
ACTB	HNF4A	591
ACTB	CD19	583
ACTB	CALML3	600
ACTB	CALR	585
ACTB	CD28	524
ACTB	PGR	588
ACTB	CSF1	596
ACTB	CASP9	819
ACTB	PDGFB	405
ACTB	SMAD3	760
ACTB	HSP90AA1	967
ACTB	NLRP3	610
ACTB	CAV1	870
ACTB	SMAD4	586
ACTB	ESR2	627
ACTB	E2F1	583
ACTB	TJP1	985
ACTB	H3C12	960
ACTB	DNMT1	714
ACTB	STAT1	684
ACTB	MTOR	752
ACTB	CD3E	416
ACTB	CXCL9	433
ACTB	IL6R	418
ACTB	MCL1	768
ACTB	NRAS	501
ACTB	PRKACB	579
ACTB	DNTT	721
ACTB	XIAP	632
ACTB	PTEN	720
ACTB	MMP9	778
ACTB	DKK1	480
ACTB	TLR4	745
ACTB	KLF4	603
ACTB	SYK	526
ACTB	AIF1	754
ACTB	BMI1	507
ACTB	CYBB	720
ACTB	WT1	471
ACTB	GATA3	534
ACTB	EDN1	513
ACTB	FOXO1	642
ACTB	CALML5	599
ACTB	TLR7	508
ACTB	IRF4	449
ACTB	SDC1	436
ACTB	ALK	617
ACTB	SQSTM1	725
ACTB	ETS1	413
ACTB	BCL2L11	640
ACTB	KEAP1	630
ACTB	SPP1	604
ACTB	CDK1	661
ACTB	MAPK8	669
ACTB	HLA-A	424
ACTB	NFE2L2	758
ACTB	ITGB2	679
ACTB	RELA	644
ACTB	BCL6	640
ACTB	CD8A	672
ACTB	ACE2	453
ACTB	NFATC1	582
ACTB	ADIPOQ	592
ACTB	ERV3-1	494
ACTB	IGF2	528
ACTB	FGFR1	528
ACTB	FGF16	532
ACTB	RHOA	978
ACTB	SHC1	535
ACTB	TGFA	432
ACTB	PRKCA	955
ACTB	BDNF	710
ACTB	BRAF	576
ACTB	CXCL2	400
ACTB	PIK3R1	452
ACTB	ANGPT1	414
ACTB	IKBKB	648
ACTB	IDO1	448
ACTB	NTRK1	541
ACTB	TYK2	423
ACTB	GATA4	483
ACTB	HSPA8	955
ACTB	HIF1A	787
ACTB	VIM	723
ACTB	PECAM1	733
ACTB	LOC102723407	412
ACTB	VEGFC	472
ACTB	NCAM1	453
ACTB	CCL4	435
ACTB	BTK	446
ACTB	PTPN11	446
ACTB	PAX6	533
ACTB	TLR5	437
ACTB	FAS	426
ACTB	KITLG	480
ACTB	NOTCH1	630
ACTB	CTNNB1	860
ACTB	IL17A	648
ACTB	CTLA4	412
PGR	CD4	400
PGR	SNAI2	480
PGR	MMP2	443
PGR	PIK3R2	912
PGR	RPS6KB1	422
PGR	NR3C1	733
PGR	EGR1	580
PGR	KRAS	697
PGR	CCNB1	466
PGR	CDK4	578
PGR	EP300	776
PGR	IL1B	406
PGR	EPCAM	518
PGR	KDR	411
PGR	PIK3CA	961
PGR	FGF2	410
PGR	TP53	849
PGR	KIT	541
PGR	WNT4	622
PGR	CCR5	429
PGR	STAT5B	879
PGR	ALB	535
PGR	MAP2K1	476
PGR	HSPA4	972
PGR	FOS	659
PGR	LEP	599
PGR	RELA	702
PGR	PRKACB	937
PGR	PIK3CB	920
PGR	H3C12	415
PGR	IGF2	586
PGR	HSP90AA1	990
PGR	ALK	402
PGR	FOXO1	627
PGR	GATA3	810
PGR	HIF1A	717
PGR	VIM	451
PGR	PECAM1	436
PGR	STAT1	426
PGR	ESR2	471
PGR	FGFR1	615
PGR	WT1	691
PGR	MAPK8	921
PGR	NCAM1	435
PGR	E2F1	412
PGR	NTRK1	408
PGR	TGFA	422
PGR	PIK3R1	931
PGR	PRKCA	547
PGR	CTNNB1	596
PGR	HSPA8	631
PGR	CD8A	446
PGR	PTEN	667
PGR	BMI1	470
PGR	MMP9	518
PGR	BRAF	450
PGR	MTOR	488
ITGB2	CD74	721
ITGB2	CD4	834
ITGB2	GZMB	652
ITGB2	TIMP1	607
ITGB2	PIK3R2	909
ITGB2	MPO	841
ITGB2	CSF3	472
ITGB2	CCL2	786
ITGB2	CD38	455
ITGB2	SPI1	931
ITGB2	CD69	559
ITGB2	IFNG	620
ITGB2	IL4	520
ITGB2	VWF	528
ITGB2	CD33	469
ITGB2	ITGA2B	986
ITGB2	ITGAE	762
ITGB2	IL1B	786
ITGB2	CD81	626
ITGB2	PIK3CA	914
ITGB2	CD80	735
ITGB2	ICAM1	999
ITGB2	SCARB2	781
ITGB2	FCGR2A	813
ITGB2	CSF1R	862
ITGB2	KIT	468
ITGB2	NCR1	577
ITGB2	CCR5	659
ITGB2	ALB	684
ITGB2	ITGA2	974
ITGB2	ANPEP	460
ITGB2	NOD2	432
ITGB2	HSPA4	521
ITGB2	CXCL10	634
ITGB2	CXCL11	508
ITGB2	CCL19	643
ITGB2	CD19	541
ITGB2	CD209	612
ITGB2	CD28	683
ITGB2	CSF1	406
ITGB2	CD5	505
ITGB2	STAT1	692
ITGB2	CD3E	404
ITGB2	CXCL9	431
ITGB2	CR2	653
ITGB2	FCGR1A	659
ITGB2	CD2	836
ITGB2	MMP9	705
ITGB2	CSF3R	475
ITGB2	CXCR3	487
ITGB2	TLR4	672
ITGB2	SYK	918
ITGB2	TNFSF13B	539
ITGB2	AIF1	720
ITGB2	CYBB	816
ITGB2	TLR7	660
ITGB2	SPP1	531
ITGB2	HLA-A	549
ITGB2	CD8A	787
ITGB2	HSPA8	427
ITGB2	PRKCA	430
ITGB2	PIK3R1	918
ITGB2	CD1D	451
ITGB2	NCAM1	695
ITGB2	CTLA4	415
ITGB2	BTK	558
ITGB2	PECAM1	814
ITGB2	CD48	649
ITGB2	CCL4	675
ITGB2	IL17A	454
ITGB2	PIK3CB	913
CALML3	RPS6KB1	470
CALML3	FGF6	594
CALML3	IFNG	445
CALML3	EGR1	579
CALML3	PLCG1	939
CALML3	KRAS	998
CALML3	CDK4	723
CALML3	CCND2	507
CALML3	SMAD2	543
CALML3	IL1B	512
CALML3	PIK3CA	518
CALML3	CBL	493
CALML3	PPARGC1A	432
CALML3	FGF7	599
CALML3	TP53	657
CALML3	PPARG	416
CALML3	CALM3	996
CALML3	REL	581
CALML3	ALB	792
CALML3	MAP2K1	512
CALML3	HSPA4	720
CALML3	IRS1	652
CALML3	FOS	634
CALML3	CYCS	649
CALML3	FGF16	598
CALML3	AIF1	487
CALML3	CAV1	996
CALML3	NFATC1	786
CALML3	FGFR1	486
CALML3	CALR	674
CALML3	ESR2	554
CALML3	SYK	408
CALML3	EDN1	531
CALML3	PRKACB	989
CALML3	BDNF	748
CALML3	H3C12	448
CALML3	HIF1A	445
CALML3	HSP90AA1	996
CALML3	RHOA	787
CALML3	PTEN	437
CALML3	HSPA8	664
CALML3	NRAS	958
CALML3	FAS	549
CALML3	MTOR	707
CALML3	CDK1	453
CALML3	BRAF	473
CALML3	CYBB	573
CALML3	MAPK8	405
CALML3	TLR4	405
CALML3	TJP1	609
CALML3	ACE2	567
CALML3	CTNNB1	628
CALML3	NTRK1	504
CALML3	PRKCA	719
CALML3	CALML5	967
AIF1	CD74	594
AIF1	CD4	631
AIF1	MPO	541
AIF1	CCL2	698
AIF1	SPI1	655
AIF1	CD69	553
AIF1	IFNG	626
AIF1	IL4	589
AIF1	APOE	594
AIF1	PDGFRA	490
AIF1	VWF	428
AIF1	CD33	498
AIF1	IL1B	851
AIF1	FGF2	480
AIF1	ICAM1	478
AIF1	FCGR2A	635
AIF1	CSF1R	857
AIF1	CALM3	489
AIF1	CCR5	464
AIF1	ALB	729
AIF1	TLR3	420
AIF1	CXCL10	537
AIF1	FOS	547
AIF1	CYCS	421
AIF1	CSF1	574
AIF1	CASP9	474
AIF1	NLRP3	561
AIF1	TJP1	479
AIF1	CXCL9	403
AIF1	FCGR1A	574
AIF1	DNTT	524
AIF1	MMP9	535
AIF1	CSF3R	426
AIF1	TLR4	722
AIF1	CCL4	650
AIF1	CD48	421
AIF1	TLR7	420
AIF1	IL17A	455
AIF1	BDNF	720
AIF1	BTK	431
AIF1	PECAM1	724
AIF1	CALML5	487
AIF1	HLA-A	405
AIF1	CYBB	744
AIF1	CD8A	532
CTLA4	CD74	415
CTLA4	CD4	955
CTLA4	TNFRSF1A	542
CTLA4	GZMB	827
CTLA4	TIMP1	456
CTLA4	MMP2	539
CTLA4	CSF3	483
CTLA4	CCL2	609
CTLA4	CD38	785
CTLA4	CD69	794
CTLA4	IFNG	951
CTLA4	IL4	875
CTLA4	IL5	628
CTLA4	TNFSF10	441
CTLA4	FLT3	421
CTLA4	KRAS	625
CTLA4	NT5E	672
CTLA4	CDK4	448
CTLA4	CD33	584
CTLA4	ITGAE	781
CTLA4	IL1B	677
CTLA4	EPCAM	479
CTLA4	IL7	641
CTLA4	KDR	507
CTLA4	PIK3CA	487
CTLA4	CD80	999
CTLA4	ICAM1	841
CTLA4	LEF1	442
CTLA4	TP53	648
CTLA4	FCGR2A	541
CTLA4	IL9	627
CTLA4	IFNA1	668
CTLA4	CSF1R	601
CTLA4	KIT	678
CTLA4	NCR1	553
CTLA4	CCR5	663
CTLA4	STAT5B	744
CTLA4	ALB	522
CTLA4	TLR3	529
CTLA4	NOD2	405
CTLA4	CXCL10	666
CTLA4	CXCL11	506
CTLA4	CCL19	481
CTLA4	AOC3	573
CTLA4	LEP	539
CTLA4	CD19	766
CTLA4	CD209	441
CTLA4	CALR	508
CTLA4	CD28	991
CTLA4	CSF1	562
CTLA4	IL3RA	472
CTLA4	SMAD3	599
CTLA4	PDCD1	992
CTLA4	IL21R	697
CTLA4	KLRD1	738
CTLA4	CD5	656
CTLA4	DNMT1	407
CTLA4	STAT1	742
CTLA4	MTOR	577
CTLA4	CD3E	673
CTLA4	CXCL9	703
CTLA4	CR2	439
CTLA4	IL6R	484
CTLA4	FCGR1A	766
CTLA4	CD2	825
CTLA4	NRAS	590
CTLA4	ENTPD1	789
CTLA4	PTEN	607
CTLA4	MMP9	642
CTLA4	CXCR3	737
CTLA4	TLR4	575
CTLA4	TNFSF13B	517
CTLA4	GATA3	745
CTLA4	FOXO1	402
CTLA4	TLR7	595
CTLA4	IRF4	657
CTLA4	ALK	584
CTLA4	BCL2L11	449
CTLA4	SPP1	562
CTLA4	HLA-A	629
CTLA4	RELA	472
CTLA4	BCL6	619
CTLA4	SOS1	452
CTLA4	CD8A	940
CTLA4	NFATC1	451
CTLA4	ERV3-1	638
CTLA4	BRAF	773
CTLA4	CXCL2	405
CTLA4	PIK3R1	816
CTLA4	IDO1	910
CTLA4	HIF1A	546
CTLA4	PECAM1	481
CTLA4	IL12RB1	496
CTLA4	LOC102723407	930
CTLA4	NCAM1	636
CTLA4	CCL4	603
CTLA4	BTK	483
CTLA4	CD48	682
CTLA4	PTPN11	991
CTLA4	CTNNB1	526
CTLA4	IL17A	880
CTLA4	CD1D	502
CTLA4	NOTCH1	550
CTLA4	FAS	581
CD74	ICAM1	488
CD74	PECAM1	401
CD74	TNFSF13B	573
CD74	IL1B	513
CD74	STAT1	505
CD74	CD4	653
CD74	CD3E	467
CD74	CD69	498
CD74	SYK	408
CD74	FCGR2A	408
CD74	SPI1	524
CD74	CXCL9	540
CD74	APOE	470
CD74	TP53	503
CD74	CXCL10	551
CD74	CCL2	497
CD74	IRF4	408
CD74	ALK	570
CD74	CXCL11	400
CD74	CD48	453
CD74	CCL4	482
CD74	IFNG	555
CD74	BCL6	406
CD74	CD33	426
CD74	CD80	553
CD74	CD8A	596
CD74	HSPA8	438
CD74	CD38	631
CD74	VWF	466
CD74	SDC1	584
CD74	CD2	465
CD74	CCR5	520
CD74	CD19	571
CD74	CD1D	677
CD74	KRAS	461
CD74	CYBB	461
CD74	CSF1R	699
CD74	FCGR1A	441
CD74	TLR4	697
CD74	MAPK8	552
CD74	HLA-A	807
CD74	GZMB	473
CD74	NTRK1	568
FOXO1	CD4	544
FOXO1	SNAI2	627
FOXO1	MMP2	590
FOXO1	RPS6KB1	734
FOXO1	CCL2	416
FOXO1	COL1A1	519
FOXO1	SPI1	630
FOXO1	IFNG	514
FOXO1	IL4	435
FOXO1	NR3C1	890
FOXO1	EGR1	648
FOXO1	TWIST1	602
FOXO1	APOE	401
FOXO1	KRAS	422
FOXO1	CCNB1	799
FOXO1	PDGFRA	530
FOXO1	CDK4	518
FOXO1	POU5F1	718
FOXO1	CCND2	466
FOXO1	SMAD2	975
FOXO1	AXIN1	413
FOXO1	EP300	984
FOXO1	IL1B	723
FOXO1	IL7	431
FOXO1	PIK3CA	726
FOXO1	FGF2	412
FOXO1	PPARGC1A	999
FOXO1	SCARB2	427
FOXO1	LEF1	469
FOXO1	TP53	886
FOXO1	PPARG	856
FOXO1	STAT5B	701
FOXO1	REL	420
FOXO1	ALB	511
FOXO1	IRS1	854
FOXO1	FOS	809
FOXO1	EIF2AK3	444
FOXO1	CYCS	539
FOXO1	LEP	749
FOXO1	HNF4A	973
FOXO1	CD28	436
FOXO1	CASP9	646
FOXO1	SMAD3	990
FOXO1	HSP90AA1	648
FOXO1	CAV1	828
FOXO1	SMAD4	888
FOXO1	E2F1	709
FOXO1	H3C12	549
FOXO1	STAT1	459
FOXO1	MTOR	758
FOXO1	MCL1	643
FOXO1	PRKACB	968
FOXO1	XIAP	418
FOXO1	PTEN	903
FOXO1	MMP9	442
FOXO1	TLR4	467
FOXO1	KLF4	861
FOXO1	GATA3	500
FOXO1	SQSTM1	410
FOXO1	ADIPOQ	692
FOXO1	IGF2	570
FOXO1	NFE2L2	518
FOXO1	IL17A	405
FOXO1	PIK3CB	823
FOXO1	RELA	584
FOXO1	HIF1A	859
FOXO1	IRF4	651
FOXO1	ETS1	978
FOXO1	VIM	474
FOXO1	NFATC1	468
FOXO1	FGFR1	535
FOXO1	IKBKB	944
FOXO1	MAPK8	951
FOXO1	CTNNB1	985
FOXO1	NOTCH1	478
FOXO1	PIK3R1	550
FOXO1	PRKCA	421
FOXO1	BCL6	801
FOXO1	BCL2L11	874
FOXO1	CD8A	524
FOXO1	CDK1	625
FOXO1	GATA4	593
POU5F1	SNAI2	676
POU5F1	NGFR	448
POU5F1	MMP2	426
POU5F1	COL1A1	442
POU5F1	SPI1	425
POU5F1	FGF6	685
POU5F1	TWIST1	671
POU5F1	PLCG1	413
POU5F1	BMP4	742
POU5F1	KRAS	464
POU5F1	CCNB1	446
POU5F1	PDGFRA	528
POU5F1	NT5E	699
POU5F1	CDK4	477
POU5F1	CTNNB1	999
POU5F1	FGF2	931
POU5F1	FGF7	698
POU5F1	PPARG	478
POU5F1	NOTCH1	633
POU5F1	AXIN2	434
POU5F1	E2F1	505
POU5F1	KIT	707
POU5F1	WNT3A	559
POU5F1	TJP1	405
POU5F1	KLF4	994
POU5F1	NCAM1	467
POU5F1	WT1	456
POU5F1	GATA4	797
POU5F1	CDK1	669
POU5F1	MTOR	400
POU5F1	BMI1	745
POU5F1	MMP9	478
POU5F1	DKK1	512
POU5F1	PTEN	545
POU5F1	ALB	677
POU5F1	SMAD2	928
POU5F1	HIF1A	650
POU5F1	WNT5A	459
POU5F1	GATA3	553
POU5F1	SMAD3	962
POU5F1	KITLG	545
POU5F1	PAX6	803
POU5F1	DNMT1	649
POU5F1	IGF2	554
POU5F1	KDR	577
POU5F1	SMAD4	720
POU5F1	TP53	824
POU5F1	H3C12	923
POU5F1	BDNF	512
POU5F1	EP300	524
POU5F1	SPP1	475
POU5F1	ANPEP	475
POU5F1	LEF1	741
POU5F1	HNF4A	590
POU5F1	EPCAM	699
POU5F1	FGF16	684
POU5F1	VIM	671
POU5F1	PECAM1	620
SEM1	RELB	400
SEM1	AXIN1	400
SEM1	TP53	515
SEM1	REL	400
SEM1	AXIN2	400
SEM1	PTEN	466
SEM1	TNFSF13B	400
SEM1	KEAP1	509
SEM1	NFE2L2	501
SEM1	RELA	400
SEM1	HIF1A	400
CD1D	CD4	911
CD1D	GZMB	593
CD1D	MPO	526
CD1D	CCL2	460
CD1D	CD38	629
CD1D	CD69	712
CD1D	IFNG	884
CD1D	IL4	871
CD1D	IL5	560
CD1D	CD33	621
CD1D	ITGAE	530
CD1D	IL1B	626
CD1D	IL7	528
CD1D	CD80	794
CD1D	ICAM1	573
CD1D	SCARB2	424
CD1D	FCGR2A	547
CD1D	IFNA1	541
CD1D	KIT	577
CD1D	NCR1	503
CD1D	CCR5	535
CD1D	TLR3	445
CD1D	ANPEP	530
CD1D	CXCL10	438
CD1D	CCL19	441
CD1D	AOC3	522
CD1D	CD19	762
CD1D	CD209	673
CD1D	CALR	468
CD1D	CD28	589
CD1D	IL3RA	621
CD1D	PDCD1	420
CD1D	KLRD1	555
CD1D	CD5	840
CD1D	CD3E	714
CD1D	CR2	739
CD1D	FCGR1A	512
CD1D	CD2	650
CD1D	DNTT	578
CD1D	CXCR3	495
CD1D	TLR4	562
CD1D	TNFSF13B	438
CD1D	GATA3	541
CD1D	TLR7	491
CD1D	SDC1	588
CD1D	BCL6	424
CD1D	CD8A	891
CD1D	BRAF	518
CD1D	IDO1	486
CD1D	PECAM1	423
CD1D	NCAM1	705
CD1D	CCL4	408
CD1D	IL17A	693
CD1D	FAS	419
NFATC1	CD4	583
NFATC1	RELB	431
NFATC1	RPS6KB1	427
NFATC1	SPI1	847
NFATC1	IFNG	540
NFATC1	IL4	655
NFATC1	NR3C1	452
NFATC1	EGR1	678
NFATC1	PLCG1	621
NFATC1	CDK4	463
NFATC1	SMAD2	620
NFATC1	EP300	712
NFATC1	IL1B	529
NFATC1	ICAM1	477
NFATC1	LEF1	528
NFATC1	TP53	499
NFATC1	CSF1R	592
NFATC1	PPARG	601
NFATC1	CALM3	786
NFATC1	STAT5B	411
NFATC1	REL	762
NFATC1	FOS	942
NFATC1	EIF2AK3	436
NFATC1	CD28	662
NFATC1	CSF1	667
NFATC1	SMAD3	603
NFATC1	PDCD1	423
NFATC1	STAT1	407
NFATC1	PRKACB	927
NFATC1	MMP9	683
NFATC1	DKK1	403
NFATC1	TLR4	405
NFATC1	SYK	687
NFATC1	GATA3	623
NFATC1	CALML5	786
NFATC1	IRF4	554
NFATC1	BCL2L11	529
NFATC1	SPP1	492
NFATC1	MAPK8	951
NFATC1	RELA	496
NFATC1	BCL6	487
NFATC1	CD8A	511
NFATC1	GATA4	957
NFATC1	CTNNB1	524
NFATC1	NOTCH1	563
NFATC1	IKBKB	430
NFATC1	BTK	479
NFATC1	IL17A	479
WNT10B	BMP4	523
WNT10B	SMAD2	402
WNT10B	AXIN1	627
WNT10B	WNT5A	565
WNT10B	LEF1	679
WNT10B	WNT3A	716
WNT10B	PPARG	545
WNT10B	WNT4	577
WNT10B	HNF4A	572
WNT10B	DKK1	885
WNT10B	CTNNB1	751
WNT10B	AXIN2	660
CD2	CD4	996
CD2	GZMB	874
CD2	MPO	604
CD2	CD38	826
CD2	CD69	891
CD2	IFNG	723
CD2	IL4	553
CD2	TNFSF10	545
CD2	FLT3	489
CD2	CCNB1	466
CD2	CD33	770
CD2	ITGA2B	442
CD2	ITGAE	400
CD2	IL1B	450
CD2	CD81	629
CD2	IL7	487
CD2	CBL	442
CD2	CD80	903
CD2	ICAM1	992
CD2	SCARB2	670
CD2	FCGR2A	445
CD2	IFNA1	431
CD2	CSF1R	521
CD2	KIT	685
CD2	NCR1	750
CD2	CCR5	810
CD2	STAT5B	404
CD2	TLR3	524
CD2	ANPEP	734
CD2	CXCL10	400
CD2	CCL19	441
CD2	CD19	942
CD2	CD28	985
CD2	IL3RA	767
CD2	PDCD1	515
CD2	KLRD1	723
CD2	CD5	994
CD2	STAT1	413
CD2	CD3E	959
CD2	CXCL9	703
CD2	CR2	678
CD2	FCGR1A	638
CD2	IL17A	434
CD2	LOC102723407	615
CD2	ALK	500
CD2	CD48	998
CD2	CCL4	443
CD2	GATA3	452
CD2	IRF4	489
CD2	CXCR3	693
CD2	PECAM1	508
CD2	TNFSF13B	431
CD2	SYK	493
CD2	NCAM1	921
CD2	PRKCA	439
CD2	HLA-A	431
CD2	ACE2	408
CD2	CD8A	998
CD2	SDC1	480
CD2	NRAS	517
CD2	BCL6	577
CD2	DNTT	662
CD2	PTPN11	502
CD2	FAS	591
IFNA1	CD4	887
IFNA1	TNFRSF1A	514
IFNA1	GZMB	743
IFNA1	MPO	441
IFNA1	CSF3	697
IFNA1	CCL2	766
IFNA1	CD38	545
IFNA1	CD69	601
IFNA1	IFNG	954
IFNA1	IL4	794
IFNA1	IL5	716
IFNA1	TNFSF10	541
IFNA1	FLT3	480
IFNA1	PDGFRA	768
IFNA1	ITGAE	519
IFNA1	EP300	660
IFNA1	IL1B	849
IFNA1	CD81	475
IFNA1	IL7	697
IFNA1	CD80	722
IFNA1	FGF2	454
IFNA1	IL11	549
IFNA1	ICAM1	723
IFNA1	TP53	601
IFNA1	FCGR2A	521
IFNA1	IL9	747
IFNA1	HLA-A	520
IFNA1	ACE2	672
IFNA1	CSF3R	764
IFNA1	TLR5	583
IFNA1	IRF4	489
IFNA1	HIF1A	440
IFNA1	ERV3-1	450
IFNA1	CTNNB1	416
IFNA1	CD28	605
IFNA1	CXCL11	898
IFNA1	CCL4	721
IFNA1	KLRD1	448
IFNA1	IL12RB1	862
IFNA1	TLR3	897
IFNA1	CXCL2	472
IFNA1	CXCL9	728
IFNA1	KIT	513
IFNA1	CSF1R	425
IFNA1	FCGR1A	445
IFNA1	TLR4	807
IFNA1	TLR7	920
IFNA1	RELA	787
IFNA1	ANPEP	574
IFNA1	NCAM1	592
IFNA1	IL17A	790
IFNA1	NOD2	509
IFNA1	CXCL10	825
IFNA1	IL6R	803
IFNA1	IL21R	758
IFNA1	TYK2	992
IFNA1	FAS	461
IFNA1	IL3RA	861
IFNA1	CALR	476
IFNA1	NLRP3	552
IFNA1	PDCD1	578
IFNA1	STAT1	960
IFNA1	CCL11	697
IFNA1	MMP9	473
IFNA1	PTPN11	606
IFNA1	CD209	570
IFNA1	IKBKB	458
IFNA1	MTOR	570
IFNA1	CCR5	608
IFNA1	CSF1	578
IFNA1	SYK	435
IFNA1	BRAF	501
IFNA1	CD19	642
IFNA1	CCL19	479
IFNA1	NCR1	506
IFNA1	CR2	956
IFNA1	CXCR3	595
IFNA1	TNFSF13B	658
IFNA1	CD8A	890
IFNA1	ALB	758
IFNA1	STAT5B	574
IFNA1	IDO1	670
IL12RB1	CD4	765
IL12RB1	TNFRSF1A	417
IL12RB1	GZMB	535
IL12RB1	CSF3	733
IL12RB1	CD69	440
IL12RB1	IFNG	955
IL12RB1	IL4	898
IL12RB1	IL5	799
IL12RB1	CD33	497
IL12RB1	IL1B	532
IL12RB1	IL7	786
IL12RB1	CD80	481
IL12RB1	IL11	744
IL12RB1	IL9	773
IL12RB1	CCR5	465
IL12RB1	STAT5B	487
IL12RB1	NOD2	545
IL12RB1	CXCL10	579
IL12RB1	FOS	489
IL12RB1	LEP	668
IL12RB1	CD28	517
IL12RB1	PDGFB	650
IL12RB1	IL21R	784
IL12RB1	KLRD1	478
IL12RB1	CD5	480
IL12RB1	PDGFA	676
IL12RB1	STAT1	812
IL12RB1	CXCL9	425
IL12RB1	IL6R	645
IL12RB1	CXCR3	714
IL12RB1	TLR4	455
IL12RB1	CYBB	464
IL12RB1	GATA3	510
IL12RB1	TLR7	415
IL12RB1	IRF4	406
IL12RB1	BCL6	451
IL12RB1	CD8A	762
IL12RB1	TYK2	999
IL12RB1	IL17A	799
IL7	CD4	909
IL7	TNFRSF1A	447
IL7	GZMB	636
IL7	PIK3R2	518
IL7	CSF3	880
IL7	CCL2	813
IL7	CD38	599
IL7	SPI1	433
IL7	CD69	671
IL7	FGF6	478
IL7	IFNG	900
IL7	IL4	998
IL7	IL5	995
IL7	TNFSF10	411
IL7	FLT3	754
IL7	PDGFRA	732
IL7	NT5E	409
IL7	CD33	435
IL7	ITGAE	507
IL7	IL1B	909
IL7	CCR5	583
IL7	CD19	820
IL7	CSF1	647
IL7	SYK	400
IL7	CCL11	812
IL7	MMP9	429
IL7	STAT1	697
IL7	CD3E	446
IL7	MCL1	409
IL7	IL3RA	788
IL7	PDCD1	560
IL7	IRS1	565
IL7	FAS	501
IL7	IL21R	955
IL7	TYK2	683
IL7	ALB	652
IL7	IL11	756
IL7	STAT5B	962
IL7	IDO1	487
IL7	CXCR3	573
IL7	PECAM1	441
IL7	IL9	997
IL7	ICAM1	728
IL7	BCL2L11	697
IL7	CD8A	914
IL7	TNFSF13B	593
IL7	CD80	638
IL7	NCR1	539
IL7	CR2	433
IL7	CCL19	784
IL7	FGF16	475
IL7	BCL6	482
IL7	CD48	412
IL7	PIK3R1	571
IL7	NOTCH1	423
IL7	CD28	774
IL7	CXCL11	522
IL7	CCL4	832
IL7	KITLG	866
IL7	CD5	598
IL7	TGFA	503
IL7	IRF4	483
IL7	FGF2	767
IL7	LEP	614
IL7	HLA-A	517
IL7	GATA3	611
IL7	ACE2	646
IL7	CSF3R	822
IL7	FGF7	576
IL7	CXCL10	831
IL7	IL6R	908
IL7	NCAM1	582
IL7	IL17A	833
IL7	TP53	428
IL7	TLR4	546
IL7	TLR7	502
IL7	AOC3	510
IL7	CSF1R	404
IL7	CXCL2	603
IL7	LOC102723407	509
IL7	CXCL9	736
IL7	TLR3	520
IL7	ENTPD1	430
IL7	KIT	834
IL7	FCGR2A	407
IL7	KLRD1	486
CD48	CD4	792
CD48	GZMB	485
CD48	CD38	528
CD48	SPI1	570
CD48	CD69	599
CD48	IFNG	543
CD48	IL5	427
CD48	FLT3	797
CD48	CD33	425
CD48	ITGA2B	647
CD48	IL1B	624
CD48	CD80	732
CD48	ICAM1	658
CD48	FCGR2A	476
CD48	CSF1R	486
CD48	KIT	826
CD48	NCR1	830
CD48	CCR5	480
CD48	CCL19	405
CD48	CD19	670
CD48	CD28	704
CD48	PDCD1	656
CD48	KLRD1	718
CD48	CD5	615
CD48	CD3E	780
CD48	CSF3R	409
CD48	TLR4	433
CD48	TNFSF13B	423
CD48	BMI1	472
CD48	CYBB	475
CD48	TLR7	523
CD48	BCL2L11	418
CD48	CD8A	731
CD48	PECAM1	467
CD48	CCL4	406
CD48	BTK	466
CD48	PTPN11	604
CD48	KITLG	520
DNMT1	CD4	520
DNMT1	RELB	431
DNMT1	IFNG	435
DNMT1	NR3C1	622
DNMT1	EGR1	631
DNMT1	KRAS	517
DNMT1	CCNB1	608
DNMT1	CDK4	738
DNMT1	CCND2	433
DNMT1	EP300	625
DNMT1	IL1B	432
DNMT1	TP53	997
DNMT1	PPARG	446
DNMT1	REL	509
DNMT1	ALB	422
DNMT1	HSPA4	516
DNMT1	FOS	447
DNMT1	HNF4A	530
DNMT1	SMAD3	632
DNMT1	HSP90AA1	644
DNMT1	ESR2	642
DNMT1	E2F1	964
DNMT1	H3C12	998
DNMT1	PTEN	602
DNMT1	CD8A	455
DNMT1	MMP9	439
DNMT1	BMI1	791
DNMT1	MTOR	473
DNMT1	GATA4	401
DNMT1	BRAF	463
DNMT1	CDK1	579
DNMT1	WT1	722
DNMT1	KLF4	572
DNMT1	ACE2	402
DNMT1	CTNNB1	817
DNMT1	NOTCH1	408
DNMT1	VIM	523
DNMT1	ETS1	567
DNMT1	STAT1	545
DNMT1	IGF2	577
DNMT1	RELA	602
DNMT1	BDNF	636
DNMT1	HIF1A	531
DNMT1	PAX6	770
MAP2K1	MMP2	450
MAP2K1	IFNG	437
MAP2K1	EGR1	481
MAP2K1	TNFSF10	434
MAP2K1	KRAS	995
MAP2K1	CCNB1	417
MAP2K1	CDK4	424
MAP2K1	CCND2	549
MAP2K1	VWF	592
MAP2K1	SMAD2	536
MAP2K1	AXIN1	421
MAP2K1	ITGA2B	564
MAP2K1	EP300	522
MAP2K1	IL1B	524
MAP2K1	KDR	548
MAP2K1	PIK3CA	844
MAP2K1	CD80	466
MAP2K1	FGF2	523
MAP2K1	TP53	667
MAP2K1	PPARG	813
MAP2K1	CALM3	539
MAP2K1	STAT5B	469
MAP2K1	ALB	512
MAP2K1	RHOA	669
MAP2K1	PDGFA	439
MAP2K1	FOS	652
MAP2K1	PTEN	792
MAP2K1	BCL2L11	821
MAP2K1	HSPA8	685
MAP2K1	NRAS	983
MAP2K1	TYK2	710
MAP2K1	IRS1	467
MAP2K1	MMP9	542
MAP2K1	PTPN11	928
MAP2K1	BMI1	433
MAP2K1	MTOR	674
MAP2K1	CDK1	837
MAP2K1	BRAF	999
MAP2K1	FCGR1A	469
MAP2K1	MAPK8	934
MAP2K1	TLR4	467
MAP2K1	CTNNB1	657
MAP2K1	CASP9	503
MAP2K1	TGFA	409
MAP2K1	NOTCH1	509
MAP2K1	PIK3R1	501
MAP2K1	CALML5	513
MAP2K1	ETS1	400
MAP2K1	SOS1	827
MAP2K1	STAT1	477
MAP2K1	MCL1	550
MAP2K1	SHC1	576
MAP2K1	PIK3CB	413
MAP2K1	PRKACB	925
MAP2K1	HSPA4	647
MAP2K1	CYCS	454
MAP2K1	NFE2L2	528
MAP2K1	H3C12	651
MAP2K1	IL6R	534
MAP2K1	SMAD4	695
MAP2K1	HIF1A	511
MAP2K1	ALK	445
MAP2K1	HSP90AA1	798
MAP2K1	SMAD3	640
MPO	CD4	700
MPO	TNFRSF1A	415
MPO	NGFR	426
MPO	GZMB	412
MPO	TIMP1	515
MPO	MMP2	474
MPO	IL5	523
MPO	CCR5	420
MPO	BRAF	400
MPO	CD19	616
MPO	MMP9	969
MPO	CSF3	744
MPO	FOS	572
MPO	CR2	417
MPO	DNTT	708
MPO	IFNG	789
MPO	CD33	751
MPO	ALB	887
MPO	CD38	582
MPO	SDC1	475
MPO	VWF	580
MPO	CD8A	621
MPO	LEP	431
MPO	LOX	410
MPO	PPARG	486
MPO	ACE2	419
MPO	FLT3	567
MPO	PLG	464
MPO	KIT	705
MPO	CYBB	767
MPO	TJP1	480
MPO	NCAM1	609
MPO	TLR4	728
MPO	FCGR1A	623
MPO	CSF1R	486
MPO	CALR	471
MPO	IL3RA	584
MPO	NLRP3	544
MPO	IL1B	860
MPO	CCNB1	427
MPO	SCARB2	481
MPO	COL1A1	472
MPO	PECAM1	532
MPO	ICAM1	769
MPO	IL9	454
MPO	HIF1A	434
MPO	CCL2	692
MPO	CSF3R	533
MPO	CCL4	466
MPO	CD5	610
MPO	CXCL2	546
MPO	IL4	601
MPO	ADIPOQ	589
MPO	FCGR2A	462
MPO	ITGA2B	600
MPO	SPI1	574
MPO	NFE2L2	525
MPO	APOE	630
MPO	CYCS	459
MPO	ANPEP	740
MPO	CXCL10	661
MPO	TP53	460
MPO	H3C12	886
MPO	IL17A	674
MPO	BDNF	473
MPO	EDN1	458
CAV1	SNAI2	502
CAV1	TNFRSF1A	461
CAV1	NGFR	424
CAV1	TIMP1	446
CAV1	MMP2	690
CAV1	PIK3R2	501
CAV1	CCL2	650
CAV1	COL1A1	608
CAV1	IFNG	595
CAV1	LOX	496
CAV1	NR3C1	656
CAV1	EGR1	566
CAV1	PLCG1	636
CAV1	APOE	801
CAV1	KRAS	408
CAV1	PDGFRA	549
CAV1	THBS1	618
CAV1	VWF	466
CAV1	SMAD2	600
CAV1	AXIN1	866
CAV1	IL1B	633
CAV1	CD81	567
CAV1	KDR	962
CAV1	PIK3CA	727
CAV1	FGF2	500
CAV1	ICAM1	934
CAV1	SCARB2	945
CAV1	TP53	574
CAV1	WNT3A	894
CAV1	PPARG	765
CAV1	CALM3	991
CAV1	CCR5	404
CAV1	ALB	743
CAV1	HSPA4	609
CAV1	IRS1	722
CAV1	CYCS	456
CAV1	LEP	428
CAV1	SMAD3	638
CAV1	HSP90AA1	988
CAV1	SQSTM1	632
CAV1	ADIPOQ	527
CAV1	IGF2	573
CAV1	BDNF	432
CAV1	SMAD4	673
CAV1	EDN1	542
CAV1	PRKACB	891
CAV1	HIF1A	715
CAV1	CCL4	478
CAV1	ALK	483
CAV1	XIAP	463
CAV1	PECAM1	689
CAV1	VIM	440
CAV1	FGFR1	557
CAV1	SHC1	795
CAV1	ESR2	971
CAV1	STAT1	517
CAV1	MCL1	428
CAV1	BTK	609
CAV1	CYBB	405
CAV1	TJP1	559
CAV1	TLR4	962
CAV1	MAPK8	508
CAV1	CTNNB1	942
CAV1	TLR5	470
CAV1	PIK3R1	606
CAV1	PRKCA	877
CAV1	CALML5	996
CAV1	NTRK1	771
CAV1	PTEN	912
CAV1	RHOA	898
CAV1	VEGFC	442
CAV1	SDC1	422
CAV1	FAS	615
CAV1	MTOR	422
CAV1	MMP9	641
CAV1	PTPN11	739
ADIPOQ	CD4	479
ADIPOQ	TIMP1	631
ADIPOQ	RPS6KB1	441
ADIPOQ	CCL2	776
ADIPOQ	FGF6	598
ADIPOQ	IFNG	588
ADIPOQ	IL4	521
ADIPOQ	NR3C1	602
ADIPOQ	APOE	795
ADIPOQ	VWF	481
ADIPOQ	EP300	578
ADIPOQ	IL1B	833
ADIPOQ	FGF2	431
ADIPOQ	ICAM1	597
ADIPOQ	PPARGC1A	944
ADIPOQ	SCARB2	757
ADIPOQ	FGF7	639
ADIPOQ	TP53	444
ADIPOQ	PPARG	965
ADIPOQ	ALB	854
ADIPOQ	IRS1	734
ADIPOQ	CXCL10	604
ADIPOQ	PLG	580
ADIPOQ	LEP	994
ADIPOQ	CALR	838
ADIPOQ	CSF1	541
ADIPOQ	PDGFB	403
ADIPOQ	ESR2	445
ADIPOQ	STAT1	518
ADIPOQ	MTOR	552
ADIPOQ	PRKACB	452
ADIPOQ	MMP9	545
ADIPOQ	CXCR3	468
ADIPOQ	TLR4	631
ADIPOQ	EDN1	567
ADIPOQ	SPP1	529
ADIPOQ	MAPK8	418
ADIPOQ	NFE2L2	411
ADIPOQ	CD8A	431
ADIPOQ	IGF2	439
ADIPOQ	BDNF	460
ADIPOQ	IL17A	505
ADIPOQ	HIF1A	480
ADIPOQ	FGF16	602
ADIPOQ	PECAM1	459
ADIPOQ	IKBKB	440
ADIPOQ	CTNNB1	468
ITGA2	CD4	670
ITGA2	GZMB	427
ITGA2	PIK3R2	907
ITGA2	CCL2	532
ITGA2	COL1A1	983
ITGA2	CD69	545
ITGA2	IFNG	577
ITGA2	IL4	475
ITGA2	EGR1	494
ITGA2	NT5E	482
ITGA2	THBS1	870
ITGA2	VWF	853
ITGA2	ITGA2B	802
ITGA2	ITGAE	634
ITGA2	IL1B	416
ITGA2	KDR	481
ITGA2	PIK3CA	913
ITGA2	CD80	621
ITGA2	ICAM1	679
ITGA2	SCARB2	536
ITGA2	FCGR2A	488
ITGA2	KIT	519
ITGA2	NCR1	542
ITGA2	ALB	437
ITGA2	PRKACB	911
ITGA2	PIK3CB	918
ITGA2	IL17A	419
ITGA2	ANPEP	414
ITGA2	SPP1	762
ITGA2	CD3E	499
ITGA2	SYK	494
ITGA2	PECAM1	533
ITGA2	ACE2	412
ITGA2	AXIN2	416
ITGA2	PIK3R1	916
ITGA2	ENTPD1	412
ITGA2	NCAM1	405
ITGA2	MMP9	421
ITGA2	CD19	646
ITGA2	CR2	457
ITGA2	CD8A	621
ITGA2	SDC1	686
CD3E	CD4	991
CD3E	GZMB	672
CD3E	CCL2	402
CD3E	CD38	700
CD3E	CD69	799
CD3E	IFNG	742
CD3E	IL4	546
CD3E	IL5	420
CD3E	FLT3	550
CD3E	PLCG1	650
CD3E	CD33	513
CD3E	ITGA2B	454
CD3E	ITGAE	542
CD3E	IL1B	477
CD3E	EPCAM	524
CD3E	CBL	498
CD3E	CD80	574
CD3E	LEF1	443
CD3E	FCGR2A	677
CD3E	CSF1R	556
CD3E	KIT	627
CD3E	NCR1	715
CD3E	CCR5	450
CD3E	ALB	533
CD3E	CXCL10	480
CD3E	AOC3	849
CD3E	CD19	809
CD3E	CD28	828
CD3E	PDCD1	782
CD3E	KLRD1	536
CD3E	CD5	899
CD3E	STAT1	430
CD3E	NCAM1	428
CD3E	IL17A	580
CD3E	TLR7	473
CD3E	FCGR1A	486
CD3E	CXCL9	485
CD3E	PIK3R1	533
CD3E	CCL4	415
CD3E	IRF4	427
CD3E	HLA-A	941
CD3E	GATA3	615
CD3E	SDC1	426
CD3E	IDO1	402
CD3E	ETS1	644
CD3E	PECAM1	518
CD3E	CXCR3	639
CD3E	CD8A	995
CD3E	CR2	491
CD3E	SYK	997
CD3E	BTK	434
CD3E	PTPN11	600
PAX6	SNAI2	402
PAX6	FGF6	502
PAX6	BMP4	672
PAX6	PDGFRA	505
PAX6	EP300	888
PAX6	KDR	435
PAX6	FGF2	708
PAX6	LEF1	436
PAX6	FGF7	536
PAX6	TP53	644
PAX6	WNT3A	527
PAX6	ALB	649
PAX6	HNF4A	437
PAX6	SMAD3	799
PAX6	SMAD4	501
PAX6	TJP1	479
PAX6	H3C12	538
PAX6	STAT1	512
PAX6	DKK1	471
PAX6	KLF4	650
PAX6	WT1	762
PAX6	GATA3	547
PAX6	FGFR1	525
PAX6	FGF16	489
PAX6	PRKCA	415
PAX6	BDNF	616
PAX6	GATA4	650
PAX6	VIM	586
PAX6	NCAM1	535
PAX6	CTNNB1	602
PAX6	NOTCH1	589
CSF3	CD4	734
CSF3	TNFRSF1A	464
CSF3	NGFR	532
CSF3	GZMB	452
CSF3	TIMP1	507
CSF3	MMP2	616
CSF3	ALB	750
CSF3	STAT5B	745
CSF3	IL11	709
CSF3	CD38	792
CSF3	VWF	463
CSF3	CD8A	720
CSF3	CD80	522
CSF3	FOS	416
CSF3	IFNG	989
CSF3	CCL19	632
CSF3	CD33	628
CSF3	CCR5	472
CSF3	CD19	621
CSF3	CSF1	933
CSF3	CCL11	995
CSF3	MMP9	648
CSF3	PTPN11	645
CSF3	PDGFB	430
CSF3	IL5	842
CSF3	TYK2	689
CSF3	IL21R	701
CSF3	ANGPT1	507
CSF3	NCAM1	571
CSF3	FCGR1A	545
CSF3	TLR4	757
CSF3	CSF1R	873
CSF3	PDGFRA	754
CSF3	KRAS	668
CSF3	TLR3	505
CSF3	KIT	661
CSF3	CD28	450
CSF3	FLT3	782
CSF3	TGFA	583
CSF3	FGF2	961
CSF3	LEP	952
CSF3	HLA-A	474
CSF3	TLR5	408
CSF3	ACE2	621
CSF3	FGF7	718
CSF3	IDO1	529
CSF3	PECAM1	570
CSF3	CXCR3	418
CSF3	IL9	827
CSF3	ICAM1	776
CSF3	TNFSF13B	444
CSF3	FGF16	601
CSF3	CD69	412
CSF3	SHC1	572
CSF3	SYK	663
CSF3	STAT1	760
CSF3	NT5E	466
CSF3	IL3RA	802
CSF3	NLRP3	416
CSF3	IL1B	996
CSF3	FGF6	623
CSF3	SPP1	500
CSF3	ANPEP	505
CSF3	CXCL10	908
CSF3	IL6R	867
CSF3	KDR	522
CSF3	IL17A	928
CSF3	BDNF	464
CSF3	TP53	505
CSF3	TLR7	476
CSF3	EDN1	573
CSF3	CXCL2	897
CSF3	CXCL9	794
CSF3	IL4	818
CSF3	FCGR2A	425
CSF3	SPI1	635
CSF3	ITGA2B	444
CSF3	CXCL11	552
CSF3	CCL4	909
CSF3	KITLG	876
CSF3	CD5	514
CSF3	HIF1A	477
CSF3	CCL2	930
CSF3	CSF3R	999
CD69	CD4	948
CD69	GZMB	838
CD69	CCL2	565
CD69	CD38	815
CD69	IRF4	586
CD69	GATA3	609
CD69	CD5	841
CD69	CCL4	689
CD69	CXCL11	433
CD69	IL4	757
CD69	CXCL9	757
CD69	CXCL2	432
CD69	KLRD1	469
CD69	FCGR2A	657
CD69	IL17A	738
CD69	CXCL10	654
CD69	RELA	468
CD69	TLR7	542
CD69	PDCD1	684
CD69	IL3RA	527
CD69	CALR	553
CD69	IL1B	678
CD69	ITGAE	818
CD69	SYK	658
CD69	BTK	517
CD69	NT5E	453
CD69	STAT1	508
CD69	EPCAM	405
CD69	IDO1	492
CD69	TNFSF13B	505
CD69	ICAM1	638
CD69	IL9	433
CD69	PECAM1	518
CD69	CXCR3	741
CD69	FGF2	521
CD69	HLA-A	503
CD69	PLCG1	434
CD69	CD28	865
CD69	KIT	472
CD69	ENTPD1	601
CD69	TLR3	493
CD69	REL	404
CD69	NCAM1	781
CD69	CSF1R	469
CD69	AOC3	769
CD69	TLR4	557
CD69	FCGR1A	519
CD69	IL5	635
CD69	IL21R	478
CD69	FAS	769
CD69	CD19	859
CD69	CCR5	754
CD69	PTPN11	520
CD69	CCL11	652
CD69	CR2	761
CD69	FOS	416
CD69	NCR1	737
CD69	CD80	906
CD69	BCL6	548
CD69	CD33	483
CD69	IFNG	912
CD69	CCL19	549
CD69	SDC1	575
CD69	STAT5B	524
CD69	ALB	504
CD69	CD8A	938
CD69	BCL2L11	402
FOS	CD4	663
FOS	TNFRSF1A	468
FOS	TIMP1	462
FOS	MMP2	681
FOS	RELB	499
FOS	RPS6KB1	946
FOS	CCL2	756
FOS	COL1A1	669
FOS	SPI1	975
FOS	FGF6	425
FOS	IFNG	751
FOS	LOX	633
FOS	IL4	700
FOS	IL5	594
FOS	NR3C1	961
FOS	EGR1	995
FOS	TWIST1	699
FOS	APOE	413
FOS	KRAS	550
FOS	CCNB1	432
FOS	PDGFRA	532
FOS	CDK4	478
FOS	THBS1	569
FOS	CCND2	403
FOS	SMAD2	697
FOS	EP300	964
FOS	IL1B	894
FOS	KDR	402
FOS	PIK3CA	625
FOS	FGF2	681
FOS	IL11	498
FOS	ICAM1	505
FOS	LEF1	543
FOS	FGF7	462
FOS	TP53	952
FOS	CSF1R	703
FOS	PPARG	612
FOS	CALM3	672
FOS	STAT5B	520
FOS	REL	754
FOS	ALB	621
FOS	TLR3	427
FOS	HSPA4	559
FOS	IRS1	418
FOS	CXCL10	406
FOS	KLF4	705
FOS	TJP1	610
FOS	MAPK8	986
FOS	TLR4	599
FOS	CALML5	654
FOS	NOTCH1	632
FOS	PIK3R1	644
FOS	PRKCA	946
FOS	E2F1	699
FOS	NTRK1	484
FOS	TGFA	670
FOS	CTNNB1	618
FOS	CASP9	636
FOS	LEP	695
FOS	NRAS	481
FOS	HSPA8	584
FOS	CD8A	486
FOS	BCL2L11	428
FOS	PTEN	715
FOS	BCL6	649
FOS	RHOA	538
FOS	CDK1	639
FOS	CSF1	693
FOS	BRAF	460
FOS	GATA4	417
FOS	MTOR	501
FOS	MMP9	694
FOS	PDGFB	529
FOS	H3C12	805
FOS	IL17A	511
FOS	BDNF	748
FOS	SMAD4	822
FOS	CYCS	485
FOS	NFE2L2	728
FOS	SPP1	479
FOS	RELA	917
FOS	PRKACB	959
FOS	EDN1	680
FOS	PIK3CB	525
FOS	CXCL2	480
FOS	IGF2	441
FOS	SMAD3	976
FOS	CCL4	402
FOS	HSP90AA1	604
FOS	HIF1A	805
FOS	IRF4	456
FOS	GATA3	868
FOS	ETS1	737
FOS	VIM	599
FOS	PECAM1	409
FOS	EIF2AK3	621
FOS	FGF16	438
FOS	HNF4A	490
FOS	SYK	609
FOS	IKBKB	645
FOS	SHC1	513
FOS	ESR2	961
FOS	MCL1	665
FOS	STAT1	898
CCL11	CD4	674
CCL11	TIMP1	491
CCL11	CCL2	998
CCL11	FGF6	479
CCL11	IFNG	979
CCL11	IL4	955
CCL11	IL5	934
CCL11	FLT3	520
CCL11	VWF	531
CCL11	IL1B	957
CCL11	CD80	423
CCL11	FGF2	968
CCL11	IL11	455
CCL11	ICAM1	618
CCL11	FGF7	528
CCL11	IL9	902
CCL11	CCR5	998
CCL11	ALB	445
CCL11	NOD2	404
CCL11	BDNF	569
CCL11	IL17A	818
CCL11	CXCL10	999
CCL11	EDN1	522
CCL11	TLR4	499
CCL11	CXCL2	997
CCL11	CXCL9	999
CCL11	CXCL11	998
CCL11	KITLG	478
CCL11	TGFA	572
CCL11	GATA3	430
CCL11	LEP	678
CCL11	SDC1	684
CCL11	CXCR3	989
CCL11	TNFSF13B	408
CCL11	CD8A	603
CCL11	CCL19	634
CCL11	FGF16	497
CCL11	CSF1	620
CCL11	STAT1	401
CCL11	MMP9	485
NFE2L2	TNFRSF1A	543
NFE2L2	RPS6KB1	479
NFE2L2	CCL2	581
NFE2L2	SPI1	484
NFE2L2	IFNG	515
NFE2L2	IL4	568
NFE2L2	APOE	490
NFE2L2	KRAS	560
NFE2L2	CCNB1	407
NFE2L2	AXIN1	563
NFE2L2	EP300	933
NFE2L2	IL1B	749
NFE2L2	PIK3CA	586
NFE2L2	ICAM1	504
NFE2L2	PPARGC1A	942
NFE2L2	SCARB2	439
NFE2L2	TP53	780
NFE2L2	PPARG	831
NFE2L2	REL	554
NFE2L2	ALB	590
NFE2L2	HSPA4	482
NFE2L2	EIF2AK3	977
NFE2L2	CYCS	596
NFE2L2	LEP	406
NFE2L2	CASP9	702
NFE2L2	SMAD3	593
NFE2L2	HSP90AA1	687
NFE2L2	NLRP3	544
NFE2L2	TJP1	404
NFE2L2	H3C12	428
NFE2L2	STAT1	453
NFE2L2	MTOR	637
NFE2L2	MCL1	435
NFE2L2	PTEN	707
NFE2L2	MMP9	536
NFE2L2	TLR4	626
NFE2L2	BMI1	406
NFE2L2	CYBB	620
NFE2L2	SQSTM1	950
NFE2L2	ETS1	478
NFE2L2	KEAP1	999
NFE2L2	MAPK8	727
NFE2L2	CTNNB1	584
NFE2L2	NOTCH1	857
NFE2L2	PRKCA	633
NFE2L2	BRAF	449
NFE2L2	RELA	611
NFE2L2	IL17A	418
NFE2L2	BDNF	494
NFE2L2	HIF1A	750
NFE2L2	PECAM1	476
NFE2L2	IKBKB	475
CD5	CD4	997
CD5	GZMB	671
CD5	CD38	892
CD5	IFNG	684
CD5	IL4	618
CD5	IL5	487
CD5	FLT3	541
CD5	CD33	751
CD5	ITGA2B	501
CD5	ITGAE	656
CD5	IL1B	430
CD5	CD81	607
CD5	CBL	808
CD5	CD80	759
CD5	ICAM1	434
CD5	LEF1	510
CD5	TP53	574
CD5	FCGR2A	567
CD5	KIT	724
CD5	NCR1	577
CD5	ALB	469
CD5	ANPEP	834
CD5	CXCL11	541
CD5	AOC3	648
CD5	LEP	440
CD5	CD19	941
CD5	CD28	839
CD5	IL3RA	651
CD5	PDCD1	706
CD5	IL21R	469
CD5	KLRD1	502
CD5	BTK	737
CD5	SYK	532
CD5	FAS	529
CD5	CXCR3	597
CD5	PECAM1	591
CD5	CD8A	963
CD5	TNFSF13B	704
CD5	SDC1	765
CD5	BCL6	863
CD5	CR2	917
CD5	DNTT	729
CD5	ALK	575
CD5	PIK3R1	651
CD5	NOTCH1	432
CD5	GATA3	652
CD5	IRF4	650
CD5	ERV3-1	547
CD5	TLR4	400
CD5	FCGR1A	618
CD5	IL17A	534
CD5	NCAM1	848
CD5	LOC102723407	833
CXCL9	CD4	790
CXCL9	TNFRSF1A	641
CXCL9	GZMB	728
CXCL9	TIMP1	478
CXCL9	CCL2	999
CXCL9	COL1A1	523
CXCL9	CD38	513
CXCL9	FGF6	405
CXCL9	IFNG	948
CXCL9	IL4	735
CXCL9	IL5	718
CXCL9	TNFSF10	523
CXCL9	ITGAE	576
CXCL9	IL1B	855
CXCL9	CD81	529
CXCL9	CD80	789
CXCL9	FGF2	683
CXCL9	ICAM1	667
CXCL9	FGF7	448
CXCL9	FCGR2A	448
CXCL9	IL9	626
CXCL9	CSF1R	508
CXCL9	NCR1	400
CXCL9	CCR5	998
CXCL9	ALB	647
CXCL9	TLR3	618
CXCL9	NOD2	406
CXCL9	CXCL10	999
CXCL9	CXCL11	999
CXCL9	CCL19	962
CXCL9	LEP	589
CXCL9	CD19	716
CXCL9	CD209	434
CXCL9	CD28	553
CXCL9	CSF1	680
CXCL9	PDCD1	603
CXCL9	IL21R	514
CXCL9	STAT1	882
CXCL9	PECAM1	493
CXCL9	CXCR3	999
CXCL9	TNFSF13B	560
CXCL9	IDO1	868
CXCL9	FGF16	406
CXCL9	CCL4	959
CXCL9	IRF4	463
CXCL9	TLR7	570
CXCL9	IL17A	830
CXCL9	IL6R	615
CXCL9	CXCL2	997
CXCL9	MMP9	573
CXCL9	CD8A	848
CXCL9	CR2	551
CXCL9	HLA-A	420
CXCL9	ACE2	423
CXCL9	TLR4	619
CXCL9	FCGR1A	456
CXCL9	NCAM1	427
CXCL9	ENTPD1	410
COL1A1	SNAI2	661
COL1A1	TNFRSF1A	481
COL1A1	NGFR	482
COL1A1	TIMP1	842
COL1A1	MMP2	828
COL1A1	CCL2	604
COL1A1	PDGFB	864
COL1A1	CDK1	491
COL1A1	BRAF	434
COL1A1	DKK1	499
COL1A1	MMP9	840
COL1A1	PDGFA	600
COL1A1	PTEN	631
COL1A1	CCL19	550
COL1A1	IFNG	407
COL1A1	TWIST1	509
COL1A1	ALB	577
COL1A1	SDC1	815
COL1A1	VWF	877
COL1A1	EGR1	623
COL1A1	CTNNB1	589
COL1A1	FGF2	580
COL1A1	PPARG	604
COL1A1	LOX	808
COL1A1	FGF7	441
COL1A1	NOTCH1	406
COL1A1	KLF4	409
COL1A1	PDGFRA	684
COL1A1	BMP4	579
COL1A1	IL1B	596
COL1A1	THBS1	896
COL1A1	ESR2	444
COL1A1	SCARB2	618
COL1A1	NT5E	479
COL1A1	EPCAM	444
COL1A1	CDK4	553
COL1A1	ETS1	484
COL1A1	PECAM1	624
COL1A1	VIM	778
COL1A1	HIF1A	459
COL1A1	WNT5A	483
COL1A1	SMAD2	659
COL1A1	SMAD3	773
COL1A1	IL4	555
COL1A1	ITGA2B	718
COL1A1	IGF2	456
COL1A1	SPP1	747
COL1A1	APOE	549
COL1A1	TP53	472
COL1A1	SMAD4	687
COL1A1	CXCL10	575
COL1A1	EDN1	421
IDO1	CD4	875
IDO1	GZMB	693
IDO1	CCL2	689
IDO1	CD38	576
IDO1	IFNG	930
IDO1	IL4	700
IDO1	IL5	494
IDO1	TNFSF10	447
IDO1	KRAS	411
IDO1	NT5E	700
IDO1	CD33	508
IDO1	ITGAE	578
IDO1	IL1B	748
IDO1	CD80	857
IDO1	FGF2	452
IDO1	ICAM1	603
IDO1	FGF7	417
IDO1	TP53	479
IDO1	CSF1R	540
IDO1	PPARG	411
IDO1	KIT	402
IDO1	NCR1	439
IDO1	CCR5	557
IDO1	STAT5B	422
IDO1	ALB	453
IDO1	TLR3	615
IDO1	CXCL10	832
IDO1	CXCL11	880
IDO1	CCL19	470
IDO1	CD19	594
IDO1	CD209	467
IDO1	CD28	713
IDO1	CSF1	543
IDO1	IL3RA	463
IDO1	PDCD1	769
IDO1	KLRD1	434
IDO1	STAT1	807
IDO1	MTOR	475
IDO1	ENTPD1	660
IDO1	PTEN	434
IDO1	MMP9	508
IDO1	CXCR3	516
IDO1	TLR4	627
IDO1	TNFSF13B	461
IDO1	CYBB	576
IDO1	TLR7	560
IDO1	IRF4	417
IDO1	HLA-A	459
IDO1	CD8A	813
IDO1	BDNF	447
IDO1	BRAF	447
IDO1	CXCL2	421
IDO1	NCAM1	456
IDO1	CTNNB1	653
IDO1	PTPN11	619
IDO1	FAS	416
IDO1	IL17A	804
IDO1	CCL4	532
IDO1	HIF1A	519
IDO1	PECAM1	456
PLG	CD4	439
PLG	TIMP1	743
PLG	MMP2	772
PLG	CCL2	683
PLG	FGF6	511
PLG	IFNG	490
PLG	LOX	592
PLG	IL4	603
PLG	IL5	509
PLG	APOE	652
PLG	THBS1	879
PLG	VWF	798
PLG	SMAD2	427
PLG	ITGA2B	662
PLG	IL1B	622
PLG	KDR	527
PLG	FGF2	639
PLG	ICAM1	584
PLG	FGF7	548
PLG	TP53	497
PLG	ALB	963
PLG	TLR3	479
PLG	HSPA4	577
PLG	MMP9	829
PLG	HSPA8	403
PLG	VEGFC	493
PLG	LEP	541
PLG	ACE2	465
PLG	TLR4	422
PLG	ANGPT1	545
PLG	FGF16	508
PLG	PECAM1	517
PLG	CXCR3	447
PLG	HIF1A	488
PLG	ERV3-1	977
PLG	SMAD3	497
PLG	IGF2	572
PLG	LOC102723407	917
PLG	EDN1	553
PLG	RELA	403
PLG	SPP1	438
PLG	SMAD4	464
PLG	BDNF	605
SNAI2	SMAD3	689
SNAI2	SMAD2	812
SNAI2	HIF1A	646
SNAI2	WNT5A	565
SNAI2	AXIN1	448
SNAI2	GATA3	408
SNAI2	KDR	468
SNAI2	SMAD4	849
SNAI2	H3C12	440
SNAI2	TP53	915
SNAI2	FGF6	456
SNAI2	LEF1	716
SNAI2	CDK4	462
SNAI2	ETS1	503
SNAI2	VIM	885
SNAI2	PECAM1	482
SNAI2	HNF4A	570
SNAI2	EPCAM	614
SNAI2	FGF16	490
SNAI2	NOTCH1	614
SNAI2	AXIN2	430
SNAI2	E2F1	609
SNAI2	CTNNB1	801
SNAI2	FGF2	560
SNAI2	PPARG	643
SNAI2	LOX	588
SNAI2	FGF7	541
SNAI2	TJP1	660
SNAI2	KLF4	549
SNAI2	PDGFRA	663
SNAI2	BMP4	565
SNAI2	MMP2	719
SNAI2	KIT	744
SNAI2	KRAS	511
SNAI2	WNT3A	454
SNAI2	BRAF	421
SNAI2	BMI1	791
SNAI2	MMP9	725
SNAI2	DKK1	458
SNAI2	VEGFC	455
SNAI2	ALB	470
SNAI2	EGR1	629
SNAI2	PTEN	597
SNAI2	TWIST1	952
SNAI2	RHOA	545
PPARGC1A	RPS6KB1	601
PPARGC1A	CCL2	511
PPARGC1A	NR3C1	987
PPARGC1A	TWIST1	765
PPARGC1A	APOE	522
PPARGC1A	EP300	990
PPARGC1A	IL1B	613
PPARGC1A	CYBB	468
PPARGC1A	CALM3	434
PPARGC1A	KLF4	557
PPARGC1A	TLR4	531
PPARGC1A	CTNNB1	639
PPARGC1A	CASP9	414
PPARGC1A	PPARG	999
PPARGC1A	LEP	903
PPARGC1A	CALML5	432
PPARGC1A	E2F1	589
PPARGC1A	PTEN	491
PPARGC1A	ALB	599
PPARGC1A	IRS1	667
PPARGC1A	MTOR	703
PPARGC1A	KEAP1	530
PPARGC1A	SQSTM1	508
PPARGC1A	TP53	887
PPARGC1A	H3C12	475
PPARGC1A	BDNF	589
PPARGC1A	CYCS	746
PPARGC1A	RELA	629
PPARGC1A	PRKACB	707
PPARGC1A	HSPA4	431
PPARGC1A	HIF1A	758
PPARGC1A	IRF4	878
PPARGC1A	SMAD3	431
PPARGC1A	HSP90AA1	430
PPARGC1A	HNF4A	998
PPARGC1A	NLRP3	476
PPARGC1A	SCARB2	674
PPARGC1A	ESR2	703
PPARGC1A	STAT1	623
ITGAE	CD4	848
ITGAE	GZMB	700
ITGAE	CCL2	472
ITGAE	CD38	583
ITGAE	IFNG	770
ITGAE	IL4	656
ITGAE	IL5	565
ITGAE	FLT3	524
ITGAE	NT5E	483
ITGAE	CD33	404
ITGAE	ITGA2B	580
ITGAE	CCL4	507
ITGAE	GATA3	541
ITGAE	IRF4	630
ITGAE	TLR7	514
ITGAE	IL17A	713
ITGAE	CXCL10	549
ITGAE	KLRD1	468
ITGAE	FCGR2A	578
ITGAE	CD209	519
ITGAE	IL1B	597
ITGAE	PDCD1	587
ITGAE	IL3RA	584
ITGAE	ICAM1	471
ITGAE	IL9	446
ITGAE	CXCR3	691
ITGAE	PECAM1	438
ITGAE	EPCAM	480
ITGAE	CD28	622
ITGAE	TLR5	517
ITGAE	CSF1R	546
ITGAE	AOC3	647
ITGAE	TLR4	522
ITGAE	FCGR1A	697
ITGAE	NCAM1	582
ITGAE	KIT	455
ITGAE	ENTPD1	628
ITGAE	TLR3	515
ITGAE	CSF1	427
ITGAE	CD19	749
ITGAE	MTOR	453
ITGAE	CCR5	580
ITGAE	FAS	433
ITGAE	CD8A	908
ITGAE	STAT5B	413
ITGAE	BCL6	442
ITGAE	CCL19	469
ITGAE	NCR1	590
ITGAE	CD80	710
PTEN	CD4	602
PTEN	TIMP1	405
PTEN	MMP2	745
PTEN	PIK3R2	985
PTEN	RPS6KB1	914
PTEN	CCL2	505
PTEN	FGF6	451
PTEN	IFNG	596
PTEN	LOX	546
PTEN	IL4	457
PTEN	EGR1	789
PTEN	TNFSF10	429
PTEN	FLT3	604
PTEN	TWIST1	762
PTEN	PLCG1	938
PTEN	APOE	528
PTEN	KRAS	936
PTEN	CCNB1	585
PTEN	PDGFRA	828
PTEN	CDK4	865
PTEN	THBS1	476
PTEN	CCND2	706
PTEN	SMAD2	632
PTEN	AXIN1	538
PTEN	EP300	596
PTEN	IL1B	738
PTEN	EPCAM	582
PTEN	KDR	619
PTEN	PIK3CA	995
PTEN	CBL	687
PTEN	FGF2	593
PTEN	WNT5A	477
PTEN	ICAM1	406
PTEN	LEF1	467
PTEN	FGF7	497
PTEN	TP53	999
PTEN	WNT3A	438
PTEN	CSF1R	515
PTEN	PPARG	830
PTEN	KIT	719
PTEN	WNT4	449
PTEN	CALM3	451
PTEN	STAT5B	551
PTEN	REL	407
PTEN	ALB	607
PTEN	AXIN2	471
PTEN	HSPA4	654
PTEN	IRS1	792
PTEN	EIF2AK3	547
PTEN	CYCS	638
PTEN	LEP	509
PTEN	HNF4A	484
PTEN	CD28	439
PTEN	CASP9	642
PTEN	PDGFB	416
PTEN	SMAD3	611
PTEN	PDCD1	597
PTEN	HSP90AA1	803
PTEN	SMAD4	912
PTEN	ESR2	504
PTEN	E2F1	839
PTEN	TJP1	635
PTEN	H3C12	599
PTEN	STAT1	541
PTEN	MTOR	942
PTEN	MCL1	763
PTEN	NRAS	872
PTEN	PRKACB	517
PTEN	DNTT	465
PTEN	XIAP	921
PTEN	CTNNB1	943
PTEN	PRKCA	486
PTEN	PIK3R1	997
PTEN	NOTCH1	758
PTEN	CALML5	434
PTEN	TGFA	447
PTEN	NTRK1	608
PTEN	CYBB	451
PTEN	KLF4	525
PTEN	TLR4	535
PTEN	MAPK8	699
PTEN	WT1	520
PTEN	BRAF	943
PTEN	CDK1	616
PTEN	MMP9	766
PTEN	BMI1	761
PTEN	PTPN11	745
PTEN	RHOA	726
PTEN	BCL6	473
PTEN	VEGFC	533
PTEN	BCL2L11	684
PTEN	CD8A	623
PTEN	HIF1A	830
PTEN	GATA3	526
PTEN	KITLG	608
PTEN	ALK	722
PTEN	SQSTM1	466
PTEN	KEAP1	590
PTEN	IGF2	569
PTEN	SPP1	434
PTEN	BDNF	625
PTEN	PIK3CB	984
PTEN	RELA	642
PTEN	SOS1	502
PTEN	FGFR1	682
PTEN	SHC1	569
PTEN	IKBKB	952
PTEN	SYK	465
PTEN	BTK	513
PTEN	FGF16	475
PTEN	ETS1	455
PTEN	PECAM1	481
PPARG	CD4	584
PPARG	TIMP1	544
PPARG	MMP2	511
PPARG	RPS6KB1	565
PPARG	CCL2	731
PPARG	SPI1	629
PPARG	FGF6	433
PPARG	IFNG	671
PPARG	LOX	541
PPARG	IL4	681
PPARG	IL5	416
PPARG	NR3C1	661
PPARG	EGR1	934
PPARG	BMP4	499
PPARG	APOE	740
PPARG	KRAS	757
PPARG	PDGFRA	595
PPARG	NT5E	517
PPARG	CDK4	429
PPARG	VWF	454
PPARG	SMAD2	707
PPARG	EP300	997
PPARG	IL1B	858
PPARG	KDR	644
PPARG	PIK3CA	547
PPARG	CD80	404
PPARG	FGF2	684
PPARG	WNT5A	438
PPARG	ICAM1	636
PPARG	SCARB2	862
PPARG	FGF7	471
PPARG	TP53	949
PPARG	WNT3A	436
PPARG	CSF1R	449
PPARG	ACE2	420
PPARG	LEP	948
PPARG	CTNNB1	994
PPARG	CASP9	484
PPARG	E2F1	598
PPARG	NTRK1	422
PPARG	CALML5	416
PPARG	NOTCH1	416
PPARG	PRKCA	808
PPARG	CYBB	544
PPARG	KIT	439
PPARG	TLR3	400
PPARG	MAPK8	505
PPARG	TLR4	738
PPARG	KLF4	684
PPARG	CALM3	423
PPARG	IRS1	726
PPARG	BMI1	621
PPARG	PTPN11	569
PPARG	DKK1	446
PPARG	MMP9	765
PPARG	CSF1	659
PPARG	BRAF	671
PPARG	MTOR	964
PPARG	RHOA	513
PPARG	CD8A	507
PPARG	NRAS	645
PPARG	ALB	682
PPARG	STAT5B	665
PPARG	GATA3	506
PPARG	IRF4	521
PPARG	HIF1A	854
PPARG	HSP90AA1	695
PPARG	SMAD3	950
PPARG	IGF2	538
PPARG	KEAP1	566
PPARG	PRKACB	577
PPARG	HSPA4	433
PPARG	RELA	998
PPARG	EDN1	724
PPARG	IL17A	545
PPARG	BDNF	561
PPARG	H3C12	495
PPARG	CXCL10	447
PPARG	SMAD4	436
PPARG	CYCS	596
PPARG	SPP1	609
PPARG	NLRP3	494
PPARG	STAT1	817
PPARG	SYK	588
PPARG	IKBKB	547
PPARG	ESR2	542
PPARG	FGF16	444
PPARG	HNF4A	582
PPARG	EIF2AK3	626
PPARG	PECAM1	654
TNFRSF1A	CD4	797
TNFRSF1A	CCL4	492
TNFRSF1A	CCL2	768
TNFRSF1A	ERV3-1	528
TNFRSF1A	HIF1A	402
TNFRSF1A	RELA	826
TNFRSF1A	HSPA4	401
TNFRSF1A	CBL	435
TNFRSF1A	TLR7	441
TNFRSF1A	TP53	741
TNFRSF1A	IL17A	826
TNFRSF1A	EP300	530
TNFRSF1A	IL6R	916
TNFRSF1A	KDR	587
TNFRSF1A	CXCL10	540
TNFRSF1A	CYCS	622
TNFRSF1A	SPP1	548
TNFRSF1A	FCGR2A	675
TNFRSF1A	IL4	582
TNFRSF1A	NR3C1	420
TNFRSF1A	MCL1	584
TNFRSF1A	STAT1	628
TNFRSF1A	SYK	532
TNFRSF1A	SHC1	411
TNFRSF1A	IKBKB	999
TNFRSF1A	FGFR1	474
TNFRSF1A	PIK3CA	645
TNFRSF1A	SOS1	606
TNFRSF1A	IL1B	997
TNFRSF1A	NLRP3	580
TNFRSF1A	PDCD1	564
TNFRSF1A	CALR	547
TNFRSF1A	TNFSF13B	857
TNFRSF1A	RELB	615
TNFRSF1A	ICAM1	742
TNFRSF1A	CXCR3	489
TNFRSF1A	PECAM1	490
TNFRSF1A	CD81	420
TNFRSF1A	XIAP	853
TNFRSF1A	CD28	668
TNFRSF1A	PIK3R1	644
TNFRSF1A	TLR5	408
TNFRSF1A	CTNNB1	421
TNFRSF1A	GZMB	464
TNFRSF1A	CASP9	634
TNFRSF1A	PDGFRA	483
TNFRSF1A	MAPK8	715
TNFRSF1A	TLR4	949
TNFRSF1A	FCGR1A	583
TNFRSF1A	CCND2	407
TNFRSF1A	NOD2	558
TNFRSF1A	REL	676
TNFRSF1A	TNFSF10	993
TNFRSF1A	CYBB	530
TNFRSF1A	TLR3	752
TNFRSF1A	PTPN11	659
TNFRSF1A	MMP9	554
TNFRSF1A	TIMP1	873
TNFRSF1A	CSF1	565
TNFRSF1A	CCR5	620
TNFRSF1A	TYK2	404
TNFRSF1A	NGFR	489
TNFRSF1A	FAS	999
TNFRSF1A	IL5	446
TNFRSF1A	PDGFB	482
TNFRSF1A	HSPA8	519
TNFRSF1A	CD8A	766
TNFRSF1A	BCL2L11	479
TNFRSF1A	ALB	600
TNFRSF1A	IFNG	919
TNFRSF1A	RHOA	627
TNFRSF1A	PDGFA	452
TNFRSF1A	CD80	678
CD80	CD4	958
CD80	NGFR	538
CD80	GZMB	817
CD80	RELB	519
CD80	PIK3R2	411
CD80	CCL2	700
CD80	CD38	799
CD80	SPI1	471
CD80	IFNG	943
CD80	IL4	894
CD80	IL5	770
CD80	TNFSF10	420
CD80	FLT3	436
CD80	NT5E	682
CD80	CD33	625
CD80	IL1B	855
CD80	CD81	488
CD80	EPCAM	589
CD80	PIK3CA	532
CD80	TNFSF13B	625
CD80	CXCR3	644
CD80	PECAM1	576
CD80	ICAM1	998
CD80	IL9	458
CD80	SYK	528
CD80	SCARB2	496
CD80	BTK	518
CD80	CD209	739
CD80	STAT1	637
CD80	PDCD1	998
CD80	NLRP3	429
CD80	CALR	512
CD80	IL3RA	747
CD80	IL6R	438
CD80	CXCL10	724
CD80	TP53	657
CD80	IL17A	809
CD80	RELA	410
CD80	HSPA4	554
CD80	TLR7	769
CD80	CXCL2	441
CD80	KLRD1	467
CD80	FCGR2A	711
CD80	CCL4	662
CD80	CXCL11	564
CD80	ERV3-1	664
CD80	HIF1A	451
CD80	IRF4	591
CD80	GATA3	512
CD80	SDC1	554
CD80	STAT5B	521
CD80	ALB	595
CD80	CD8A	959
CD80	CR2	635
CD80	PDGFA	472
CD80	NCR1	466
CD80	BCL6	653
CD80	CCL19	671
CD80	CD19	819
CD80	BRAF	420
CD80	CSF1	853
CD80	MTOR	428
CD80	CCR5	787
CD80	PTPN11	699
CD80	MMP9	497
CD80	FAS	631
CD80	IL21R	495
CD80	TYK2	421
CD80	NOD2	486
CD80	NCAM1	643
CD80	TLR4	801
CD80	FCGR1A	610
CD80	CSF1R	658
CD80	AOC3	623
CD80	KIT	505
CD80	ENTPD1	631
CD80	TLR3	812
CD80	REL	473
CD80	PIK3R1	448
CD80	CD28	999
CD80	TLR5	587
CD80	HLA-A	714
ALB	CD4	817
ALB	NGFR	438
ALB	GZMB	479
ALB	TIMP1	737
ALB	MMP2	640
ALB	RPS6KB1	592
ALB	CCL2	739
ALB	CD38	554
ALB	FGF6	755
ALB	IFNG	866
ALB	LOX	599
ALB	IL4	725
ALB	IL5	619
ALB	NR3C1	608
ALB	EGR1	421
ALB	TNFSF10	610
ALB	BMP4	592
ALB	APOE	953
ALB	KRAS	559
ALB	CCNB1	479
ALB	PDGFRA	496
ALB	NT5E	634
ALB	CDK4	514
ALB	THBS1	463
ALB	VWF	871
ALB	SMAD2	620
ALB	CD33	418
ALB	ITGA2B	701
ALB	IL1B	836
ALB	CD81	586
ALB	EPCAM	630
ALB	KDR	618
ALB	FGF2	842
ALB	ICAM1	709
ALB	SCARB2	596
ALB	FGF7	763
ALB	TP53	722
ALB	FCGR2A	600
ALB	WNT3A	677
ALB	CSF1R	435
ALB	KIT	640
ALB	CALM3	789
ALB	CCR5	497
ALB	STAT5B	413
ALB	REL	510
ALB	NCAM1	591
ALB	KLF4	512
ALB	TJP1	715
ALB	ANGPT1	462
ALB	WT1	551
ALB	AOC3	506
ALB	FCGR1A	475
ALB	TLR4	821
ALB	MAPK8	526
ALB	CYBB	553
ALB	ENTPD1	498
ALB	TLR3	504
ALB	CALML5	794
ALB	NOTCH1	463
ALB	CD28	542
ALB	PRKCA	468
ALB	E2F1	403
ALB	TGFA	482
ALB	NTRK1	482
ALB	CTNNB1	709
ALB	CASP9	634
ALB	ACE2	862
ALB	HLA-A	414
ALB	LEP	805
ALB	VEGFC	452
ALB	SDC1	592
ALB	CD8A	771
ALB	HSPA8	712
ALB	BCL2L11	412
ALB	DNTT	736
ALB	RHOA	624
ALB	CDK1	497
ALB	CSF1	533
ALB	GATA4	485
ALB	BRAF	494
ALB	CD19	684
ALB	MTOR	628
ALB	DKK1	451
ALB	MMP9	745
ALB	IRS1	542
ALB	FAS	438
ALB	BDNF	684
ALB	IL17A	800
ALB	H3C12	673
ALB	CXCL10	583
ALB	SMAD4	507
ALB	IL6R	584
ALB	ANPEP	866
ALB	CYCS	986
ALB	SPP1	805
ALB	HSPA4	742
ALB	PRKACB	610
ALB	RELA	474
ALB	EDN1	632
ALB	TLR7	472
ALB	KEAP1	532
ALB	LOC102723407	660
ALB	SQSTM1	520
ALB	IGF2	713
ALB	KITLG	560
ALB	CCL4	510
ALB	SMAD3	604
ALB	ALK	689
ALB	HSP90AA1	584
ALB	ERV3-1	866
ALB	HIF1A	642
ALB	GATA3	413
ALB	XIAP	547
ALB	TNFSF13B	406
ALB	VIM	509
ALB	PECAM1	781
ALB	EIF2AK3	583
ALB	FGF16	746
ALB	HNF4A	673
ALB	SYK	459
ALB	IKBKB	471
ALB	ESR2	687
ALB	MCL1	446
ALB	CD209	746
ALB	STAT1	545
ALB	NLRP3	481
ALB	PDCD1	475
ALB	CALR	718
ALB	FGFR1	405
CCR5	CD4	999
CCR5	GZMB	809
CCR5	CCL2	999
CCR5	CD38	693
CCR5	SPI1	453
CCR5	IFNG	920
CCR5	IL4	781
CCR5	IL5	703
CCR5	EGR1	507
CCR5	TNFSF10	441
CCR5	APOE	783
CCR5	CD33	464
CCR5	IL1B	826
CCR5	ICAM1	629
CCR5	SCARB2	411
CCR5	FCGR2A	682
CCR5	CSF1R	788
CCR5	NCR1	458
CCR5	MMP9	587
CCR5	CSF1	689
CCR5	CD19	627
CCR5	TYK2	540
CCR5	IL21R	453
CCR5	FAS	555
CCR5	CD8A	941
CCR5	STAT5B	524
CCR5	BCL6	418
CCR5	CCL19	994
CCR5	CD28	717
CCR5	ACE2	526
CCR5	TLR5	428
CCR5	HLA-A	476
CCR5	FCGR1A	579
CCR5	TLR4	788
CCR5	NCAM1	592
CCR5	NOD2	477
CCR5	CYBB	477
CCR5	ENTPD1	532
CCR5	TLR3	566
CCR5	CD209	793
CCR5	STAT1	710
CCR5	NLRP3	443
CCR5	PDCD1	575
CCR5	IL3RA	522
CCR5	TNFSF13B	516
CCR5	CXCR3	983
CCR5	PECAM1	544
CCR5	HSP90AA1	491
CCR5	KITLG	508
CCR5	CCL4	999
CCR5	CXCL11	990
CCR5	GATA3	446
CCR5	ERV3-1	595
CCR5	IRF4	438
CCR5	HSPA4	735
CCR5	RELA	509
CCR5	TLR7	650
CCR5	IL17A	760
CCR5	CXCL10	999
CCR5	IL6R	438
CCR5	KLRD1	618
CCR5	CXCL2	957
SCARB2	CD4	739
SCARB2	TIMP1	605
SCARB2	CCL2	672
SCARB2	CD38	513
SCARB2	IFNG	597
SCARB2	IL4	571
SCARB2	APOE	797
SCARB2	THBS1	997
SCARB2	VWF	497
SCARB2	CD33	707
SCARB2	ITGA2B	717
SCARB2	IL1B	712
SCARB2	CD81	896
SCARB2	KDR	845
SCARB2	ICAM1	811
SCARB2	NCAM1	717
SCARB2	CSF1R	499
SCARB2	AOC3	431
SCARB2	TLR4	996
SCARB2	FCGR1A	702
SCARB2	TLR3	495
SCARB2	KIT	688
SCARB2	CYBB	506
SCARB2	PRKCA	579
SCARB2	CTNNB1	401
SCARB2	LEP	612
SCARB2	CD8A	720
SCARB2	MTOR	415
SCARB2	CSF1	466
SCARB2	CD19	888
SCARB2	MMP9	534
SCARB2	PTPN11	573
SCARB2	IRS1	515
SCARB2	ANPEP	737
SCARB2	TP53	416
SCARB2	IL17A	430
SCARB2	CXCL10	461
SCARB2	TLR7	484
SCARB2	HSPA4	593
SCARB2	FCGR2A	475
SCARB2	CXCL11	565
SCARB2	HIF1A	525
SCARB2	ERV3-1	628
SCARB2	PECAM1	689
SCARB2	CXCR3	439
SCARB2	SYK	409
SCARB2	STAT1	469
SCARB2	CD209	494
SCARB2	IL3RA	594
SCARB2	CALR	641
SCARB2	NLRP3	506
CXCL11	CD4	769
CXCL11	GZMB	550
CXCL11	TIMP1	418
CXCL11	CCL2	796
CXCL11	CD38	405
CXCL11	IFNG	835
CXCL11	IL4	617
CXCL11	IL5	540
CXCL11	TNFSF10	486
CXCL11	SMAD2	471
CXCL11	IL1B	705
CXCL11	FGF2	418
CXCL11	ICAM1	602
CXCL11	FGF7	584
CXCL11	TLR3	570
CXCL11	CXCL10	999
CXCL11	CD28	408
CXCL11	TLR4	507
CXCL11	IL21R	529
CXCL11	CSF1	508
CXCL11	CD19	404
CXCL11	MMP9	501
CXCL11	CCL19	928
CXCL11	CD8A	800
CXCL11	CCL4	917
CXCL11	SMAD3	445
CXCL11	CXCL2	999
CXCL11	IL17A	639
CXCL11	TLR7	469
CXCL11	STAT1	755
CXCL11	TNFSF13B	506
CXCL11	CXCR3	999
CXCL11	PECAM1	407
CD81	CD4	982
CD81	CCL2	419
CD81	CD38	691
CD81	IFNG	494
CD81	IL4	446
CD81	APOE	663
CD81	NT5E	728
CD81	ITGA2B	535
CD81	IL1B	531
CD81	KIT	598
CD81	TLR3	433
CD81	TLR4	608
CD81	NCAM1	519
CD81	CTNNB1	406
CD81	PRKCA	502
CD81	NOTCH1	422
CD81	CR2	998
CD81	HSPA8	870
CD81	CD8A	962
CD81	SDC1	629
CD81	PTPN11	475
CD81	CD19	999
CD81	HSPA4	959
CD81	TLR7	613
CD81	CBL	508
CD81	TP53	457
CD81	ANPEP	698
CD81	ERV3-1	576
CD81	HIF1A	584
CD81	WNT5A	435
CD81	HSP90AA1	826
CD81	EPCAM	696
CD81	PECAM1	582
CD81	ICAM1	837
CD81	CD209	762
CD81	STAT1	454
CD81	SHC1	682
CTNNB1	CD4	700
CTNNB1	TIMP1	482
CTNNB1	MMP2	803
CTNNB1	RELB	410
CTNNB1	RPS6KB1	591
CTNNB1	CCL2	571
CTNNB1	FGF6	647
CTNNB1	IFNG	713
CTNNB1	LOX	571
CTNNB1	IL4	486
CTNNB1	NR3C1	707
CTNNB1	EGR1	817
CTNNB1	FLT3	529
CTNNB1	TWIST1	812
CTNNB1	BMP4	809
CTNNB1	APOE	681
CTNNB1	KRAS	885
CTNNB1	CCNB1	624
CTNNB1	PDGFRA	756
CTNNB1	NT5E	557
CTNNB1	CDK4	795
CTNNB1	THBS1	516
CTNNB1	CCND2	560
CTNNB1	SMAD2	998
CTNNB1	AXIN1	999
CTNNB1	EP300	999
CTNNB1	IL1B	745
CTNNB1	EPCAM	670
CTNNB1	KDR	996
CTNNB1	PIK3CA	901
CTNNB1	CBL	910
CTNNB1	FGF2	718
CTNNB1	IL11	402
CTNNB1	WNT5A	869
CTNNB1	ICAM1	514
CTNNB1	LEF1	999
CTNNB1	FGF7	683
CTNNB1	TP53	927
CTNNB1	WNT3A	976
CTNNB1	CSF1R	484
CTNNB1	KIT	687
CTNNB1	WNT4	885
CTNNB1	CALM3	528
CTNNB1	STAT5B	717
CTNNB1	REL	441
CTNNB1	AXIN2	999
CTNNB1	HSPA4	662
CTNNB1	IRS1	686
CTNNB1	CXCL10	400
CTNNB1	EIF2AK3	557
CTNNB1	CYCS	576
CTNNB1	LEP	634
CTNNB1	HNF4A	999
CTNNB1	CSF1	447
CTNNB1	CASP9	621
CTNNB1	PDGFB	472
CTNNB1	SMAD3	999
CTNNB1	PDCD1	474
CTNNB1	HSP90AA1	668
CTNNB1	SMAD4	998
CTNNB1	ESR2	522
CTNNB1	E2F1	624
CTNNB1	TJP1	995
CTNNB1	H3C12	834
CTNNB1	STAT1	725
CTNNB1	MTOR	694
CTNNB1	MCL1	749
CTNNB1	NRAS	719
CTNNB1	PRKACB	957
CTNNB1	DNTT	486
CTNNB1	XIAP	535
CTNNB1	MMP9	799
CTNNB1	DKK1	963
CTNNB1	TLR4	613
CTNNB1	KLF4	991
CTNNB1	SYK	595
CTNNB1	BMI1	661
CTNNB1	WT1	626
CTNNB1	GATA3	531
CTNNB1	EDN1	500
CTNNB1	CALML5	627
CTNNB1	SDC1	418
CTNNB1	ALK	625
CTNNB1	ETS1	593
CTNNB1	BCL2L11	525
CTNNB1	KEAP1	480
CTNNB1	SPP1	661
CTNNB1	CDK1	700
CTNNB1	MAPK8	719
CTNNB1	HLA-A	511
CTNNB1	RELA	920
CTNNB1	BCL6	602
CTNNB1	CD8A	737
CTNNB1	IGF2	599
CTNNB1	FGFR1	947
CTNNB1	FGF16	672
CTNNB1	RHOA	882
CTNNB1	SHC1	620
CTNNB1	TGFA	506
CTNNB1	PRKCA	748
CTNNB1	BDNF	556
CTNNB1	BRAF	795
CTNNB1	PIK3R1	858
CTNNB1	ANGPT1	448
CTNNB1	IKBKB	843
CTNNB1	NTRK1	745
CTNNB1	TYK2	569
CTNNB1	GATA4	605
CTNNB1	HSPA8	577
CTNNB1	HIF1A	998
CTNNB1	VIM	740
CTNNB1	PECAM1	998
CTNNB1	VEGFC	463
CTNNB1	NCAM1	507
CTNNB1	BTK	616
CTNNB1	PTPN11	902
CTNNB1	IL17A	506
CTNNB1	KITLG	473
CTNNB1	FAS	576
CTNNB1	NOTCH1	976
KDR	CD4	681
KDR	TIMP1	681
KDR	MMP2	628
KDR	PIK3R2	931
KDR	CCL2	758
KDR	FGF6	929
KDR	IFNG	523
KDR	LOX	415
KDR	IL4	531
KDR	TWIST1	429
KDR	PLCG1	974
KDR	BMP4	621
KDR	APOE	460
KDR	KRAS	780
KDR	NT5E	527
KDR	THBS1	873
KDR	VWF	848
KDR	SMAD2	646
KDR	ITGA2B	530
KDR	IL1B	578
KDR	EPCAM	445
KDR	FGF7	945
KDR	FGF2	998
KDR	CASP9	406
KDR	TGFA	824
KDR	NOTCH1	601
KDR	PIK3R1	943
KDR	PRKCA	408
KDR	WNT3A	419
KDR	KIT	429
KDR	CSF1R	551
KDR	TLR4	439
KDR	WT1	449
KDR	ANGPT1	994
KDR	KLF4	527
KDR	TJP1	512
KDR	PDGFB	916
KDR	IRS1	743
KDR	MMP9	811
KDR	PTPN11	919
KDR	MTOR	583
KDR	CSF1	871
KDR	GATA4	589
KDR	RHOA	755
KDR	PDGFA	898
KDR	CD8A	556
KDR	VEGFC	999
KDR	SDC1	560
KDR	NRAS	558
KDR	HIF1A	785
KDR	HSP90AA1	954
KDR	KITLG	934
KDR	SMAD3	595
KDR	FCGR2A	583
KDR	IGF2	862
KDR	SQSTM1	402
KDR	CBL	805
KDR	EDN1	716
KDR	PIK3CB	932
KDR	PRKACB	472
KDR	HSPA4	604
KDR	ANPEP	439
KDR	SPP1	644
KDR	TP53	730
KDR	BDNF	795
KDR	IL6R	596
KDR	SMAD4	508
KDR	PIK3CA	975
KDR	FGFR1	681
KDR	WNT4	487
KDR	PDCD1	479
KDR	MCL1	445
KDR	SHC1	995
KDR	ESR2	573
KDR	SYK	412
KDR	FGF16	930
KDR	ICAM1	615
KDR	PECAM1	999
KDR	ETS1	445
SMAD4	CD4	406
SMAD4	TIMP1	446
SMAD4	MMP2	709
SMAD4	RELB	672
SMAD4	FGF6	432
SMAD4	IFNG	410
SMAD4	LOX	425
SMAD4	NR3C1	616
SMAD4	FLT3	423
SMAD4	TWIST1	847
SMAD4	PLCG1	463
SMAD4	BMP4	933
SMAD4	KRAS	917
SMAD4	PDGFRA	510
SMAD4	CDK4	552
SMAD4	THBS1	428
SMAD4	CCND2	597
SMAD4	SMAD2	999
SMAD4	AXIN1	581
SMAD4	EP300	994
SMAD4	IL1B	666
SMAD4	EPCAM	506
SMAD4	PIK3CA	805
SMAD4	FGF2	495
SMAD4	WNT5A	412
SMAD4	LEF1	999
SMAD4	FGF7	477
SMAD4	TP53	875
SMAD4	WNT3A	465
SMAD4	CSF1R	405
SMAD4	KIT	508
SMAD4	AXIN2	562
SMAD4	HNF4A	990
SMAD4	SMAD3	999
SMAD4	HSP90AA1	434
SMAD4	KLF4	709
SMAD4	TJP1	402
SMAD4	MAPK8	980
SMAD4	NOTCH1	811
SMAD4	PIK3R1	453
SMAD4	E2F1	401
SMAD4	NTRK1	417
SMAD4	NRAS	670
SMAD4	CD8A	422
SMAD4	BCL2L11	692
SMAD4	RHOA	530
SMAD4	GATA4	470
SMAD4	BRAF	756
SMAD4	MTOR	540
SMAD4	PTPN11	505
SMAD4	DKK1	423
SMAD4	MMP9	724
SMAD4	H3C12	412
SMAD4	SPP1	447
SMAD4	RELA	402
SMAD4	KEAP1	562
SMAD4	ALK	670
SMAD4	HIF1A	710
SMAD4	GATA3	422
SMAD4	ETS1	629
SMAD4	FGF16	472
SMAD4	IKBKB	407
SMAD4	SHC1	421
SMAD4	ESR2	666
SMAD4	MCL1	430
SMAD4	STAT1	420
SMAD4	FGFR1	588
SMAD4	SOS1	635
PIK3R1	CD4	499
PIK3R1	NGFR	910
PIK3R1	PIK3R2	999
PIK3R1	RPS6KB1	584
PIK3R1	CCL2	463
PIK3R1	FGF6	497
PIK3R1	IL4	442
PIK3R1	IL5	615
PIK3R1	NR3C1	638
PIK3R1	EGR1	475
PIK3R1	FLT3	956
PIK3R1	PLCG1	967
PIK3R1	KRAS	963
PIK3R1	PDGFRA	995
PIK3R1	CDK4	448
PIK3R1	VWF	569
PIK3R1	EP300	653
PIK3R1	IL1B	476
PIK3R1	PIK3CA	999
PIK3R1	CBL	999
PIK3R1	FGF2	530
PIK3R1	LEF1	460
PIK3R1	FGF7	506
PIK3R1	TP53	853
PIK3R1	FCGR2A	753
PIK3R1	CSF1R	925
PIK3R1	KIT	995
PIK3R1	CALM3	513
PIK3R1	STAT5B	609
PIK3R1	TLR3	574
PIK3R1	HSPA4	469
PIK3R1	IRS1	999
PIK3R1	EIF2AK3	617
PIK3R1	LEP	496
PIK3R1	CD19	976
PIK3R1	CD28	993
PIK3R1	CSF1	560
PIK3R1	IL3RA	416
PIK3R1	PDGFB	631
PIK3R1	HSP90AA1	788
PIK3R1	KLRD1	533
PIK3R1	ESR2	530
PIK3R1	PDGFA	490
PIK3R1	STAT1	743
PIK3R1	MTOR	956
PIK3R1	MCL1	588
PIK3R1	FCGR1A	552
PIK3R1	NRAS	956
PIK3R1	TLR4	925
PIK3R1	SYK	980
PIK3R1	GATA3	485
PIK3R1	IRF4	483
PIK3R1	ALK	973
PIK3R1	SQSTM1	674
PIK3R1	ETS1	508
PIK3R1	KEAP1	512
PIK3R1	SPP1	773
PIK3R1	MAPK8	683
PIK3R1	SOS1	927
PIK3R1	FGFR1	992
PIK3R1	FGF16	497
PIK3R1	RHOA	711
PIK3R1	SHC1	971
PIK3R1	TGFA	498
PIK3R1	BDNF	595
PIK3R1	BRAF	600
PIK3R1	NTRK1	962
PIK3R1	NOTCH1	633
PIK3R1	ANGPT1	564
PIK3R1	PTPN11	996
PIK3R1	TYK2	716
PIK3R1	KITLG	499
PIK3R1	PIK3CB	999
PIK3R1	IL17A	400
PIK3R1	BTK	947
PIK3R1	PECAM1	400
PIK3R1	VIM	681
STAT1	CD4	891
STAT1	GZMB	614
STAT1	TIMP1	574
STAT1	MMP2	412
STAT1	RELB	726
STAT1	RPS6KB1	529
STAT1	CCL2	831
STAT1	CD38	624
STAT1	SPI1	591
STAT1	IFNG	986
STAT1	IL4	891
STAT1	IL5	646
STAT1	NR3C1	701
STAT1	EGR1	837
STAT1	TNFSF10	594
STAT1	FLT3	403
STAT1	TWIST1	637
STAT1	PLCG1	580
STAT1	APOE	733
STAT1	KRAS	430
STAT1	CCNB1	578
STAT1	PDGFRA	914
STAT1	CDK4	635
STAT1	SMAD2	665
STAT1	EP300	998
STAT1	IL1B	846
STAT1	PIK3CA	740
STAT1	CBL	633
STAT1	FGF2	413
STAT1	IL11	677
STAT1	ICAM1	805
STAT1	TP53	781
STAT1	FCGR2A	425
STAT1	IL9	886
STAT1	CSF1R	745
STAT1	KIT	874
STAT1	STAT5B	958
STAT1	REL	583
STAT1	TLR3	757
STAT1	NOD2	496
STAT1	HSPA4	610
STAT1	CXCL10	949
STAT1	EIF2AK3	638
STAT1	CYCS	427
STAT1	LEP	586
STAT1	CD19	531
STAT1	CD209	660
STAT1	CALR	415
STAT1	CD28	584
STAT1	CSF1	791
STAT1	CASP9	662
STAT1	PDGFB	645
STAT1	SMAD3	849
STAT1	PDCD1	548
STAT1	HSP90AA1	868
STAT1	NLRP3	530
STAT1	IL21R	833
STAT1	E2F1	528
STAT1	PDGFA	583
STAT1	H3C12	479
STAT1	PTPN11	961
STAT1	MMP9	727
STAT1	CDK1	417
STAT1	BRAF	431
STAT1	GATA4	537
STAT1	MTOR	827
STAT1	TYK2	997
STAT1	FAS	481
STAT1	CD8A	836
STAT1	BCL2L11	406
STAT1	BCL6	732
STAT1	NOTCH1	444
STAT1	PRKCA	553
STAT1	ACE2	493
STAT1	TLR5	482
STAT1	HLA-A	768
STAT1	MAPK8	496
STAT1	TLR4	867
STAT1	FCGR1A	880
STAT1	KLF4	418
STAT1	NCAM1	709
STAT1	CYBB	562
STAT1	MCL1	714
STAT1	BTK	473
STAT1	SYK	753
STAT1	SHC1	678
STAT1	IKBKB	564
STAT1	VIM	564
STAT1	TNFSF13B	719
STAT1	PECAM1	447
STAT1	CXCR3	583
STAT1	XIAP	418
STAT1	ETS1	665
STAT1	KITLG	764
STAT1	CCL4	561
STAT1	CSF3R	683
STAT1	GATA3	831
STAT1	IRF4	810
STAT1	HIF1A	748
STAT1	RELA	864
STAT1	TLR7	702
STAT1	PIK3CB	611
STAT1	IL17A	819
STAT1	IL6R	791
STAT1	SPP1	525
STAT1	SQSTM1	526
STAT1	CXCL2	455
IFNG	CD4	991
IFNG	GZMB	956
IFNG	TIMP1	760
IFNG	MMP2	587
IFNG	RELB	514
IFNG	RPS6KB1	432
IFNG	CCL2	938
IFNG	CD38	779
IFNG	SPI1	586
IFNG	FGF6	608
IFNG	IL11	674
IFNG	STAT5B	823
IFNG	VEGFC	650
IFNG	VWF	515
IFNG	SDC1	586
IFNG	EGR1	431
IFNG	BCL2L11	514
IFNG	CD8A	990
IFNG	NCR1	890
IFNG	DNTT	501
IFNG	CR2	590
IFNG	CCL19	797
IFNG	RHOA	434
IFNG	BCL6	647
IFNG	CD33	610
IFNG	MTOR	610
IFNG	CSF1	790
IFNG	CD19	858
IFNG	BRAF	510
IFNG	MMP9	751
IFNG	PTPN11	716
IFNG	PDGFB	444
IFNG	IL5	960
IFNG	IRS1	597
IFNG	IL21R	872
IFNG	TYK2	878
IFNG	FAS	694
IFNG	ANGPT1	438
IFNG	NCAM1	863
IFNG	KLF4	403
IFNG	NOD2	770
IFNG	CALM3	446
IFNG	TJP1	598
IFNG	AOC3	776
IFNG	CSF1R	640
IFNG	FCGR1A	716
IFNG	TLR4	946
IFNG	MAPK8	658
IFNG	WT1	433
IFNG	PDGFRA	784
IFNG	TLR3	884
IFNG	KRAS	543
IFNG	CYBB	616
IFNG	ENTPD1	681
IFNG	KIT	609
IFNG	TNFSF10	633
IFNG	REL	696
IFNG	CD28	954
IFNG	NOTCH1	471
IFNG	FLT3	697
IFNG	CALML5	445
IFNG	TGFA	582
IFNG	FGF2	676
IFNG	CASP9	529
IFNG	HLA-A	774
IFNG	LEP	671
IFNG	ACE2	724
IFNG	LOX	488
IFNG	FGF7	616
IFNG	TLR5	769
IFNG	XIAP	436
IFNG	ETS1	429
IFNG	IL9	838
IFNG	ICAM1	902
IFNG	PECAM1	656
IFNG	CXCR3	914
IFNG	TNFSF13B	765
IFNG	EIF2AK3	447
IFNG	FGF16	585
IFNG	EPCAM	511
IFNG	IKBKB	580
IFNG	SYK	594
IFNG	MCL1	458
IFNG	BTK	669
IFNG	NT5E	659
IFNG	CD209	768
IFNG	IL3RA	847
IFNG	CALR	597
IFNG	NLRP3	669
IFNG	PDCD1	915
IFNG	THBS1	452
IFNG	IL1B	998
IFNG	ANPEP	423
IFNG	CYCS	570
IFNG	APOE	838
IFNG	SPP1	752
IFNG	EP300	451
IFNG	BDNF	604
IFNG	IL17A	978
IFNG	H3C12	496
IFNG	TP53	834
IFNG	CXCL10	959
IFNG	IL6R	896
IFNG	EDN1	697
IFNG	TLR7	867
IFNG	HSPA4	585
IFNG	PRKACB	448
IFNG	RELA	585
IFNG	KEAP1	459
IFNG	CXCL2	823
IFNG	NR3C1	491
IFNG	LOC102723407	465
IFNG	IL4	990
IFNG	FCGR2A	741
IFNG	KLRD1	870
IFNG	KITLG	701
IFNG	CCL4	942
IFNG	SMAD3	577
IFNG	ALK	405
IFNG	HSP90AA1	508
IFNG	WNT5A	556
IFNG	IRF4	700
IFNG	HIF1A	665
IFNG	SMAD2	539
IFNG	ERV3-1	629
IFNG	GATA3	890
IFNG	CSF3R	850
LEF1	CD4	470
LEF1	GZMB	450
LEF1	SPI1	675
LEF1	FGF6	405
LEF1	EGR1	527
LEF1	TWIST1	703
LEF1	BMP4	834
LEF1	CCND2	452
LEF1	SMAD2	978
LEF1	AXIN1	959
LEF1	EP300	981
LEF1	EPCAM	417
LEF1	FGF2	416
LEF1	WNT5A	727
LEF1	FGF16	425
LEF1	HNF4A	999
LEF1	ETS1	750
LEF1	WNT4	658
LEF1	TP53	551
LEF1	H3C12	690
LEF1	CXCL10	455
LEF1	GATA3	681
LEF1	HIF1A	415
LEF1	IRF4	526
LEF1	SMAD3	978
LEF1	RHOA	420
LEF1	BCL6	667
LEF1	CD8A	520
LEF1	STAT5B	435
LEF1	DKK1	798
LEF1	MMP9	418
LEF1	CD19	402
LEF1	WNT3A	861
LEF1	KIT	402
LEF1	WT1	532
LEF1	KLF4	433
LEF1	FGF7	473
LEF1	E2F1	732
LEF1	AXIN2	964
LEF1	NOTCH1	896
LEF1	CD28	506
REL	CD4	603
REL	RELB	998
REL	CCL2	507
REL	SPI1	770
REL	IL4	472
REL	EGR1	441
REL	EP300	903
REL	IL1B	772
REL	ICAM1	756
REL	TP53	831
REL	CALM3	747
REL	STAT5B	512
REL	CALML5	581
REL	NOTCH1	743
REL	CD28	484
REL	TLR5	446
REL	NOD2	646
REL	MAPK8	552
REL	TLR4	633
REL	TLR3	521
REL	MMP9	456
REL	TYK2	448
REL	CD8A	514
REL	HSPA8	775
REL	BCL2L11	403
REL	BCL6	563
REL	SMAD3	592
REL	IRF4	630
REL	HIF1A	469
REL	GATA3	415
REL	CXCL10	401
REL	IL17A	488
REL	H3C12	465
REL	HSPA4	511
REL	RELA	999
REL	TLR7	491
REL	LOC102723407	417
REL	SYK	464
REL	ESR2	506
REL	IKBKB	956
REL	MCL1	409
REL	ETS1	623
REL	XIAP	478
REL	TNFSF13B	553
FAS	CD4	840
FAS	NGFR	608
FAS	GZMB	720
FAS	CCL2	450
FAS	CD38	707
FAS	IL4	581
FAS	IL5	400
FAS	TNFSF10	996
FAS	PLCG1	425
FAS	PDGFRA	466
FAS	IL1B	720
FAS	ICAM1	565
FAS	TP53	877
FAS	FCGR2A	513
FAS	CALM3	667
FAS	TLR3	430
FAS	CXCL10	448
FAS	EIF2AK3	486
FAS	CYCS	787
FAS	AOC3	415
FAS	CD19	702
FAS	CD28	730
FAS	IL3RA	421
FAS	CASP9	797
FAS	PDCD1	656
FAS	CR2	640
FAS	MCL1	619
FAS	DNTT	400
FAS	XIAP	695
FAS	ENTPD1	466
FAS	CXCR3	572
FAS	TLR4	510
FAS	SYK	547
FAS	TNFSF13B	565
FAS	CALML5	549
FAS	TLR7	447
FAS	IRF4	417
FAS	SDC1	623
FAS	BCL2L11	534
FAS	SPP1	479
FAS	MAPK8	825
FAS	HLA-A	427
FAS	RELA	515
FAS	BCL6	721
FAS	CD8A	841
FAS	RHOA	788
FAS	PRKCA	499
FAS	PECAM1	433
FAS	LOC102723407	404
FAS	NCAM1	542
FAS	CCL4	409
FAS	IL17A	530
CCND2	CD4	543
CCND2	KRAS	687
CCND2	CCNB1	588
CCND2	PDGFRA	477
CCND2	CDK4	999
CCND2	MCL1	510
CCND2	PIK3CA	584
CCND2	RELA	411
CCND2	EP300	557
CCND2	H3C12	430
CCND2	TP53	641
CCND2	LOC102723407	479
CCND2	IRF4	417
CCND2	HIF1A	463
CCND2	CD8A	513
CCND2	BCL2L11	618
CCND2	NRAS	622
CCND2	STAT5B	448
CCND2	BCL6	851
CCND2	BMI1	436
CCND2	MMP9	412
CCND2	CDK1	888
CCND2	GATA4	420
CCND2	BRAF	600
CCND2	MAPK8	504
CCND2	KLF4	413
CCND2	CALM3	634
CCND2	KIT	436
CCND2	E2F1	791
CCND2	AXIN2	453
CCND2	CALML5	503
CCND2	NOTCH1	493
CCND2	FGF2	596
ENTPD1	CD4	774
ENTPD1	GZMB	664
ENTPD1	CCL2	444
ENTPD1	CD38	664
ENTPD1	IL4	526
ENTPD1	NT5E	999
ENTPD1	VWF	497
ENTPD1	CD33	413
ENTPD1	ITGA2B	697
ENTPD1	IL1B	585
ENTPD1	ICAM1	427
ENTPD1	FCGR2A	510
ENTPD1	CSF1R	476
ENTPD1	STAT5B	409
ENTPD1	CXCL10	425
ENTPD1	AOC3	575
ENTPD1	CD19	594
ENTPD1	CD28	666
ENTPD1	PDCD1	643
ENTPD1	FCGR1A	481
ENTPD1	DNTT	469
ENTPD1	CXCR3	559
ENTPD1	PECAM1	521
ENTPD1	SYK	436
ENTPD1	IL17A	600
ENTPD1	CCL4	442
ENTPD1	HIF1A	522
ENTPD1	IRF4	421
ENTPD1	CD8A	776
ENTPD1	NCAM1	469
ENTPD1	TLR4	530
ENTPD1	NTRK1	430
TLR3	CD4	786
TLR3	GZMB	469
TLR3	RELB	511
TLR3	CCL2	707
TLR3	IL4	667
TLR3	IL5	561
TLR3	TNFSF10	537
TLR3	IL1B	871
TLR3	ICAM1	559
TLR3	TP53	418
TLR3	FCGR2A	432
TLR3	IL9	408
TLR3	CSF1R	453
TLR3	STAT5B	466
TLR3	ACE2	600
TLR3	TLR5	530
TLR3	CD28	461
TLR3	NOD2	722
TLR3	NCAM1	419
TLR3	TLR4	907
TLR3	MAPK8	411
TLR3	FCGR1A	420
TLR3	TYK2	577
TLR3	CSF1	509
TLR3	CD19	502
TLR3	MMP9	432
TLR3	CCL19	426
TLR3	CD8A	745
TLR3	ERV3-1	539
TLR3	IRF4	445
TLR3	CCL4	573
TLR3	HSP90AA1	590
TLR3	CXCL2	453
TLR3	H3C12	567
TLR3	IL17A	656
TLR3	CXCL10	780
TLR3	RELA	586
TLR3	HSPA4	731
TLR3	TLR7	962
TLR3	NLRP3	760
TLR3	CALR	443
TLR3	SYK	647
TLR3	IKBKB	808
TLR3	BTK	438
TLR3	CD209	594
TLR3	TNFSF13B	519
TLR3	CXCR3	448
AXIN2	FGF6	401
AXIN2	TWIST1	603
AXIN2	BMP4	656
AXIN2	KRAS	437
AXIN2	PDGFRA	452
AXIN2	SMAD2	448
AXIN2	AXIN1	999
AXIN2	EPCAM	505
AXIN2	FGF2	611
AXIN2	WNT5A	761
AXIN2	FGF7	442
AXIN2	TP53	527
AXIN2	WNT3A	894
AXIN2	WNT4	672
AXIN2	FGF16	417
AXIN2	HNF4A	784
AXIN2	SMAD3	420
AXIN2	BRAF	438
AXIN2	BMI1	407
AXIN2	DKK1	864
AXIN2	NOTCH1	451
CCNB1	MMP2	488
CCNB1	RPS6KB1	484
CCNB1	KRAS	476
CCNB1	CDK4	940
CCNB1	XIAP	687
CCNB1	EIF2AK3	442
CCNB1	MCL1	558
CCNB1	RELA	735
CCNB1	HSPA4	468
CCNB1	CYCS	645
CCNB1	TP53	914
CCNB1	H3C12	815
CCNB1	EP300	816
CCNB1	SQSTM1	458
CCNB1	HSP90AA1	459
CCNB1	HIF1A	634
CCNB1	BCL2L11	459
CCNB1	CD8A	483
CCNB1	RHOA	402
CCNB1	MMP9	555
CCNB1	MTOR	507
CCNB1	BRAF	405
CCNB1	CDK1	999
CCNB1	PDGFB	430
CCNB1	E2F1	834
CCNB1	NOTCH1	421
CCNB1	CASP9	803
NLRP3	CD4	650
NLRP3	GZMB	416
NLRP3	CCL2	664
NLRP3	IL4	546
NLRP3	FLT3	461
NLRP3	APOE	505
NLRP3	IL1B	997
NLRP3	ICAM1	549
NLRP3	TP53	633
NLRP3	CSF1R	432
NLRP3	NOD2	669
NLRP3	CXCL10	555
NLRP3	EIF2AK3	443
NLRP3	CYCS	448
NLRP3	CASP9	587
NLRP3	HSP90AA1	990
NLRP3	KEAP1	476
NLRP3	SQSTM1	593
NLRP3	CXCL2	574
NLRP3	IL17A	612
NLRP3	TLR7	632
NLRP3	RELA	937
NLRP3	HIF1A	662
NLRP3	IRF4	553
NLRP3	CCL4	524
NLRP3	IKBKB	481
NLRP3	SYK	795
NLRP3	BTK	876
NLRP3	CYBB	574
NLRP3	MAPK8	403
NLRP3	TLR4	874
NLRP3	ACE2	532
NLRP3	TLR5	551
NLRP3	CD8A	619
NLRP3	MTOR	472
NLRP3	MMP9	479
TYK2	CD4	572
TYK2	PIK3R2	694
TYK2	CCL2	414
TYK2	IL4	846
TYK2	IL5	634
TYK2	KRAS	648
TYK2	PDGFRA	695
TYK2	IL1B	552
TYK2	PIK3CA	726
TYK2	CBL	746
TYK2	IL11	822
TYK2	TP53	400
TYK2	IL9	474
TYK2	STAT5B	984
TYK2	CXCL10	459
TYK2	IL3RA	717
TYK2	HSP90AA1	454
TYK2	IL21R	733
TYK2	IL6R	962
TYK2	CSF3R	896
TYK2	TLR4	470
TYK2	SYK	834
TYK2	TNFSF13B	406
TYK2	TLR7	545
TYK2	IRF4	413
TYK2	MAPK8	464
TYK2	RELA	431
TYK2	CD8A	521
TYK2	ACE2	419
TYK2	RHOA	522
TYK2	SHC1	675
TYK2	BDNF	500
TYK2	ANGPT1	575
TYK2	IKBKB	545
TYK2	PIK3CB	709
TYK2	IL17A	583
TYK2	PTPN11	964
BRAF	CD4	544
BRAF	NGFR	566
BRAF	GZMB	407
BRAF	MMP2	412
BRAF	RPS6KB1	569
BRAF	LOX	453
BRAF	NR3C1	515
BRAF	TWIST1	402
BRAF	KRAS	999
BRAF	CDK4	422
BRAF	VWF	559
BRAF	SMAD2	437
BRAF	AXIN1	463
BRAF	ITGA2B	560
BRAF	EP300	634
BRAF	EPCAM	507
BRAF	PIK3CA	947
BRAF	FGF2	631
BRAF	WNT5A	413
BRAF	TP53	887
BRAF	KIT	426
BRAF	CALM3	476
BRAF	STAT5B	423
BRAF	HSPA4	671
BRAF	CYCS	402
BRAF	CASP9	417
BRAF	PDCD1	696
BRAF	HSP90AA1	984
BRAF	E2F1	467
BRAF	H3C12	515
BRAF	MTOR	654
BRAF	MCL1	615
BRAF	NRAS	999
BRAF	PRKACB	922
BRAF	XIAP	429
BRAF	MMP9	483
BRAF	WT1	492
BRAF	CALML5	471
BRAF	ALK	405
BRAF	BCL2L11	783
BRAF	KEAP1	507
BRAF	HLA-A	603
BRAF	SOS1	900
BRAF	CD8A	622
BRAF	IGF2	480
BRAF	FGFR1	402
BRAF	RHOA	498
BRAF	SHC1	645
BRAF	TGFA	439
BRAF	PRKCA	937
BRAF	PIK3CB	557
BRAF	LOC102723407	486
BRAF	HIF1A	591
BRAF	VIM	458
BRAF	NCAM1	431
BRAF	NTRK1	675
BRAF	NOTCH1	668
BRAF	HSPA8	806
BRAF	PTPN11	862
IL11	CD4	480
IL11	TIMP1	422
IL11	MMP2	414
IL11	CCL2	577
IL11	FGF6	410
IL11	IL4	663
IL11	IL5	726
IL11	PDGFRA	725
IL11	SMAD2	400
IL11	IL1B	752
IL11	FGF2	526
IL11	MMP9	485
IL11	DKK1	404
IL11	CSF1	542
IL11	IL21R	743
IL11	IL3RA	699
IL11	ICAM1	452
IL11	IL9	764
IL11	CD8A	446
IL11	FGF16	412
IL11	CCL4	418
IL11	KITLG	786
IL11	LEP	412
IL11	TLR5	495
IL11	FGF7	494
IL11	CSF3R	771
IL11	HIF1A	495
IL11	FCGR1A	426
IL11	SPP1	499
IL11	IL6R	993
IL11	CXCL10	448
IL11	IL17A	640
IL11	KIT	400
SMAD3	CD4	568
SMAD3	TIMP1	597
SMAD3	MMP2	595
SMAD3	RELB	508
SMAD3	RPS6KB1	432
SMAD3	CCL2	515
SMAD3	SPI1	676
SMAD3	FGF6	461
SMAD3	LOX	468
SMAD3	IL4	479
SMAD3	NR3C1	942
SMAD3	EGR1	557
SMAD3	TWIST1	525
SMAD3	BMP4	663
SMAD3	KRAS	468
SMAD3	PDGFRA	539
SMAD3	CDK4	892
SMAD3	THBS1	535
SMAD3	SMAD2	999
SMAD3	AXIN1	785
SMAD3	EP300	999
SMAD3	IL1B	637
SMAD3	PIK3CA	531
SMAD3	FGF2	533
SMAD3	WNT5A	431
SMAD3	ICAM1	444
SMAD3	FGF7	498
SMAD3	TP53	963
SMAD3	IL9	598
SMAD3	WNT3A	418
SMAD3	STAT5B	497
SMAD3	HSPA4	686
SMAD3	IRS1	454
SMAD3	LEP	400
SMAD3	HNF4A	957
SMAD3	CD28	400
SMAD3	CASP9	421
SMAD3	ETS1	816
SMAD3	PECAM1	479
SMAD3	VIM	415
SMAD3	FGF16	482
SMAD3	IKBKB	435
SMAD3	ESR2	553
SMAD3	SPP1	438
SMAD3	H3C12	452
SMAD3	IL17A	479
SMAD3	EDN1	465
SMAD3	RELA	950
SMAD3	PRKACB	595
SMAD3	KEAP1	589
SMAD3	SQSTM1	494
SMAD3	ALK	452
SMAD3	IRF4	414
SMAD3	HIF1A	975
SMAD3	GATA3	782
SMAD3	BCL2L11	694
SMAD3	CD8A	507
SMAD3	RHOA	550
SMAD3	MTOR	670
SMAD3	GATA4	624
SMAD3	DKK1	409
SMAD3	MMP9	682
SMAD3	PTPN11	731
SMAD3	KLF4	484
SMAD3	TJP1	458
SMAD3	TLR4	630
SMAD3	MAPK8	977
SMAD3	CYBB	433
SMAD3	NOTCH1	958
SMAD3	E2F1	728
NT5E	CD4	736
NT5E	NGFR	668
NT5E	GZMB	516
NT5E	TIMP1	584
NT5E	CCL2	538
NT5E	CD38	702
NT5E	FGF6	492
NT5E	IL4	540
NT5E	BMP4	450
NT5E	APOE	529
NT5E	PDGFRA	523
NT5E	ICAM1	607
NT5E	PECAM1	840
NT5E	CXCR3	437
NT5E	FGF16	472
NT5E	EPCAM	464
NT5E	PDCD1	563
NT5E	IL1B	614
NT5E	TP53	400
NT5E	BDNF	451
NT5E	IL17A	563
NT5E	CXCL10	422
NT5E	ANPEP	785
NT5E	CYCS	869
NT5E	SPP1	623
NT5E	KITLG	426
NT5E	ERV3-1	418
NT5E	HIF1A	582
NT5E	SDC1	430
NT5E	VWF	479
NT5E	CD8A	667
NT5E	DNTT	475
NT5E	CD33	490
NT5E	CSF1	408
NT5E	CD19	816
NT5E	MTOR	503
NT5E	BMI1	414
NT5E	DKK1	412
NT5E	MMP9	407
NT5E	NCAM1	734
NT5E	KLF4	461
NT5E	ANGPT1	465
NT5E	TLR4	574
NT5E	KIT	644
NT5E	CD28	554
NT5E	FGF2	692
NT5E	FGF7	540
HNF4A	MMP2	410
HNF4A	FGF6	458
HNF4A	NR3C1	670
HNF4A	TWIST1	418
HNF4A	BMP4	559
HNF4A	KRAS	448
HNF4A	SMAD2	875
HNF4A	AXIN1	926
HNF4A	EP300	978
HNF4A	IL1B	402
HNF4A	EPCAM	693
HNF4A	FGF2	490
HNF4A	WNT5A	670
HNF4A	FGF7	455
HNF4A	TP53	868
HNF4A	WNT3A	792
HNF4A	WNT4	583
HNF4A	STAT5B	439
HNF4A	HSPA4	421
HNF4A	IRS1	526
HNF4A	H3C12	484
HNF4A	PRKACB	418
HNF4A	IGF2	592
HNF4A	HSP90AA1	447
HNF4A	HIF1A	844
HNF4A	FGF16	457
HNF4A	KLF4	479
HNF4A	TJP1	416
HNF4A	MAPK8	533
HNF4A	NOTCH1	650
HNF4A	E2F1	437
HNF4A	RHOA	447
HNF4A	GATA4	612
HNF4A	DKK1	724
HNF4A	MMP9	466
HNF4A	BMI1	537
LEP	CD4	575
LEP	TIMP1	507
LEP	MMP2	446
LEP	PIK3R2	452
LEP	RPS6KB1	494
LEP	CCL2	769
LEP	FGF6	447
LEP	LOX	464
LEP	IL4	627
LEP	IL5	506
LEP	NR3C1	670
LEP	APOE	715
LEP	PDGFRA	736
LEP	VWF	409
LEP	CD33	752
LEP	EP300	595
LEP	IL1B	854
LEP	FGF2	644
LEP	ICAM1	578
LEP	FGF7	485
LEP	TP53	545
LEP	STAT5B	726
LEP	IRS1	963
LEP	CXCL10	540
LEP	CYCS	489
LEP	IL3RA	668
LEP	CD209	440
LEP	ESR2	595
LEP	IKBKB	489
LEP	FGF16	446
LEP	PECAM1	458
LEP	CSF3R	701
LEP	HIF1A	682
LEP	CCL4	416
LEP	KITLG	547
LEP	IGF2	816
LEP	PRKACB	642
LEP	EDN1	644
LEP	IL6R	770
LEP	BDNF	732
LEP	IL17A	582
LEP	SPP1	764
LEP	IL21R	672
LEP	PTPN11	808
LEP	MMP9	649
LEP	MTOR	731
LEP	CD8A	512
LEP	ACE2	416
LEP	TGFA	607
LEP	NOTCH1	411
LEP	TLR4	692
LEP	MAPK8	418
CXCL2	CD4	639
CXCL2	TIMP1	479
CXCL2	MMP2	400
CXCL2	RELB	417
CXCL2	CCL2	929
CXCL2	IL4	599
CXCL2	IL5	501
CXCL2	EGR1	476
CXCL2	APOE	480
CXCL2	IL1B	968
CXCL2	FGF2	422
CXCL2	ICAM1	704
CXCL2	FCGR2A	556
CXCL2	IL9	426
CXCL2	ANPEP	530
CXCL2	NOD2	404
CXCL2	CXCL10	965
CXCL2	CCL19	863
CXCL2	CSF1	711
CXCL2	MMP9	566
CXCL2	CXCR3	962
CXCL2	TLR4	849
CXCL2	SDC1	501
CXCL2	RELA	953
CXCL2	CD8A	588
CXCL2	IL17A	675
CXCL2	TLR5	523
CXCL2	HIF1A	425
CXCL2	CCL4	874
CXCL2	PECAM1	427
NCR1	CD4	737
NCR1	GZMB	753
NCR1	CCL2	401
NCR1	CD38	482
NCR1	IL4	490
NCR1	IL5	506
NCR1	TNFSF10	447
NCR1	CD33	458
NCR1	IL1B	480
NCR1	FCGR2A	510
NCR1	KIT	566
NCR1	CCL4	444
NCR1	CD28	543
NCR1	HLA-A	480
NCR1	GATA3	602
NCR1	ERV3-1	517
NCR1	FCGR1A	711
NCR1	AOC3	625
NCR1	CXCL10	446
NCR1	IL17A	592
NCR1	NCAM1	903
NCR1	KLRD1	907
NCR1	PTPN11	536
NCR1	CD19	746
NCR1	SYK	649
NCR1	PDCD1	482
NCR1	IL3RA	404
NCR1	CD8A	790
NCR1	CXCR3	550
NCR1	BCL2L11	410
MCL1	CD4	503
MCL1	GZMB	931
MCL1	MMP2	434
MCL1	RPS6KB1	552
MCL1	CD38	436
MCL1	EGR1	414
MCL1	TNFSF10	699
MCL1	FLT3	606
MCL1	KRAS	629
MCL1	CDK4	598
MCL1	AXIN1	510
MCL1	EP300	675
MCL1	IL1B	525
MCL1	PIK3CA	492
MCL1	TP53	918
MCL1	KIT	544
MCL1	STAT5B	624
MCL1	HSPA4	720
MCL1	EIF2AK3	541
MCL1	CYCS	817
MCL1	CD19	447
MCL1	CASP9	829
MCL1	HSP90AA1	838
MCL1	E2F1	527
MCL1	H3C12	435
MCL1	MTOR	583
MCL1	IL6R	467
MCL1	CDK1	790
MCL1	PTPN11	404
MCL1	MMP9	529
MCL1	DNTT	404
MCL1	BCL6	514
MCL1	SDC1	400
MCL1	NRAS	554
MCL1	CD8A	475
MCL1	HSPA8	684
MCL1	BCL2L11	999
MCL1	NOTCH1	546
MCL1	KLF4	420
MCL1	MAPK8	517
MCL1	TLR4	456
MCL1	SYK	465
MCL1	IKBKB	436
MCL1	BTK	541
MCL1	XIAP	809
MCL1	VIM	517
MCL1	TNFSF13B	482
MCL1	HIF1A	825
MCL1	IRF4	637
MCL1	ALK	412
MCL1	SQSTM1	550
MCL1	LOC102723407	708
MCL1	RELA	470
DNTT	CD4	726
DNTT	CD38	579
DNTT	FLT3	413
DNTT	CD33	661
DNTT	IL1B	615
DNTT	FGF2	464
DNTT	TP53	694
DNTT	KIT	639
DNTT	ANPEP	779
DNTT	HSPA4	424
DNTT	CYCS	678
DNTT	CD19	772
DNTT	IL3RA	480
DNTT	CASP9	707
DNTT	H3C12	463
DNTT	MTOR	429
DNTT	CR2	438
DNTT	FCGR1A	434
DNTT	SDC1	418
DNTT	BCL2L11	418
DNTT	CD8A	592
DNTT	BCL6	698
DNTT	MMP9	458
DNTT	NCAM1	608
DNTT	TLR4	412
DNTT	XIAP	421
DNTT	PECAM1	618
DNTT	BDNF	471
DNTT	LOC102723407	609
DNTT	HIF1A	452
SPI1	CD4	696
SPI1	RELB	452
SPI1	CCL2	430
SPI1	CD38	412
SPI1	IL5	430
SPI1	CD19	585
SPI1	CSF1	712
SPI1	PTPN11	400
SPI1	MMP9	458
SPI1	CD33	538
SPI1	BCL6	863
SPI1	STAT5B	658
SPI1	CD8A	539
SPI1	EGR1	481
SPI1	TLR5	413
SPI1	FLT3	965
SPI1	NOTCH1	476
SPI1	KIT	672
SPI1	CYBB	655
SPI1	NOD2	469
SPI1	KLF4	651
SPI1	MAPK8	415
SPI1	TLR4	654
SPI1	FCGR1A	949
SPI1	CSF1R	992
SPI1	IL1B	626
SPI1	SYK	521
SPI1	BTK	684
SPI1	ETS1	492
SPI1	TNFSF13B	414
SPI1	CXCR3	487
SPI1	PECAM1	408
SPI1	IL9	649
SPI1	IRF4	998
SPI1	CSF3R	918
SPI1	GATA3	828
SPI1	CCL4	400
SPI1	KITLG	447
SPI1	IL4	572
SPI1	LOC102723407	458
SPI1	ITGA2B	463
SPI1	FCGR2A	467
SPI1	TP53	495
SPI1	H3C12	711
SPI1	IL17A	418
SPI1	EP300	946
SPI1	RELA	689
SPI1	TLR7	520
CD209	CD4	840
CD209	CCL2	537
CD209	IL4	679
CD209	KRAS	534
CD209	THBS1	530
CD209	CD33	430
CD209	IL1B	624
CD209	ICAM1	894
CD209	FCGR2A	708
CD209	CSF1R	482
CD209	NOD2	434
CD209	HSPA4	430
CD209	CXCL10	519
CD209	CCL19	462
CD209	CD19	516
CD209	NCAM1	475
CD209	FCGR1A	584
CD209	TLR4	779
CD209	CD28	408
CD209	TLR5	414
CD209	ACE2	779
CD209	SDC1	551
CD209	NRAS	520
CD209	CD8A	668
CD209	RHOA	918
CD209	CSF1	487
CD209	IL17A	484
CD209	TLR7	638
CD209	CCL4	447
CD209	SYK	717
CD209	IL3RA	559
DKK1	FGF6	489
DKK1	TWIST1	402
DKK1	BMP4	717
DKK1	SMAD2	423
DKK1	AXIN1	831
DKK1	IL1B	569
DKK1	FGF2	607
DKK1	WNT5A	942
DKK1	FGF7	536
DKK1	TP53	480
DKK1	WNT3A	967
DKK1	WNT4	905
DKK1	CYCS	455
DKK1	MMP9	668
DKK1	FGF16	476
DKK1	EDN1	403
DKK1	SPP1	583
DKK1	GATA4	405
DKK1	SDC1	519
DKK1	NOTCH1	423
DKK1	KLF4	405
CD28	CD4	971
CD28	GZMB	792
CD28	PIK3R2	933
CD28	CCL2	547
CD28	CD38	856
CD28	IL4	896
CD28	IL5	776
CD28	PLCG1	578
CD28	CD33	620
CD28	IL1B	808
CD28	EPCAM	400
CD28	PIK3CA	940
CD28	ICAM1	977
CD28	TP53	486
CD28	FCGR2A	712
CD28	IL9	518
CD28	KIT	560
CD28	STAT5B	605
CD28	CXCL10	611
CD28	CCL19	464
CD28	AOC3	772
CD28	CD19	842
CD28	KLRD1	599
CD28	TLR4	540
CD28	TLR7	529
CD28	FCGR1A	580
CD28	PIK3CB	917
CD28	IL17A	867
CD28	NCAM1	745
CD28	IL6R	456
CD28	GATA3	630
CD28	HLA-A	620
CD28	ERV3-1	658
CD28	IRF4	657
CD28	HIF1A	433
CD28	CCL4	576
CD28	BCL6	590
CD28	CR2	500
CD28	TNFSF13B	515
CD28	CD8A	961
CD28	BCL2L11	450
CD28	CXCR3	803
CD28	PECAM1	496
CD28	SDC1	507
CD28	IL21R	599
CD28	PDCD1	936
CD28	IL3RA	571
CD28	BTK	444
CD28	PTPN11	592
CD28	SYK	471
CD28	CSF1	452
CD28	MTOR	513
HLA-A	CD4	864
HLA-A	GZMB	618
HLA-A	CD38	445
HLA-A	IL4	510
HLA-A	FLT3	582
HLA-A	KRAS	479
HLA-A	CD33	481
HLA-A	IL1B	470
HLA-A	PIK3CA	561
HLA-A	ICAM1	460
HLA-A	TP53	770
HLA-A	CXCL10	451
HLA-A	CD19	602
HLA-A	CALR	997
HLA-A	PDCD1	524
HLA-A	HSP90AA1	441
HLA-A	KLRD1	952
HLA-A	NRAS	410
HLA-A	WT1	724
HLA-A	ACE2	571
HLA-A	NCAM1	607
HLA-A	CD8A	999
HLA-A	CCL4	446
HLA-A	RELA	411
HLA-A	LOC102723407	958
HLA-A	VIM	493
HLA-A	PECAM1	424
PIK3R2	NGFR	906
PIK3R2	PLCG1	926
PIK3R2	FGF7	475
PIK3R2	FGF2	643
PIK3R2	NTRK1	930
PIK3R2	FLT3	922
PIK3R2	KRAS	946
PIK3R2	KIT	968
PIK3R2	CSF1R	410
PIK3R2	TLR4	912
PIK3R2	MAPK8	486
PIK3R2	FCGR1A	514
PIK3R2	PDGFRA	938
PIK3R2	ANGPT1	703
PIK3R2	PDGFB	464
PIK3R2	IL5	511
PIK3R2	IRS1	990
PIK3R2	RPS6KB1	438
PIK3R2	PTPN11	960
PIK3R2	MTOR	944
PIK3R2	CD19	944
PIK3R2	RHOA	663
PIK3R2	PDGFA	452
PIK3R2	NRAS	933
PIK3R2	ALK	927
PIK3R2	HSP90AA1	578
PIK3R2	KITLG	507
PIK3R2	FCGR2A	499
PIK3R2	KLRD1	506
PIK3R2	IL4	412
PIK3R2	CBL	954
PIK3R2	PIK3CB	999
PIK3R2	FGF6	475
PIK3R2	EP300	468
PIK3R2	FGFR1	948
PIK3R2	PIK3CA	999
PIK3R2	SOS1	613
PIK3R2	IL3RA	416
PIK3R2	BTK	925
PIK3R2	SHC1	731
PIK3R2	ESR2	435
PIK3R2	SYK	964
PIK3R2	FGF16	474
IKBKB	CD4	528
IKBKB	NGFR	831
IKBKB	RELB	886
IKBKB	CCL2	593
IKBKB	IL4	480
IKBKB	IL5	536
IKBKB	TWIST1	456
IKBKB	KRAS	451
IKBKB	SMAD2	431
IKBKB	EP300	474
IKBKB	IL1B	865
IKBKB	FGF2	438
IKBKB	ICAM1	528
IKBKB	TP53	933
IKBKB	CALM3	541
IKBKB	STAT5B	508
IKBKB	NOD2	807
IKBKB	HSPA4	613
IKBKB	IRS1	981
IKBKB	CXCL10	419
IKBKB	EIF2AK3	918
IKBKB	CYCS	450
IKBKB	CASP9	517
IKBKB	HSP90AA1	975
IKBKB	H3C12	611
IKBKB	MTOR	769
IKBKB	XIAP	858
IKBKB	MMP9	554
IKBKB	TLR4	903
IKBKB	TNFSF13B	496
IKBKB	CYBB	413
IKBKB	TLR7	568
IKBKB	SQSTM1	854
IKBKB	KEAP1	997
IKBKB	MAPK8	605
IKBKB	RELA	999
IKBKB	CD8A	452
IKBKB	RHOA	400
IKBKB	PRKCA	418
IKBKB	BTK	920
IKBKB	IL17A	448
IKBKB	HIF1A	659
IKBKB	HSPA8	483
IKBKB	PTPN11	638
IKBKB	NOTCH1	415
IKBKB	TLR5	481
CALR	CD4	609
CALR	GZMB	419
CALR	CCL2	408
CALR	NR3C1	434
CALR	FLT3	503
CALR	APOE	593
CALR	KRAS	502
CALR	THBS1	988
CALR	VWF	710
CALR	IL1B	479
CALR	ICAM1	588
CALR	TP53	556
CALR	KIT	432
CALR	CALM3	713
CALR	STAT5B	620
CALR	ANPEP	445
CALR	HSPA4	955
CALR	CXCL10	421
CALR	EIF2AK3	714
CALR	CYCS	495
CALR	HSP90AA1	968
CALR	CSF3R	579
CALR	ERV3-1	562
CALR	MMP9	753
CALR	PTPN11	454
CALR	CSF1	571
CALR	CD8A	801
CALR	HSPA8	718
CALR	NRAS	481
CALR	CALML5	674
CALR	CASP9	429
CALR	TLR4	953
CALR	WT1	407
CASP9	CD4	448
CASP9	MMP2	589
CASP9	RPS6KB1	595
CASP9	CCL2	401
CASP9	TNFSF10	769
CASP9	KRAS	628
CASP9	CDK4	661
CASP9	SMAD2	446
CASP9	IL1B	826
CASP9	PIK3CA	583
CASP9	FGF2	408
CASP9	ICAM1	408
CASP9	TP53	953
CASP9	STAT5B	414
CASP9	HSPA4	595
CASP9	EIF2AK3	616
CASP9	CYCS	999
CASP9	CD19	450
CASP9	ESR2	410
CASP9	XIAP	999
CASP9	HIF1A	746
CASP9	HSP90AA1	541
CASP9	SQSTM1	613
CASP9	KEAP1	637
CASP9	PIK3CB	550
CASP9	RELA	462
CASP9	H3C12	466
CASP9	BDNF	435
CASP9	MMP9	654
CASP9	MTOR	738
CASP9	CDK1	763
CASP9	RHOA	419
CASP9	BCL2L11	864
CASP9	CD8A	455
CASP9	E2F1	474
CASP9	MAPK8	727
CASP9	TLR4	587
CCL2	CD4	839
CCL2	GZMB	599
CCL2	TIMP1	867
CCL2	MMP2	704
CCL2	RELB	553
CCL2	CYBB	639
CCL2	TNFSF10	517
CCL2	KIT	687
CCL2	KRAS	410
CCL2	PDGFRA	645
CCL2	FCGR1A	588
CCL2	MAPK8	527
CCL2	TLR4	847
CCL2	AOC3	401
CCL2	CSF1R	860
CCL2	TJP1	531
CCL2	KLF4	438
CCL2	NCAM1	518
CCL2	NOD2	537
CCL2	ANGPT1	542
CCL2	TLR5	514
CCL2	ACE2	712
CCL2	FGF7	639
CCL2	LOX	710
CCL2	FGF2	732
CCL2	TGFA	577
CCL2	NTRK1	609
CCL2	NOTCH1	418
CCL2	CD33	466
CCL2	RHOA	486
CCL2	CCL19	892
CCL2	PDGFA	404
CCL2	CD8A	800
CCL2	EGR1	493
CCL2	VWF	593
CCL2	VEGFC	529
CCL2	STAT5B	456
CCL2	CD38	486
CCL2	IRS1	507
CCL2	IL5	862
CCL2	PDGFB	528
CCL2	PTPN11	564
CCL2	MMP9	809
CCL2	CD19	594
CCL2	CSF1	833
CCL2	MTOR	511
CCL2	FCGR2A	682
CCL2	IL4	921
CCL2	KEAP1	412
CCL2	PRKACB	419
CCL2	HSPA4	447
CCL2	RELA	987
CCL2	TLR7	681
CCL2	EDN1	791
CCL2	CXCL10	965
CCL2	IL6R	732
CCL2	IL17A	874
CCL2	BDNF	597
CCL2	TP53	600
CCL2	H3C12	425
CCL2	APOE	746
CCL2	FGF6	610
CCL2	SPP1	726
CCL2	CYCS	447
CCL2	CSF3R	487
CCL2	GATA3	433
CCL2	ERV3-1	400
CCL2	SMAD2	492
CCL2	HIF1A	692
CCL2	HSP90AA1	400
CCL2	CCL4	787
CCL2	KITLG	533
CCL2	FGF16	610
CCL2	EIF2AK3	431
CCL2	TNFSF13B	570
CCL2	CXCR3	998
CCL2	PECAM1	670
CCL2	IL9	761
CCL2	ICAM1	928
CCL2	THBS1	742
CCL2	IL1B	970
CCL2	PDCD1	509
CCL2	SYK	452
BCL6	CD4	799
BCL6	GZMB	608
BCL6	RELB	478
BCL6	CD38	695
BCL6	IL4	757
BCL6	IL5	478
BCL6	TWIST1	616
BCL6	EP300	643
BCL6	IL1B	439
BCL6	TP53	957
BCL6	IL9	401
BCL6	KIT	451
BCL6	STAT5B	671
BCL6	AOC3	417
BCL6	CD19	826
BCL6	PDCD1	595
BCL6	HSP90AA1	783
BCL6	IL21R	774
BCL6	H3C12	413
BCL6	CR2	726
BCL6	IL6R	504
BCL6	CXCR3	586
BCL6	TLR4	480
BCL6	KLF4	474
BCL6	SYK	488
BCL6	TNFSF13B	580
BCL6	BMI1	463
BCL6	GATA3	697
BCL6	TLR7	441
BCL6	IRF4	942
BCL6	SDC1	820
BCL6	ALK	545
BCL6	BCL2L11	485
BCL6	RELA	433
BCL6	HIF1A	626
BCL6	CCL4	446
BCL6	LOC102723407	913
BCL6	IL17A	603
BCL6	BTK	522
BCL6	NOTCH1	525
BCL6	NCAM1	530
BCL6	CD8A	702
BCL6	VEGFC	426
IL6R	CD4	670
IL6R	CD38	439
IL6R	IL4	905
IL6R	IL5	793
IL6R	PLCG1	910
IL6R	IL1B	975
IL6R	CBL	532
IL6R	ICAM1	681
IL6R	FCGR2A	404
IL6R	IL9	772
IL6R	CSF1R	580
IL6R	STAT5B	511
IL6R	CXCL10	497
IL6R	CD19	483
IL6R	CSF1	571
IL6R	PDGFB	715
IL6R	HSP90AA1	500
IL6R	IL21R	547
IL6R	PDGFA	695
IL6R	CD8A	592
IL6R	PTPN11	805
IL6R	MMP9	487
IL6R	TLR4	712
IL6R	ANGPT1	440
IL6R	NTRK1	478
IL6R	ACE2	447
IL6R	TNFSF13B	465
IL6R	CXCR3	410
IL6R	SHC1	942
IL6R	FGFR1	457
IL6R	BDNF	410
IL6R	IL17A	630
IL6R	CCL4	455
IL6R	KITLG	563
IL6R	CSF3R	840
IL6R	IRF4	462
IL5	CD4	930
IL5	GZMB	592
IL5	TIMP1	445
IL5	CD38	441
IL5	FGF6	627
IL5	IL4	988
IL5	TGFA	566
IL5	KITLG	571
IL5	CCL4	826
IL5	FGF7	509
IL5	CSF3R	728
IL5	ACE2	418
IL5	TLR5	427
IL5	GATA3	876
IL5	FGF2	616
IL5	IRF4	520
IL5	PDGFRA	775
IL5	CSF1R	538
IL5	AOC3	507
IL5	TLR4	677
IL5	TLR7	536
IL5	FCGR1A	432
IL5	PIK3CB	421
IL5	NOD2	435
IL5	IL17A	939
IL5	NCAM1	510
IL5	CXCL10	801
IL5	APOE	590
IL5	FCGR2A	493
IL5	KIT	519
IL5	KRAS	488
IL5	PTPN11	607
IL5	MMP9	532
IL5	SYK	406
IL5	CSF1	624
IL5	CD19	670
IL5	SHC1	490
IL5	PIK3CA	441
IL5	IL21R	763
IL5	SOS1	417
IL5	IL1B	998
IL5	PDCD1	444
IL5	IL3RA	937
IL5	TNFSF13B	542
IL5	CD8A	865
IL5	ICAM1	622
IL5	IL9	995
IL5	EGR1	417
IL5	CXCR3	583
IL5	NRAS	428
IL5	STAT5B	777
IL5	FGF16	647
IL5	CCL19	476
KLF4	FGF6	453
KLF4	LOX	402
KLF4	NR3C1	573
KLF4	EGR1	531
KLF4	TWIST1	489
KLF4	BMP4	645
KLF4	APOE	436
KLF4	KRAS	438
KLF4	PDGFRA	406
KLF4	SMAD2	832
KLF4	EP300	945
KLF4	IL1B	464
KLF4	EPCAM	515
KLF4	FGF2	743
KLF4	ICAM1	430
KLF4	FGF7	465
KLF4	TP53	925
KLF4	WNT3A	456
KLF4	KIT	538
KLF4	E2F1	499
KLF4	TJP1	421
KLF4	H3C12	539
KLF4	MMP9	459
KLF4	TLR4	439
KLF4	IRF4	662
KLF4	HIF1A	542
KLF4	GATA3	509
KLF4	KITLG	435
KLF4	BDNF	433
KLF4	RELA	558
KLF4	FGF16	442
KLF4	ETS1	439
KLF4	VIM	409
KLF4	PECAM1	533
KLF4	NOTCH1	602
KLF4	MAPK8	534
KLF4	GATA4	652
KLF4	BMI1	642
CCL4	CD4	939
CCL4	GZMB	748
CCL4	TIMP1	656
CCL4	CD38	511
CCL4	FGF6	472
CCL4	IL4	805
CCL4	TNFSF10	504
CCL4	IL1B	940
CCL4	FGF2	608
CCL4	ICAM1	763
CCL4	FGF7	486
CCL4	FCGR2A	461
CCL4	IL9	799
CCL4	CSF1R	711
CCL4	NOD2	439
CCL4	CXCL10	959
CCL4	CCL19	782
CCL4	CD19	563
CCL4	CSF1	683
CCL4	IL3RA	425
CCL4	PDCD1	502
CCL4	IL21R	604
CCL4	KLRD1	505
CCL4	FCGR1A	474
CCL4	MMP9	618
CCL4	CXCR3	995
CCL4	TLR4	749
CCL4	SYK	423
CCL4	TNFSF13B	520
CCL4	TLR7	579
CCL4	SPP1	430
CCL4	CD8A	889
CCL4	ACE2	435
CCL4	FGF16	447
CCL4	TGFA	571
CCL4	PECAM1	506
CCL4	NCAM1	577
CCL4	TLR5	437
CCL4	NOTCH1	475
CCL4	KITLG	433
CCL4	IL17A	822
CCL4	BTK	419
SPP1	CD4	507
SPP1	TIMP1	781
SPP1	MMP2	843
SPP1	FGF6	544
SPP1	LOX	515
SPP1	IL4	529
SPP1	BMP4	740
SPP1	APOE	572
SPP1	PDGFRA	402
SPP1	THBS1	731
SPP1	VWF	807
SPP1	SMAD2	480
SPP1	ITGA2B	733
SPP1	IL1B	685
SPP1	EPCAM	401
SPP1	FGF2	636
SPP1	WNT5A	411
SPP1	ICAM1	545
SPP1	FGF7	729
SPP1	TP53	626
SPP1	WNT3A	418
SPP1	CSF1R	436
SPP1	KIT	437
SPP1	CXCL10	480
SPP1	CYCS	549
SPP1	CSF1	550
SPP1	PDGFB	668
SPP1	E2F1	431
SPP1	PDGFA	662
SPP1	MMP9	947
SPP1	TLR4	490
SPP1	EDN1	693
SPP1	TLR7	518
SPP1	SDC1	520
SPP1	RHOA	420
SPP1	CD8A	475
SPP1	NOTCH1	407
SPP1	TGFA	630
SPP1	ANGPT1	540
SPP1	FGF16	518
SPP1	VIM	607
SPP1	PECAM1	595
SPP1	HIF1A	596
SPP1	KITLG	448
SPP1	IGF2	853
SPP1	IL17A	551
SMAD2	CD4	507
SMAD2	TIMP1	600
SMAD2	MMP2	620
SMAD2	RELB	475
SMAD2	RPS6KB1	475
SMAD2	FGF6	518
SMAD2	LOX	453
SMAD2	IL4	447
SMAD2	NR3C1	789
SMAD2	EGR1	508
SMAD2	TWIST1	555
SMAD2	BMP4	804
SMAD2	KRAS	556
SMAD2	CDK4	582
SMAD2	THBS1	534
SMAD2	GATA3	420
SMAD2	WNT5A	453
SMAD2	HIF1A	580
SMAD2	IRF4	628
SMAD2	AXIN1	632
SMAD2	ALK	555
SMAD2	KEAP1	566
SMAD2	EDN1	456
SMAD2	HSPA4	491
SMAD2	EP300	987
SMAD2	IL17A	446
SMAD2	H3C12	449
SMAD2	TP53	993
SMAD2	IL1B	627
SMAD2	FGFR1	412
SMAD2	PIK3CA	583
SMAD2	FGF16	538
SMAD2	EIF2AK3	432
SMAD2	PECAM1	535
SMAD2	IL9	569
SMAD2	ICAM1	427
SMAD2	VIM	472
SMAD2	ETS1	649
SMAD2	FGF7	532
SMAD2	FGF2	604
SMAD2	PRKCA	568
SMAD2	NOTCH1	663
SMAD2	CALML5	543
SMAD2	WNT3A	505
SMAD2	TLR4	482
SMAD2	MAPK8	493
SMAD2	TJP1	487
SMAD2	CALM3	604
SMAD2	MMP9	696
SMAD2	MTOR	663
SMAD2	GATA4	455
SMAD2	CDK1	579
SMAD2	RHOA	731
SMAD2	BCL2L11	406
SMAD2	CD8A	478
SMAD2	STAT5B	448
CXCR3	CD4	864
CXCR3	GZMB	767
CXCR3	TIMP1	500
CXCR3	CD38	651
CXCR3	IL4	785
CXCR3	IL1B	843
CXCR3	ICAM1	742
CXCR3	FCGR2A	454
CXCR3	IL9	446
CXCR3	CSF1R	416
CXCR3	STAT5B	410
CXCR3	CXCL10	999
CXCR3	CCL19	987
CXCR3	AOC3	540
CXCR3	CD19	715
CXCR3	CSF1	403
CXCR3	IL3RA	465
CXCR3	PDCD1	715
CXCR3	IL21R	569
CXCR3	KLRD1	520
CXCR3	CR2	489
CXCR3	FCGR1A	407
CXCR3	MMP9	454
CXCR3	NCAM1	626
CXCR3	IL17A	726
CXCR3	TLR4	490
CXCR3	TLR7	511
CXCR3	IRF4	553
CXCR3	TLR5	506
CXCR3	GATA3	586
CXCR3	SDC1	416
CXCR3	CD8A	910
CXCR3	TNFSF13B	484
CXCR3	PECAM1	481
FCGR1A	CD4	902
FCGR1A	GZMB	482
FCGR1A	CD38	760
FCGR1A	IL4	609
FCGR1A	FLT3	564
FCGR1A	PLCG1	560
FCGR1A	CD33	747
FCGR1A	ITGA2B	452
FCGR1A	IL1B	651
FCGR1A	EPCAM	418
FCGR1A	PIK3CA	594
FCGR1A	CBL	405
FCGR1A	ICAM1	524
FCGR1A	FCGR2A	923
FCGR1A	CSF1R	712
FCGR1A	KIT	726
FCGR1A	ANPEP	820
FCGR1A	CXCL10	613
FCGR1A	AOC3	542
FCGR1A	CD19	821
FCGR1A	CSF1	676
FCGR1A	IL3RA	776
FCGR1A	PDGFA	498
FCGR1A	MMP9	423
FCGR1A	CD8A	678
FCGR1A	SDC1	617
FCGR1A	NOTCH1	530
FCGR1A	TLR5	467
FCGR1A	TLR4	643
FCGR1A	NCAM1	822
FCGR1A	CYBB	472
FCGR1A	SHC1	613
FCGR1A	SYK	986
FCGR1A	PECAM1	555
FCGR1A	TNFSF13B	472
FCGR1A	IRF4	400
FCGR1A	PIK3CB	539
FCGR1A	TLR7	561
FCGR1A	IL17A	504
FCGR1A	IGF2	943
FCGR1A	LOC102723407	922
STAT5B	CD4	833
STAT5B	GZMB	555
STAT5B	RELB	438
STAT5B	RPS6KB1	437
STAT5B	CD38	441
STAT5B	IL4	749
STAT5B	NR3C1	835
STAT5B	FLT3	970
STAT5B	PLCG1	429
STAT5B	KRAS	507
STAT5B	PDGFRA	679
STAT5B	CDK4	411
STAT5B	CD33	407
STAT5B	EP300	907
STAT5B	IL1B	591
STAT5B	EPCAM	420
STAT5B	CBL	429
STAT5B	TP53	728
STAT5B	IL9	886
STAT5B	CSF1R	469
STAT5B	KIT	971
STAT5B	IL3RA	683
STAT5B	PDCD1	433
STAT5B	BTK	492
STAT5B	SHC1	666
STAT5B	SYK	763
STAT5B	EIF2AK3	427
STAT5B	ETS1	839
STAT5B	GATA3	763
STAT5B	CSF3R	752
STAT5B	IRF4	597
STAT5B	HIF1A	510
STAT5B	ALK	641
STAT5B	HSP90AA1	425
STAT5B	KITLG	742
STAT5B	IGF2	552
STAT5B	RELA	488
STAT5B	H3C12	696
STAT5B	IL17A	645
STAT5B	IL21R	733
STAT5B	PDGFB	612
STAT5B	IRS1	622
STAT5B	MMP9	418
STAT5B	PTPN11	962
STAT5B	MTOR	509
STAT5B	CSF1	414
STAT5B	CD19	693
STAT5B	PDGFA	555
STAT5B	BCL2L11	528
STAT5B	CD8A	794
STAT5B	NRAS	431
STAT5B	ACE2	439
STAT5B	NTRK1	600
STAT5B	NOTCH1	472
STAT5B	AOC3	409
STAT5B	TLR4	450
STAT5B	NCAM1	489
GATA4	FGF6	445
GATA4	BMP4	925
GATA4	PDGFRA	527
GATA4	EP300	973
GATA4	FGF2	601
GATA4	WNT5A	427
GATA4	FGF7	460
GATA4	TP53	519
GATA4	WNT3A	512
GATA4	KIT	594
GATA4	WNT4	478
GATA4	H3C12	530
GATA4	MTOR	523
GATA4	BMI1	514
GATA4	WT1	935
GATA4	GATA3	553
GATA4	EDN1	454
GATA4	SQSTM1	949
GATA4	ETS1	407
GATA4	ACE2	401
GATA4	FGF16	476
GATA4	RHOA	931
GATA4	NOTCH1	499
GATA4	PECAM1	535
TNFSF10	CD4	595
TNFSF10	GZMB	579
TNFSF10	IL4	446
TNFSF10	KLRD1	416
TNFSF10	LOC102723407	811
TNFSF10	TLR7	456
TNFSF10	TLR4	525
TNFSF10	HSPA4	546
TNFSF10	CYCS	744
TNFSF10	CXCL10	646
TNFSF10	IL17A	444
TNFSF10	TP53	696
TNFSF10	BCL2L11	529
TNFSF10	ICAM1	421
TNFSF10	CD8A	607
TNFSF10	TNFSF13B	601
TNFSF10	XIAP	620
TNFSF10	IL1B	589
TNFSF10	PDCD1	550
TNFSF10	MMP9	436
CYBB	CD4	555
CYBB	MMP2	957
CYBB	IL4	475
CYBB	APOE	594
CYBB	VWF	427
CYBB	CD33	416
CYBB	IL1B	746
CYBB	ICAM1	627
CYBB	TP53	460
CYBB	FCGR2A	606
CYBB	CSF1R	782
CYBB	CALM3	573
CYBB	NOD2	484
CYBB	HSPA4	568
CYBB	CXCL10	438
CYBB	CYCS	625
CYBB	CSF1	531
CYBB	MTOR	440
CYBB	MMP9	963
CYBB	TLR4	902
CYBB	SYK	566
CYBB	KEAP1	552
CYBB	EDN1	582
CYBB	TLR7	593
CYBB	IL17A	454
CYBB	GATA3	465
CYBB	HIF1A	600
CYBB	PECAM1	502
CYBB	BTK	633
CYBB	MAPK8	405
CYBB	ACE2	411
CYBB	CALML5	573
CYBB	RHOA	466
CYBB	CD8A	540
CYBB	PTPN11	691
KLRD1	CD4	790
KLRD1	GZMB	863
KLRD1	CD38	503
KLRD1	IL4	451
KLRD1	PLCG1	572
KLRD1	CD33	415
KLRD1	IL1B	460
KLRD1	PIK3CA	515
KLRD1	KIT	507
KLRD1	HSPA4	935
KLRD1	CXCL10	435
KLRD1	CD19	623
KLRD1	IL3RA	595
KLRD1	PDCD1	678
KLRD1	HSP90AA1	439
KLRD1	NCAM1	813
KLRD1	CD8A	930
KLRD1	PTPN11	937
KLRD1	IL17A	438
KLRD1	PIK3CB	502
KLRD1	GATA3	427
KLRD1	SYK	705
KLRD1	SHC1	512
KLRD1	BTK	548
KLRD1	SOS1	526
HSPA8	RELB	404
HSPA8	CD38	448
HSPA8	IL4	491
HSPA8	NR3C1	757
HSPA8	CDK4	537
HSPA8	AXIN1	644
HSPA8	EP300	691
HSPA8	IL1B	517
HSPA8	TP53	987
HSPA8	CALM3	723
HSPA8	ANPEP	440
HSPA8	HSPA4	999
HSPA8	CYCS	608
HSPA8	HSP90AA1	999
HSPA8	E2F1	465
HSPA8	H3C12	617
HSPA8	MTOR	430
HSPA8	TLR4	555
HSPA8	GATA3	438
HSPA8	CALML5	664
HSPA8	SQSTM1	600
HSPA8	BCL2L11	461
HSPA8	MAPK8	932
HSPA8	RELA	557
HSPA8	CD8A	524
HSPA8	RHOA	577
HSPA8	SHC1	559
HSPA8	HIF1A	883
HSPA8	PTPN11	429
TP53	CD4	703
TP53	NGFR	580
TP53	GZMB	497
TP53	TIMP1	681
TP53	MMP2	669
TP53	RELB	671
TP53	RPS6KB1	700
TP53	CD38	727
TP53	FGF6	526
TP53	LOX	606
TP53	IL4	718
TP53	NR3C1	936
TP53	EGR1	969
TP53	FLT3	722
TP53	TWIST1	967
TP53	PLCG1	473
TP53	BMP4	470
TP53	APOE	678
TP53	KRAS	949
TP53	PDGFRA	762
TP53	CDK4	966
TP53	THBS1	720
TP53	CD33	442
TP53	AXIN1	905
TP53	EP300	999
TP53	IL1B	718
TP53	EPCAM	645
TP53	PIK3CA	941
TP53	FGF2	754
TP53	WNT5A	477
TP53	ICAM1	722
TP53	FGF7	572
TP53	KEAP1	810
TP53	LOC102723407	813
TP53	SQSTM1	901
TP53	IGF2	745
TP53	H3C12	971
TP53	BDNF	520
TP53	IL17A	507
TP53	CXCL10	472
TP53	CYCS	911
TP53	RELA	955
TP53	HSPA4	997
TP53	PRKACB	542
TP53	EDN1	451
TP53	PIK3CB	476
TP53	IRF4	514
TP53	HIF1A	999
TP53	CSF3R	476
TP53	GATA3	724
TP53	KITLG	629
TP53	ALK	772
TP53	HSP90AA1	999
TP53	EIF2AK3	627
TP53	FGF16	522
TP53	XIAP	836
TP53	ETS1	972
TP53	VIM	712
TP53	PECAM1	598
TP53	PDCD1	617
TP53	WNT4	607
TP53	FGFR1	669
TP53	SOS1	584
TP53	SYK	558
TP53	SHC1	675
TP53	ESR2	783
TP53	BTK	654
TP53	KIT	816
TP53	WNT3A	474
TP53	CALM3	508
TP53	NCAM1	581
TP53	TJP1	447
TP53	WT1	983
TP53	CSF1R	507
TP53	TLR4	592
TP53	MAPK8	997
TP53	CALML5	700
TP53	NOTCH1	789
TP53	PRKCA	700
TP53	E2F1	986
TP53	NTRK1	637
TP53	TGFA	573
TP53	PDGFA	400
TP53	RHOA	662
TP53	VEGFC	447
TP53	NRAS	876
TP53	SDC1	520
TP53	CD8A	770
TP53	BCL2L11	867
TP53	IRS1	702
TP53	PDGFB	480
TP53	CSF1	447
TP53	CDK1	962
TP53	CD19	603
TP53	MTOR	874
TP53	PTPN11	612
TP53	BMI1	956
TP53	MMP9	838
CYCS	CD4	544
CYCS	GZMB	448
CYCS	MMP2	494
CYCS	RPS6KB1	554
CYCS	IL4	413
CYCS	EGR1	563
CYCS	APOE	418
CYCS	KRAS	485
CYCS	CDK4	745
CYCS	THBS1	506
CYCS	IL1B	670
CYCS	FGF2	437
CYCS	WNT5A	490
CYCS	ICAM1	682
CYCS	CALM3	649
CYCS	HSPA4	866
CYCS	EIF2AK3	604
CYCS	ESR2	431
CYCS	SHC1	630
CYCS	XIAP	935
CYCS	HSP90AA1	783
CYCS	HIF1A	648
CYCS	H3C12	489
CYCS	BDNF	593
CYCS	PRKACB	571
CYCS	SQSTM1	518
CYCS	KEAP1	572
CYCS	MTOR	643
CYCS	CD19	435
CYCS	CDK1	641
CYCS	MMP9	731
CYCS	SDC1	402
CYCS	BCL2L11	899
CYCS	CD8A	507
CYCS	RHOA	432
CYCS	NOTCH1	551
CYCS	CALML5	649
CYCS	E2F1	475
CYCS	TLR4	521
CYCS	MAPK8	601
WNT5A	MMP2	498
WNT5A	FGF6	432
WNT5A	LOX	410
WNT5A	TWIST1	554
WNT5A	BMP4	672
WNT5A	KRAS	417
WNT5A	PDGFRA	515
WNT5A	AXIN1	710
WNT5A	IL1B	509
WNT5A	FGF2	533
WNT5A	FGFR1	417
WNT5A	WNT4	871
WNT5A	PECAM1	407
WNT5A	ICAM1	518
WNT5A	FGF16	450
WNT5A	HIF1A	431
WNT5A	MMP9	541
WNT5A	VEGFC	410
WNT5A	RHOA	599
WNT5A	NTRK1	804
WNT5A	PRKCA	750
WNT5A	NOTCH1	488
WNT5A	FGF7	705
WNT5A	WT1	536
WNT5A	MAPK8	710
WNT5A	WNT3A	534
H3C12	CD4	526
H3C12	RELB	419
H3C12	RPS6KB1	458
H3C12	LOX	407
H3C12	NR3C1	429
H3C12	EGR1	491
H3C12	KRAS	481
H3C12	PDGFRA	450
H3C12	CDK4	783
H3C12	THBS1	588
H3C12	VWF	551
H3C12	ITGA2B	599
H3C12	EP300	984
H3C12	IL1B	535
H3C12	PIK3CA	406
H3C12	FGF2	482
H3C12	KIT	439
H3C12	CALM3	450
H3C12	HSPA4	732
H3C12	EIF2AK3	425
H3C12	HSP90AA1	793
H3C12	E2F1	713
H3C12	WT1	409
H3C12	TLR4	688
H3C12	MAPK8	402
H3C12	CALML5	447
H3C12	NOTCH1	489
H3C12	CD8A	471
H3C12	BCL2L11	437
H3C12	BMI1	861
H3C12	MMP9	668
H3C12	CDK1	812
H3C12	MTOR	485
H3C12	IGF2	432
H3C12	LOC102723407	592
H3C12	PRKACB	440
H3C12	RELA	723
H3C12	BDNF	512
H3C12	CSF3R	627
H3C12	GATA3	727
H3C12	HIF1A	591
H3C12	IRF4	452
H3C12	PECAM1	453
H3C12	XIAP	406
FGFR1	MMP2	616
FGFR1	FGF6	999
FGFR1	EGR1	481
FGFR1	TWIST1	853
FGFR1	PLCG1	999
FGFR1	BMP4	521
FGFR1	KRAS	981
FGFR1	PDGFRA	715
FGFR1	PIK3CA	977
FGFR1	CBL	648
FGFR1	FGF2	999
FGFR1	ICAM1	432
FGFR1	FGF7	999
FGFR1	WNT3A	630
FGFR1	CSF1R	481
FGFR1	CALM3	497
FGFR1	IRS1	834
FGFR1	CSF1	750
FGFR1	PDGFB	790
FGFR1	HSP90AA1	740
FGFR1	PDGFA	868
FGFR1	MTOR	450
FGFR1	NRAS	966
FGFR1	MMP9	631
FGFR1	EDN1	516
FGFR1	CALML5	486
FGFR1	SDC1	695
FGFR1	SOS1	987
FGFR1	IGF2	785
FGFR1	HIF1A	458
FGFR1	KITLG	766
FGFR1	BDNF	864
FGFR1	PIK3CB	933
FGFR1	SHC1	974
FGFR1	FGF16	999
FGFR1	PECAM1	416
FGFR1	NOTCH1	737
FGFR1	PRKCA	466
FGFR1	NTRK1	530
FGFR1	TGFA	771
FGFR1	ANGPT1	848
FGFR1	NCAM1	996
FGFR1	PTPN11	794
FGFR1	RHOA	594
FGFR1	VEGFC	896
NTRK1	NGFR	999
NTRK1	MMP2	599
NTRK1	FGF6	887
NTRK1	EGR1	473
NTRK1	FLT3	547
NTRK1	PLCG1	994
NTRK1	BMP4	609
NTRK1	KRAS	663
NTRK1	IL1B	471
NTRK1	PIK3CA	960
NTRK1	CBL	715
NTRK1	FGF2	959
NTRK1	FGF7	892
NTRK1	CSF1R	531
NTRK1	HSPA4	476
NTRK1	IRS1	971
NTRK1	CSF1	913
NTRK1	PDGFB	772
NTRK1	HSP90AA1	653
NTRK1	PDGFA	744
NTRK1	MTOR	539
NTRK1	NRAS	625
NTRK1	MMP9	447
NTRK1	TLR4	557
NTRK1	CALML5	503
NTRK1	SQSTM1	878
NTRK1	SOS1	771
NTRK1	IGF2	925
NTRK1	FGF16	888
NTRK1	RHOA	512
NTRK1	SHC1	999
NTRK1	TGFA	871
NTRK1	BDNF	999
NTRK1	ANGPT1	996
NTRK1	KITLG	998
NTRK1	HIF1A	661
NTRK1	PIK3CB	932
NTRK1	PECAM1	424
NTRK1	NOTCH1	407
NTRK1	PTPN11	560
NTRK1	VEGFC	898
KEAP1	KRAS	667
KEAP1	CDK4	413
KEAP1	EP300	547
KEAP1	IL1B	622
KEAP1	PIK3CA	480
KEAP1	ICAM1	454
KEAP1	HSPA4	430
KEAP1	EIF2AK3	530
KEAP1	HSP90AA1	949
KEAP1	MTOR	531
KEAP1	NRAS	441
KEAP1	XIAP	471
KEAP1	MMP9	405
KEAP1	TLR4	514
KEAP1	ALK	447
KEAP1	SQSTM1	999
KEAP1	HIF1A	699
KEAP1	RELA	956
KEAP1	NOTCH1	441
KEAP1	MAPK8	434
PDGFA	NGFR	714
PDGFA	FGF6	432
PDGFA	IL4	506
PDGFA	EGR1	622
PDGFA	FLT3	723
PDGFA	PLCG1	668
PDGFA	BMP4	614
PDGFA	KRAS	661
PDGFA	PDGFRA	999
PDGFA	THBS1	611
PDGFA	IL1B	400
PDGFA	PIK3CA	733
PDGFA	FGF2	886
PDGFA	FGF7	503
PDGFA	CSF1R	737
PDGFA	KIT	801
PDGFA	IL3RA	662
PDGFA	PDGFB	998
PDGFA	IL21R	670
PDGFA	IGF2	419
PDGFA	PIK3CB	431
PDGFA	HIF1A	435
PDGFA	CSF3R	655
PDGFA	FGF16	433
PDGFA	PECAM1	464
PDGFA	SOS1	496
PDGFA	ANGPT1	459
PDGFA	TGFA	945
PDGFA	VEGFC	686
PDGFA	NRAS	581
PDGFA	MMP9	630
PDGFA	PTPN11	513
PLCG1	CD4	737
PLCG1	FGF6	604
PLCG1	FLT3	444
PLCG1	NCAM1	410
PLCG1	CALM3	942
PLCG1	CSF1R	530
PLCG1	PDGFRA	988
PLCG1	KRAS	538
PLCG1	KIT	886
PLCG1	PRKCA	958
PLCG1	CALML5	939
PLCG1	TGFA	605
PLCG1	FGF2	659
PLCG1	FGF7	627
PLCG1	CD8A	509
PLCG1	RHOA	776
PLCG1	CD33	625
PLCG1	CSF1	445
PLCG1	PTPN11	748
PLCG1	PDGFB	592
PLCG1	BDNF	715
PLCG1	PIK3CB	924
PLCG1	CBL	984
PLCG1	LOC102723407	910
PLCG1	SQSTM1	532
PLCG1	FCGR2A	615
PLCG1	HSP90AA1	669
PLCG1	ALK	977
PLCG1	PECAM1	941
PLCG1	ICAM1	943
PLCG1	EIF2AK3	643
PLCG1	FGF16	628
PLCG1	SHC1	896
PLCG1	SYK	998
PLCG1	BTK	950
PLCG1	THBS1	433
PLCG1	SOS1	957
PLCG1	PIK3CA	973
ICAM1	CD4	969
ICAM1	GZMB	536
ICAM1	TIMP1	825
ICAM1	MMP2	751
ICAM1	RELB	651
ICAM1	CD38	541
ICAM1	FGF6	474
ICAM1	LOX	416
ICAM1	IL4	811
ICAM1	NR3C1	514
ICAM1	EGR1	425
ICAM1	TWIST1	509
ICAM1	APOE	789
ICAM1	KRAS	931
ICAM1	PDGFRA	541
ICAM1	THBS1	670
ICAM1	VWF	769
ICAM1	CD33	470
ICAM1	ITGA2B	938
ICAM1	IL1B	912
ICAM1	EPCAM	480
ICAM1	FGF2	752
ICAM1	CR2	416
ICAM1	CCL19	597
ICAM1	RHOA	541
ICAM1	VEGFC	463
ICAM1	NRAS	916
ICAM1	SDC1	505
ICAM1	CD8A	842
ICAM1	CSF1	829
ICAM1	CDK1	481
ICAM1	CD19	598
ICAM1	MTOR	413
ICAM1	MMP9	791
ICAM1	KIT	650
ICAM1	NCAM1	586
ICAM1	NOD2	452
ICAM1	CALM3	405
ICAM1	TJP1	584
ICAM1	ANGPT1	545
ICAM1	AOC3	490
ICAM1	CSF1R	636
ICAM1	TLR4	768
ICAM1	MAPK8	437
ICAM1	ACE2	654
ICAM1	FGF7	508
ICAM1	TLR5	420
ICAM1	NOTCH1	609
ICAM1	TGFA	418
ICAM1	FGF16	471
ICAM1	XIAP	409
ICAM1	TNFSF13B	515
ICAM1	IL9	418
ICAM1	PECAM1	873
ICAM1	PDCD1	435
ICAM1	SYK	466
ICAM1	FCGR2A	540
ICAM1	BDNF	621
ICAM1	IL17A	697
ICAM1	CXCL10	858
ICAM1	ANPEP	559
ICAM1	HSPA4	632
ICAM1	RELA	855
ICAM1	EDN1	799
ICAM1	TLR7	506
ICAM1	ERV3-1	671
ICAM1	HIF1A	684
ICAM1	KITLG	445
PDGFB	NGFR	818
PDGFB	TIMP1	400
PDGFB	FGF6	661
PDGFB	EGR1	564
PDGFB	FLT3	748
PDGFB	KRAS	682
PDGFB	PDGFRA	999
PDGFB	THBS1	741
PDGFB	VWF	453
PDGFB	IL1B	502
PDGFB	PIK3CA	518
PDGFB	FGF2	953
PDGFB	FGF7	691
PDGFB	CSF1R	866
PDGFB	KIT	876
PDGFB	CSF1	413
PDGFB	IL3RA	667
PDGFB	HIF1A	717
PDGFB	CSF3R	678
PDGFB	EDN1	523
PDGFB	PIK3CB	480
PDGFB	SOS1	473
PDGFB	FGF16	655
PDGFB	PECAM1	592
PDGFB	NOTCH1	557
PDGFB	TGFA	947
PDGFB	ANGPT1	766
PDGFB	IL21R	672
PDGFB	MMP9	514
PDGFB	PTPN11	510
PDGFB	VEGFC	612
PDGFB	NRAS	641
CALML5	RPS6KB1	470
CALML5	FGF6	593
CALML5	EGR1	580
CALML5	KRAS	998
CALML5	CDK4	723
CALML5	IL1B	514
CALML5	PIK3CA	518
CALML5	CBL	493
CALML5	FGF7	598
CALML5	CALM3	996
CALML5	HSPA4	719
CALML5	IRS1	652
CALML5	HSP90AA1	996
CALML5	ESR2	554
CALML5	TJP1	609
CALML5	MTOR	706
CALML5	NRAS	958
CALML5	PRKACB	989
CALML5	TLR4	408
CALML5	SYK	408
CALML5	EDN1	532
CALML5	FGF16	597
CALML5	BDNF	748
CALML5	HIF1A	444
CALML5	RHOA	787
CALML5	CDK1	453
CALML5	MAPK8	403
CALML5	ACE2	570
CALML5	PRKCA	719
RPS6KB1	CD4	403
RPS6KB1	MMP2	628
RPS6KB1	BDNF	642
RPS6KB1	EP300	483
RPS6KB1	PRKACB	932
RPS6KB1	HSPA4	447
RPS6KB1	PIK3CB	595
RPS6KB1	IL4	440
RPS6KB1	SQSTM1	834
RPS6KB1	IGF2	430
RPS6KB1	KITLG	536
RPS6KB1	HSP90AA1	837
RPS6KB1	HIF1A	730
RPS6KB1	XIAP	486
RPS6KB1	SYK	413
RPS6KB1	ESR2	928
RPS6KB1	SHC1	466
RPS6KB1	BTK	429
RPS6KB1	SOS1	419
RPS6KB1	PIK3CA	716
RPS6KB1	IL1B	512
RPS6KB1	CALM3	471
RPS6KB1	TLR4	405
RPS6KB1	MAPK8	517
RPS6KB1	KIT	591
RPS6KB1	KRAS	639
RPS6KB1	FGF2	420
RPS6KB1	NRAS	517
RPS6KB1	CD8A	400
RPS6KB1	BCL2L11	527
RPS6KB1	RHOA	519
RPS6KB1	MTOR	999
RPS6KB1	PTPN11	415
RPS6KB1	MMP9	490
RPS6KB1	IRS1	994
IL4	CD4	970
IL4	GZMB	698
IL4	TIMP1	720
IL4	MMP2	510
IL4	RELB	432
IL4	CD38	627
IL4	FGF6	639
IL4	LOX	455
IL4	CR2	564
IL4	CCL19	582
IL4	CD33	483
IL4	SDC1	550
IL4	VEGFC	404
IL4	CD8A	947
IL4	IRS1	813
IL4	IL21R	978
IL4	MTOR	744
IL4	CD19	879
IL4	CSF1	791
IL4	MMP9	687
IL4	KIT	589
IL4	TJP1	436
IL4	NOD2	510
IL4	NCAM1	656
IL4	TLR4	869
IL4	MAPK8	418
IL4	CSF1R	608
IL4	AOC3	693
IL4	PDGFRA	756
IL4	FGF2	666
IL4	TLR5	573
IL4	FGF7	607
IL4	ACE2	543
IL4	NOTCH1	408
IL4	FLT3	441
IL4	TGFA	720
IL4	E2F1	524
IL4	FGF16	643
IL4	PECAM1	523
IL4	IL9	996
IL4	TNFSF13B	666
IL4	IL3RA	839
IL4	PDCD1	607
IL4	IL1B	998
IL4	PIK3CA	435
IL4	SYK	578
IL4	BTK	449
IL4	NR3C1	681
IL4	LOC102723407	574
IL4	FCGR2A	652
IL4	APOE	542
IL4	CXCL10	882
IL4	BDNF	589
IL4	IL17A	959
IL4	TLR7	672
IL4	EDN1	473
IL4	RELA	644
IL4	HSPA4	437
IL4	HIF1A	585
IL4	IRF4	807
IL4	ERV3-1	505
IL4	GATA3	911
IL4	CSF3R	741
IL4	KITLG	600
IL4	HSP90AA1	431
IL21R	CD4	781
IL21R	GZMB	680
IL21R	CD38	683
IL21R	IL1B	429
IL21R	IL9	924
IL21R	CSF1R	424
IL21R	CXCL10	581
IL21R	CCL19	479
IL21R	CD19	823
IL21R	CSF1	459
IL21R	PDCD1	642
IL21R	SDC1	421
IL21R	TNFSF13B	467
IL21R	CD8A	768
IL21R	CR2	493
IL21R	IRF4	612
IL21R	GATA3	474
IL21R	IL17A	615
RHOA	CD4	450
RHOA	NGFR	972
RHOA	TIMP1	431
RHOA	MMP2	579
RHOA	FGF6	424
RHOA	LOX	493
RHOA	TWIST1	436
RHOA	APOE	408
RHOA	KRAS	482
RHOA	CDK4	501
RHOA	THBS1	422
RHOA	VWF	419
RHOA	AXIN1	661
RHOA	ITGA2B	502
RHOA	IL1B	733
RHOA	PIK3CA	743
RHOA	FGF2	532
RHOA	FGF7	460
RHOA	WNT3A	483
RHOA	CALM3	809
RHOA	EIF2AK3	482
RHOA	HSP90AA1	767
RHOA	ESR2	429
RHOA	TJP1	670
RHOA	MTOR	958
RHOA	PRKACB	962
RHOA	XIAP	604
RHOA	MMP9	763
RHOA	TLR4	509
RHOA	SYK	741
RHOA	EDN1	610
RHOA	CDK1	516
RHOA	MAPK8	988
RHOA	SOS1	696
RHOA	CD8A	400
RHOA	FGF16	450
RHOA	HIF1A	555
RHOA	PIK3CB	664
RHOA	SHC1	444
RHOA	BDNF	554
RHOA	PECAM1	484
RHOA	VIM	635
RHOA	PRKCA	734
RHOA	NOTCH1	555
RHOA	PTPN11	549
ITGA2B	CD4	591
ITGA2B	CD38	518
ITGA2B	FLT3	589
ITGA2B	KRAS	561
ITGA2B	THBS1	940
ITGA2B	VWF	999
ITGA2B	CD33	616
ITGA2B	PECAM1	882
ITGA2B	SHC1	608
ITGA2B	SYK	705
ITGA2B	IL1B	477
ITGA2B	SOS1	535
ITGA2B	ANPEP	583
ITGA2B	EP300	517
ITGA2B	PIK3CB	442
ITGA2B	FCGR2A	706
ITGA2B	KITLG	583
ITGA2B	NRAS	565
ITGA2B	CD8A	582
ITGA2B	CD19	621
ITGA2B	NCAM1	517
ITGA2B	AOC3	400
ITGA2B	CSF1R	612
ITGA2B	TLR4	441
ITGA2B	KIT	727
THBS1	CD4	817
THBS1	GZMB	537
THBS1	TIMP1	762
THBS1	MMP2	985
THBS1	FGF6	474
THBS1	LOX	807
THBS1	EGR1	623
THBS1	TWIST1	401
THBS1	BMP4	407
THBS1	APOE	649
THBS1	HIF1A	616
THBS1	ALK	522
THBS1	IGF2	572
THBS1	EDN1	641
THBS1	EP300	706
THBS1	IL1B	581
THBS1	EPCAM	520
THBS1	FGF16	499
THBS1	VIM	633
THBS1	PECAM1	628
THBS1	FGF7	552
THBS1	FGF2	841
THBS1	NOTCH1	400
THBS1	WNT3A	507
THBS1	TLR4	501
THBS1	CSF1R	552
THBS1	ANGPT1	716
THBS1	MMP9	997
THBS1	CD19	465
THBS1	CSF1	416
THBS1	CD8A	418
THBS1	VWF	771
THBS1	SDC1	989
THBS1	VEGFC	558
PTPN11	CD4	783
PTPN11	GZMB	694
PTPN11	FGF6	611
PTPN11	FLT3	889
PTPN11	KRAS	953
PTPN11	PDGFRA	995
PTPN11	CDK4	450
PTPN11	CD33	863
PTPN11	IL1B	642
PTPN11	PIK3CA	990
PTPN11	CBL	951
PTPN11	FGF2	636
PTPN11	FGF7	631
PTPN11	FCGR2A	512
PTPN11	CSF1R	858
PTPN11	KIT	990
PTPN11	IRS1	999
PTPN11	CSF1	658
PTPN11	IL3RA	623
PTPN11	PDCD1	998
PTPN11	MTOR	499
PTPN11	NRAS	952
PTPN11	CSF3R	873
PTPN11	TLR4	653
PTPN11	SYK	963
PTPN11	WT1	572
PTPN11	GATA3	459
PTPN11	TLR7	401
PTPN11	ALK	790
PTPN11	SOS1	999
PTPN11	CD8A	577
PTPN11	FGF16	630
PTPN11	SHC1	997
PTPN11	TGFA	536
PTPN11	BDNF	630
PTPN11	ANGPT1	590
PTPN11	HIF1A	581
PTPN11	PECAM1	999
PTPN11	BTK	516
PTPN11	NOTCH1	571
PTPN11	KITLG	596
PTPN11	PIK3CB	934
PRKACB	NGFR	447
PRKACB	NR3C1	708
PRKACB	EGR1	456
PRKACB	APOE	617
PRKACB	KRAS	471
PRKACB	EP300	850
PRKACB	IL1B	601
PRKACB	CBL	446
PRKACB	FGF2	433
PRKACB	CALM3	989
PRKACB	HSPA4	448
PRKACB	IRS1	464
PRKACB	HSP90AA1	724
PRKACB	ESR2	943
PRKACB	TJP1	402
PRKACB	MTOR	671
PRKACB	HIF1A	471
PRKACB	EDN1	525
PRKACB	RELA	956
PRKACB	BDNF	637
PRKACB	MMP9	422
PRKACB	CDK1	478
PRKACB	PRKCA	432
PRKACB	TLR4	443
CD33	CD4	869
CD33	GZMB	513
CD33	CD38	823
CD33	FLT3	730
CD33	APOE	813
CD33	TNFSF13B	507
CD33	PECAM1	511
CD33	EPCAM	433
CD33	SYK	654
CD33	SHC1	404
CD33	BTK	471
CD33	PDCD1	460
CD33	IL3RA	819
CD33	IL1B	541
CD33	ANPEP	953
CD33	TLR7	426
CD33	CBL	736
CD33	LOC102723407	447
CD33	FCGR2A	572
CD33	KITLG	570
CD33	CSF3R	504
CD33	SDC1	506
CD33	CD8A	720
CD33	CD19	881
CD33	CSF1	473
CD33	CALM3	435
CD33	NCAM1	865
CD33	WT1	479
CD33	TLR4	675
CD33	CSF1R	615
CD33	KIT	898
CD33	TLR5	405
CDK1	KRAS	727
CDK1	EP300	726
CDK1	CALM3	461
CDK1	HSPA4	739
CDK1	HSP90AA1	910
CDK1	E2F1	909
CDK1	MTOR	517
CDK1	NRAS	459
CDK1	XIAP	667
CDK1	MMP9	625
CDK1	BMI1	620
CDK1	SQSTM1	762
CDK1	BCL2L11	469
CDK1	NOTCH1	423
CDK1	HIF1A	793
CDK1	RELA	586
CDK1	SOS1	518
MTOR	CD4	635
MTOR	MMP2	512
MTOR	FGF6	491
MTOR	LOX	621
MTOR	EGR1	450
MTOR	FLT3	479
MTOR	APOE	447
MTOR	KRAS	826
MTOR	PDGFRA	558
MTOR	CDK4	644
MTOR	AXIN1	402
MTOR	EP300	638
MTOR	IL1B	667
MTOR	EPCAM	516
MTOR	PIK3CA	963
MTOR	FGF2	518
MTOR	FGF7	491
MTOR	KIT	574
MTOR	CALM3	714
MTOR	HSPA4	748
MTOR	IRS1	992
MTOR	EIF2AK3	581
MTOR	PDCD1	507
MTOR	HSP90AA1	998
MTOR	E2F1	483
MTOR	NOTCH1	585
MTOR	PRKCA	969
MTOR	TGFA	431
MTOR	TLR4	590
MTOR	MAPK8	702
MTOR	MMP9	588
MTOR	NRAS	705
MTOR	BCL2L11	545
MTOR	CD8A	620
MTOR	HIF1A	789
MTOR	GATA3	445
MTOR	ALK	673
MTOR	SQSTM1	953
MTOR	IGF2	705
MTOR	BDNF	652
MTOR	IL17A	506
MTOR	PIK3CB	943
MTOR	RELA	408
MTOR	SOS1	506
MTOR	SHC1	458
MTOR	SYK	457
MTOR	BTK	541
MTOR	FGF16	491
MTOR	XIAP	484
MTOR	PECAM1	427
TWIST1	MMP2	642
TWIST1	FGF6	438
TWIST1	LOX	491
TWIST1	NR3C1	547
TWIST1	MMP9	609
TWIST1	BMI1	885
TWIST1	FGF2	489
TWIST1	FGF7	461
TWIST1	NOTCH1	531
TWIST1	WNT3A	449
TWIST1	KRAS	538
TWIST1	KIT	604
TWIST1	TJP1	480
TWIST1	PDGFRA	483
TWIST1	BMP4	501
TWIST1	FGF16	445
TWIST1	EPCAM	571
TWIST1	ETS1	416
TWIST1	PECAM1	423
TWIST1	VIM	857
TWIST1	HIF1A	799
TWIST1	SQSTM1	583
TWIST1	EP300	886
TWIST1	RELA	790
SQSTM1	NGFR	762
SQSTM1	MMP2	459
SQSTM1	APOE	598
SQSTM1	KRAS	405
SQSTM1	IL1B	691
SQSTM1	PIK3CA	487
SQSTM1	NOD2	508
SQSTM1	HSPA4	642
SQSTM1	IRS1	632
SQSTM1	CXCL10	469
SQSTM1	EIF2AK3	726
SQSTM1	HSP90AA1	666
SQSTM1	XIAP	465
SQSTM1	TLR4	577
SQSTM1	ALK	646
SQSTM1	RELA	912
SQSTM1	HIF1A	591
SQSTM1	ETS1	408
SQSTM1	VIM	544
SQSTM1	SHC1	770
SQSTM1	SOS1	516
SQSTM1	MAPK8	425
SQSTM1	NOTCH1	596
KRAS	CD4	589
KRAS	GZMB	410
KRAS	MMP2	455
KRAS	FGF6	688
KRAS	LOX	599
KRAS	NR3C1	451
KRAS	EGR1	405
KRAS	FLT3	865
KRAS	CSF1	654
KRAS	BMI1	478
KRAS	BCL2L11	713
KRAS	PRKCA	932
KRAS	NOTCH1	853
KRAS	FGF7	695
KRAS	NCAM1	735
KRAS	CALM3	998
KRAS	ANGPT1	576
KRAS	WT1	755
KRAS	PDGFRA	978
KRAS	TLR4	419
KRAS	KIT	976
KRAS	SYK	936
KRAS	PDCD1	610
KRAS	IL3RA	918
KRAS	VIM	451
KRAS	PECAM1	452
KRAS	EIF2AK3	585
KRAS	AXIN1	482
KRAS	CSF3R	712
KRAS	GATA3	489
KRAS	BDNF	596
KRAS	RELA	692
KRAS	LOC102723407	448
KRAS	MMP9	517
KRAS	IRS1	689
KRAS	VWF	616
KRAS	NRAS	944
KRAS	CD8A	651
KRAS	E2F1	591
KRAS	TGFA	762
KRAS	FGF2	820
KRAS	MAPK8	948
KRAS	CSF1R	755
KRAS	WNT3A	409
KRAS	SHC1	758
KRAS	BTK	535
KRAS	SOS1	999
KRAS	PIK3CA	998
KRAS	IL1B	485
KRAS	ETS1	420
KRAS	CDK4	743
KRAS	XIAP	469
KRAS	EPCAM	590
KRAS	FGF16	688
KRAS	KITLG	647
KRAS	HSP90AA1	818
KRAS	ALK	989
KRAS	HIF1A	626
KRAS	EP300	757
KRAS	HSPA4	597
KRAS	PIK3CB	973
KRAS	IGF2	507
MMP9	CD4	701
MMP9	GZMB	464
MMP9	TIMP1	999
MMP9	MMP2	918
MMP9	RELB	494
MMP9	FGF6	612
MMP9	LOX	614
MMP9	NR3C1	402
MMP9	EGR1	642
MMP9	FLT3	563
MMP9	BMP4	422
MMP9	APOE	769
MMP9	PDGFRA	435
MMP9	CDK4	563
MMP9	VWF	805
MMP9	IL1B	949
MMP9	EPCAM	452
MMP9	FGF2	919
MMP9	FGF7	656
MMP9	WNT3A	455
MMP9	CSF1R	609
MMP9	KIT	541
MMP9	ANPEP	642
MMP9	HSPA4	481
MMP9	CXCL10	868
MMP9	EIF2AK3	580
MMP9	CCL19	477
MMP9	CD19	425
MMP9	CSF1	644
MMP9	PDCD1	405
MMP9	HSP90AA1	489
MMP9	ESR2	512
MMP9	E2F1	451
MMP9	TJP1	678
MMP9	XIAP	544
MMP9	SYK	444
MMP9	PECAM1	743
MMP9	VIM	709
MMP9	TNFSF13B	557
MMP9	ETS1	507
MMP9	FGF16	600
MMP9	KITLG	921
MMP9	CSF3R	475
MMP9	HIF1A	824
MMP9	TLR7	630
MMP9	EDN1	963
MMP9	RELA	658
MMP9	IL17A	814
MMP9	BDNF	740
MMP9	IGF2	612
MMP9	BCL2L11	413
MMP9	CD8A	640
MMP9	SDC1	968
MMP9	VEGFC	626
MMP9	TGFA	559
MMP9	PRKCA	458
MMP9	NOTCH1	606
MMP9	ACE2	407
MMP9	MAPK8	735
MMP9	TLR4	934
MMP9	ANGPT1	623
MMP9	NCAM1	631
CR2	CD4	798
CR2	GZMB	423
CR2	CD38	794
CR2	FCGR2A	531
CR2	KIT	519
CR2	CCL19	485
CR2	AOC3	545
CR2	CD19	999
CR2	IL3RA	412
CR2	PDCD1	400
CR2	IRF4	544
CR2	ERV3-1	671
CR2	ALK	459
CR2	LOC102723407	666
CR2	TLR7	487
CR2	IL17A	422
CR2	BTK	541
CR2	SYK	502
CR2	PECAM1	678
CR2	TNFSF13B	781
CR2	TLR4	552
CR2	NCAM1	605
CR2	CD8A	774
CR2	SDC1	779
WNT4	BMP4	584
WNT4	AXIN1	640
WNT4	FGF2	571
WNT4	FGF7	430
WNT4	WNT3A	708
WNT4	NOTCH1	401
WNT4	WT1	661
WNT4	FGF16	408
BMP4	FGF6	644
BMP4	ALK	440
BMP4	KITLG	619
BMP4	GATA3	476
BMP4	AXIN1	473
BMP4	HIF1A	471
BMP4	EDN1	528
BMP4	BDNF	488
BMP4	IGF2	532
BMP4	SYK	512
BMP4	IL1B	461
BMP4	VIM	443
BMP4	PECAM1	589
BMP4	FGF16	674
BMP4	EPCAM	423
BMP4	NOTCH1	529
BMP4	FGF7	718
BMP4	FGF2	873
BMP4	PDGFRA	588
BMP4	WT1	489
BMP4	KIT	523
BMP4	WNT3A	844
BMP4	VWF	458
GATA3	CD4	899
GATA3	GZMB	609
GATA3	EGR1	425
GATA3	FLT3	446
GATA3	CDK4	408
GATA3	EP300	959
GATA3	IL1B	596
GATA3	PIK3CA	583
GATA3	IL9	669
GATA3	KIT	583
GATA3	CXCL10	405
GATA3	AOC3	547
GATA3	CD19	626
GATA3	PDCD1	513
GATA3	HSP90AA1	659
GATA3	TLR4	432
GATA3	BMI1	892
GATA3	WT1	545
GATA3	NCAM1	528
GATA3	NOTCH1	606
GATA3	CD8A	745
GATA3	RELA	585
GATA3	IL17A	793
GATA3	ALK	415
GATA3	HIF1A	714
GATA3	IRF4	853
GATA3	PECAM1	419
GATA3	ETS1	907
ESR2	MMP2	400
ESR2	RELB	488
ESR2	EGR1	523
ESR2	EP300	811
ESR2	IL1B	511
ESR2	PIK3CA	575
ESR2	FGF7	555
ESR2	HSPA4	661
ESR2	CCL19	408
ESR2	HSP90AA1	884
ESR2	MAPK8	923
ESR2	SHC1	613
ESR2	IGF2	401
ESR2	RELA	583
ESR2	BDNF	526
ESR2	HIF1A	676
EPCAM	CD4	611
EPCAM	CD38	400
EPCAM	PDGFRA	520
EPCAM	PDCD1	435
EPCAM	PIK3CA	480
EPCAM	CD19	601
EPCAM	BMI1	554
EPCAM	SDC1	438
EPCAM	PECAM1	727
EPCAM	CD8A	620
EPCAM	VIM	634
EPCAM	HIF1A	424
EPCAM	ERV3-1	480
EPCAM	FGF2	531
EPCAM	FGF7	400
EPCAM	NOTCH1	510
EPCAM	HSP90AA1	511
EPCAM	WNT3A	439
EPCAM	KIT	607
EPCAM	FCGR2A	443
EPCAM	ANPEP	596
EPCAM	TJP1	600
EPCAM	NCAM1	545
EPCAM	AOC3	596
EPCAM	WT1	506
CSF1	CD4	670
CSF1	NGFR	716
CSF1	GZMB	421
CSF1	TIMP1	686
CSF1	MMP2	448
CSF1	RELB	658
CSF1	FGF6	431
CSF1	FLT3	900
CSF1	APOE	495
CSF1	PDGFRA	864
CSF1	IL1B	810
CSF1	PIK3CA	595
CSF1	CBL	726
CSF1	FGF2	578
CSF1	FGF7	450
CSF1	FCGR2A	524
CSF1	IL9	584
CSF1	CSF1R	999
CSF1	KIT	918
CSF1	CXCL10	728
CSF1	CCL19	415
CSF1	CD19	532
CSF1	PDCD1	563
CSF1	SOS1	543
CSF1	SHC1	725
CSF1	SYK	489
CSF1	FGF16	422
CSF1	SDC1	400
CSF1	VEGFC	457
CSF1	PECAM1	488
CSF1	CD8A	665
CSF1	TNFSF13B	425
CSF1	HIF1A	527
CSF1	IRF4	639
CSF1	CSF3R	640
CSF1	NOTCH1	402
CSF1	KITLG	704
CSF1	TGFA	437
CSF1	IL17A	661
CSF1	PIK3CB	584
CSF1	TLR7	508
CSF1	TLR4	672
CSF1	RELA	403
SHC1	NGFR	838
SHC1	GZMB	963
SHC1	FGF6	560
SHC1	FLT3	786
SHC1	PDGFRA	938
SHC1	VWF	465
SHC1	EP300	478
SHC1	PIK3CA	637
SHC1	CBL	996
SHC1	FGF2	612
SHC1	FGF7	583
SHC1	FCGR2A	465
SHC1	CSF1R	892
SHC1	KIT	967
SHC1	IRS1	991
SHC1	EIF2AK3	651
SHC1	IL3RA	421
SHC1	HSP90AA1	680
SHC1	NRAS	691
SHC1	CSF3R	845
SHC1	SYK	957
SHC1	ALK	953
SHC1	MAPK8	441
SHC1	SOS1	999
SHC1	CD8A	541
SHC1	IGF2	711
SHC1	FGF16	581
SHC1	BTK	759
SHC1	BDNF	839
SHC1	PIK3CB	631
SHC1	HIF1A	530
SHC1	ANGPT1	502
SHC1	PRKCA	723
SHC1	TGFA	635
IL3RA	CD4	887
IL3RA	GZMB	504
IL3RA	CD38	792
IL3RA	FLT3	661
IL3RA	IL1B	460
IL3RA	PIK3CA	452
IL3RA	FCGR2A	488
IL3RA	IL9	742
IL3RA	CSF1R	496
IL3RA	KIT	709
IL3RA	ANPEP	669
IL3RA	CXCL10	413
IL3RA	CD19	892
IL3RA	SOS1	400
IL3RA	PDCD1	411
IL3RA	CD8A	727
IL3RA	SDC1	446
IL3RA	NRAS	924
IL3RA	CSF3R	411
IL3RA	IRF4	574
IL3RA	KITLG	632
IL3RA	PIK3CB	428
IL3RA	TLR4	444
IL3RA	TLR7	604
IL3RA	NCAM1	872
IL3RA	IL17A	436
IRS1	NGFR	702
IRS1	FGF6	526
IRS1	FLT3	682
IRS1	APOE	486
IRS1	PDGFRA	731
IRS1	IL1B	640
IRS1	PIK3CA	999
IRS1	CBL	704
IRS1	FGF7	530
IRS1	IL9	439
IRS1	CSF1R	697
IRS1	KIT	841
IRS1	CALM3	657
IRS1	TLR4	588
IRS1	MAPK8	986
IRS1	PRKCA	648
IRS1	TGFA	523
IRS1	NRAS	626
IRS1	BDNF	418
IRS1	EDN1	460
IRS1	PIK3CB	991
IRS1	IGF2	928
IRS1	ALK	882
IRS1	HIF1A	451
IRS1	EIF2AK3	691
IRS1	FGF16	527
IRS1	SOS1	941
SDC1	CD4	727
SDC1	GZMB	445
SDC1	MMP2	419
SDC1	CD38	882
SDC1	FGF6	761
SDC1	APOE	932
SDC1	VWF	649
SDC1	IL1B	470
SDC1	FGF2	997
SDC1	FGF7	769
SDC1	FCGR2A	675
SDC1	WNT3A	519
SDC1	CSF1R	645
SDC1	KIT	584
SDC1	HSPA4	542
SDC1	CCL19	450
SDC1	AOC3	505
SDC1	CD19	856
SDC1	PDCD1	421
SDC1	TLR4	654
SDC1	TNFSF13B	626
SDC1	TLR7	418
SDC1	IRF4	801
SDC1	CD8A	697
SDC1	PRKCA	528
SDC1	NCAM1	842
SDC1	FGF16	761
SDC1	PECAM1	718
SDC1	HIF1A	518
SDC1	ALK	792
SDC1	LOC102723407	720
SDC1	IL17A	486
EP300	CD4	457
EP300	GZMB	577
EP300	RELB	654
EP300	NR3C1	914
EP300	EGR1	952
EP300	APOE	724
EP300	CDK4	434
EP300	AXIN1	416
EP300	PIK3CB	417
EP300	RELA	999
EP300	BDNF	405
EP300	IRF4	715
EP300	HIF1A	999
EP300	HSP90AA1	809
EP300	ETS1	954
EP300	IL1B	710
EP300	PIK3CA	526
EP300	SOS1	527
EP300	MAPK8	700
EP300	TGFA	570
EP300	E2F1	973
EP300	NOTCH1	940
EP300	PRKCA	649
EP300	BCL2L11	680
EP300	NRAS	596
EP300	BMI1	419
PRKCA	CD38	912
PRKCA	IL1B	459
PRKCA	PIK3CA	640
PRKCA	CBL	547
PRKCA	FGF2	403
PRKCA	KIT	912
PRKCA	CALM3	730
PRKCA	NOD2	408
PRKCA	TJP1	617
PRKCA	NRAS	928
PRKCA	TLR4	445
PRKCA	BCL2L11	575
PRKCA	RELA	488
PRKCA	HIF1A	620
PRKCA	KITLG	507
CALM3	CD4	406
CALM3	FGF6	601
CALM3	EGR1	574
CALM3	APOE	400
CALM3	CDK4	725
CALM3	IL1B	516
CALM3	FGF7	606
CALM3	SYK	411
CALM3	FGF16	606
CALM3	HSP90AA1	996
CALM3	HIF1A	446
CALM3	EDN1	539
CALM3	RELA	431
CALM3	HSPA4	694
CALM3	BDNF	746
CALM3	NRAS	959
CALM3	ACE2	693
CALM3	TLR4	412
CALM3	MAPK8	411
CALM3	TJP1	673
IL9	CD4	767
IL9	GZMB	463
IL9	CD38	557
IL9	FGF6	462
IL9	APOE	442
IL9	PDGFRA	688
IL9	IL1B	916
IL9	FGF2	717
IL9	FGF7	462
IL9	TLR4	458
IL9	CXCL10	772
IL9	IL17A	896
IL9	KIT	449
IL9	TGFA	506
IL9	KITLG	664
IL9	CSF3R	712
IL9	ACE2	405
IL9	IRF4	828
IL9	CD8A	668
IL9	FGF16	467
IL9	CD19	472
WT1	CD4	645
WT1	EGR1	405
WT1	FLT3	766
WT1	PDGFRA	561
WT1	FGF2	440
WT1	KIT	675
WT1	HSPA4	446
WT1	CD19	425
WT1	E2F1	410
WT1	TJP1	559
WT1	NRAS	785
WT1	CSF3R	492
WT1	PECAM1	584
WT1	VIM	401
WT1	ALK	439
WT1	HIF1A	571
WT1	IGF2	812
WT1	CD8A	543
WT1	NOTCH1	529
WT1	NCAM1	571
CSF1R	CD4	755
CSF1R	GZMB	533
CSF1R	FGF6	802
CSF1R	FLT3	531
CSF1R	APOE	584
CSF1R	VWF	514
CSF1R	IL1B	678
CSF1R	PIK3CA	821
CSF1R	CBL	964
CSF1R	FGF2	821
CSF1R	FGF7	807
CSF1R	FCGR2A	653
CSF1R	CCL19	422
CSF1R	CD8A	741
CSF1R	VEGFC	782
CSF1R	NRAS	530
CSF1R	CD19	639
CSF1R	KIT	422
CSF1R	AOC3	521
CSF1R	TLR4	800
CSF1R	ANGPT1	847
CSF1R	TLR5	409
CSF1R	TGFA	748
CSF1R	NOTCH1	515
CSF1R	FGF16	801
CSF1R	TNFSF13B	474
CSF1R	PECAM1	725
CSF1R	SOS1	695
CSF1R	PDCD1	531
CSF1R	IGF2	724
CSF1R	TLR7	596
CSF1R	PIK3CB	654
CSF1R	IL17A	474
CSF1R	BDNF	760
CSF1R	CXCL10	512
CSF1R	ANPEP	532
CSF1R	CSF3R	807
CSF1R	IRF4	469
CSF1R	HIF1A	482
CSF1R	KITLG	949
PIK3CA	NGFR	912
PIK3CA	FGF6	556
PIK3CA	EGR1	435
PIK3CA	FLT3	958
PIK3CA	PDGFRA	990
PIK3CA	CDK4	709
PIK3CA	AXIN1	411
PIK3CA	FGF16	563
PIK3CA	EIF2AK3	408
PIK3CA	SOS1	926
PIK3CA	PDCD1	473
PIK3CA	BTK	946
PIK3CA	SYK	935
PIK3CA	FCGR2A	544
PIK3CA	IGF2	513
PIK3CA	CBL	887
PIK3CA	PIK3CB	998
PIK3CA	RELA	537
PIK3CA	HSPA4	476
PIK3CA	BDNF	573
PIK3CA	HIF1A	547
PIK3CA	ALK	979
PIK3CA	HSP90AA1	837
PIK3CA	KITLG	498
PIK3CA	BCL2L11	461
PIK3CA	CD8A	501
PIK3CA	NRAS	995
PIK3CA	CD19	967
PIK3CA	KIT	986
PIK3CA	TLR4	928
PIK3CA	MAPK8	615
PIK3CA	ANGPT1	657
PIK3CA	FGF7	561
PIK3CA	FGF2	714
PIK3CA	TGFA	600
PIK3CA	E2F1	400
PIK3CA	NOTCH1	786
ETS1	CD4	456
ETS1	TIMP1	541
ETS1	MMP2	411
ETS1	RELB	444
ETS1	EGR1	534
ETS1	IL1B	420
ETS1	CBL	456
ETS1	FGF2	445
ETS1	KIT	419
ETS1	E2F1	643
ETS1	IRF4	540
ETS1	CD8A	459
ETS1	NOTCH1	406
ETS1	NCAM1	451
ETS1	HIF1A	544
CD19	CD4	936
CD19	NGFR	474
CD19	GZMB	805
CD19	CD38	946
CD19	FLT3	703
CD19	IL1B	686
CD19	FGF2	417
CD19	FCGR2A	768
CD19	KIT	781
CD19	ANPEP	853
CD19	CXCL10	682
CD19	CCL19	732
CD19	AOC3	795
CD19	TLR5	416
CD19	NOTCH1	447
CD19	NCAM1	972
CD19	TLR4	614
CD19	CD8A	913
CD19	BCL2L11	416
CD19	ERV3-1	506
CD19	HIF1A	547
CD19	IRF4	677
CD19	KITLG	582
CD19	LOC102723407	854
CD19	IL17A	732
CD19	TLR7	645
CD19	PIK3CB	918
CD19	PDCD1	817
CD19	SYK	983
CD19	BTK	887
CD19	TNFSF13B	726
CD19	PECAM1	669
XIAP	CD4	416
XIAP	MMP2	413
XIAP	RELB	455
XIAP	CDK4	597
XIAP	IL1B	494
XIAP	NOD2	806
XIAP	HSPA4	639
XIAP	EIF2AK3	444
XIAP	HSP90AA1	505
XIAP	E2F1	709
XIAP	HIF1A	681
XIAP	RELA	535
XIAP	NOTCH1	519
XIAP	TLR4	544
XIAP	MAPK8	483
XIAP	BCL2L11	708
XIAP	CD8A	450
IGF2	NGFR	848
IGF2	MMP2	779
IGF2	FGF6	627
IGF2	NR3C1	488
IGF2	EGR1	446
IGF2	FLT3	719
IGF2	APOE	477
IGF2	PDGFRA	799
IGF2	IL1B	445
IGF2	FGF2	656
IGF2	FGF7	700
IGF2	FCGR2A	886
IGF2	KIT	833
IGF2	SOS1	591
IGF2	KITLG	599
IGF2	HIF1A	680
IGF2	BDNF	650
IGF2	PECAM1	404
IGF2	FGF16	629
IGF2	TGFA	570
IGF2	NOTCH1	575
SYK	CD4	981
SYK	GZMB	630
SYK	RELB	475
SYK	CD38	462
SYK	FLT3	787
SYK	PDGFRA	450
SYK	VWF	712
SYK	IL1B	643
SYK	CBL	997
SYK	FCGR2A	995
SYK	KIT	626
SYK	NOD2	517
SYK	HSP90AA1	598
SYK	NRAS	933
SYK	CSF3R	774
SYK	TLR4	971
SYK	CD8A	960
SYK	MAPK8	558
SYK	TLR5	490
SYK	PECAM1	587
SYK	TNFSF13B	599
SYK	BTK	999
SYK	SOS1	751
SYK	IL17A	512
SYK	TLR7	599
SYK	PIK3CB	938
SYK	RELA	434
SYK	LOC102723407	955
SYK	IRF4	515
VIM	CD4	404
VIM	TIMP1	550
VIM	MMP2	546
VIM	LOX	415
VIM	APOE	408
VIM	PDGFRA	494
VIM	FGF2	658
VIM	KIT	408
VIM	ANPEP	532
VIM	NOD2	663
VIM	HSPA4	505
VIM	HSP90AA1	701
VIM	E2F1	410
VIM	TJP1	615
VIM	IRF4	447
VIM	ALK	473
VIM	ACE2	661
VIM	HIF1A	569
VIM	NOTCH1	420
VIM	NCAM1	443
VIM	PECAM1	661
IL1B	CD4	958
IL1B	NGFR	615
IL1B	GZMB	765
IL1B	TIMP1	791
IL1B	MMP2	745
IL1B	RELB	691
IL1B	CD38	580
IL1B	FGF6	665
IL1B	LOX	727
IL1B	NR3C1	602
IL1B	EGR1	665
IL1B	FLT3	429
IL1B	APOE	846
IL1B	PDGFRA	624
IL1B	CDK4	412
IL1B	VWF	629
IL1B	KITLG	729
IL1B	HSP90AA1	800
IL1B	ERV3-1	536
IL1B	IRF4	591
IL1B	HIF1A	771
IL1B	CSF3R	493
IL1B	BDNF	844
IL1B	IL17A	962
IL1B	CXCL10	962
IL1B	ANPEP	447
IL1B	HSPA4	776
IL1B	RELA	990
IL1B	EDN1	803
IL1B	TLR7	865
IL1B	FCGR2A	679
IL1B	BTK	533
IL1B	PDCD1	551
IL1B	TNFSF13B	656
IL1B	PECAM1	701
IL1B	EIF2AK3	602
IL1B	FGF16	671
IL1B	NOTCH1	480
IL1B	TGFA	669
IL1B	FGF2	896
IL1B	ACE2	764
IL1B	FGF7	708
IL1B	TLR5	830
IL1B	NCAM1	592
IL1B	NOD2	866
IL1B	TJP1	712
IL1B	ANGPT1	701
IL1B	AOC3	516
IL1B	TLR4	986
IL1B	MAPK8	845
IL1B	KIT	585
IL1B	WNT3A	427
IL1B	VEGFC	717
IL1B	CD8A	922
IL1B	BCL2L11	446
IL1B	CCL19	756
AXIN1	WNT3A	964
AXIN1	NOTCH1	672
AXIN1	CD8A	513
AXIN1	HSPA4	687
AXIN1	FGF16	414
FCGR2A	CD4	837
FCGR2A	GZMB	517
FCGR2A	CD38	527
FCGR2A	FLT3	439
FCGR2A	VWF	743
FCGR2A	CBL	412
FCGR2A	LOC102723407	929
FCGR2A	KIT	588
FCGR2A	AOC3	725
FCGR2A	PIK3CB	540
FCGR2A	TLR4	818
FCGR2A	TLR7	564
FCGR2A	IL17A	617
FCGR2A	NCAM1	483
FCGR2A	NOD2	579
FCGR2A	CXCL10	610
FCGR2A	CSF3R	479
FCGR2A	TLR5	598
FCGR2A	PECAM1	684
FCGR2A	TNFSF13B	524
FCGR2A	CD8A	780
FCGR2A	PDCD1	428
FCGR2A	BTK	508
FGF7	CD4	485
FGF7	NGFR	772
FGF7	TIMP1	584
FGF7	MMP2	585
FGF7	FGF6	497
FGF7	LOX	481
FGF7	FLT3	798
FGF7	APOE	568
FGF7	PDGFRA	886
FGF7	VWF	523
FGF7	CBL	614
FGF7	FGF2	812
FGF7	TGFA	676
FGF7	NOTCH1	477
FGF7	TLR4	428
FGF7	TJP1	424
FGF7	ANGPT1	705
FGF7	KIT	911
FGF7	WNT3A	608
FGF7	CD8A	481
FGF7	VEGFC	588
FGF7	NRAS	613
FGF7	KITLG	735
FGF7	ERV3-1	521
FGF7	HIF1A	598
FGF7	EDN1	518
FGF7	PIK3CB	465
FGF7	IL17A	573
FGF7	BDNF	774
FGF7	CXCL10	538
FGF7	SOS1	577
FGF7	PECAM1	757
FGF7	FGF16	502
GZMB	CD4	936
GZMB	IRF4	559
GZMB	HIF1A	425
GZMB	ALK	451
GZMB	HSP90AA1	449
GZMB	LOC102723407	420
GZMB	IL17A	730
GZMB	CXCL10	715
GZMB	HSPA4	837
GZMB	CBL	467
GZMB	TLR7	502
GZMB	PDCD1	832
GZMB	SOS1	733
GZMB	TNFSF13B	486
GZMB	PECAM1	533
GZMB	FLT3	540
GZMB	KIT	413
GZMB	NCAM1	871
GZMB	PDGFRA	476
GZMB	AOC3	589
GZMB	TLR4	529
GZMB	TIMP1	467
GZMB	CCL19	474
GZMB	CD38	786
GZMB	CD8A	963
GZMB	BCL2L11	401
CBL	CD38	823
CBL	FGF6	595
CBL	FLT3	852
CBL	PDGFRA	919
CBL	BTK	851
CBL	SOS1	827
CBL	FGF16	616
CBL	HSP90AA1	667
CBL	KITLG	607
CBL	HSPA4	440
CBL	PIK3CB	890
CBL	NRAS	543
CBL	TGFA	665
CBL	NOTCH1	610
CBL	FGF2	616
CBL	MAPK8	632
CBL	KIT	957
LOX	CD4	509
LOX	TIMP1	649
LOX	MMP2	730
LOX	FGF16	404
LOX	PECAM1	527
LOX	APOE	455
LOX	EDN1	425
LOX	HSPA4	580
LOX	HIF1A	631
LOX	VEGFC	476
LOX	VWF	495
LOX	CD8A	447
LOX	TLR4	480
LOX	PDGFRA	499
LOX	FGF2	519
LOX	NOTCH1	413
NRAS	CD4	415
NRAS	FGF6	612
NRAS	FLT3	900
NRAS	PDGFRA	967
NRAS	CDK4	822
NRAS	VWF	541
NRAS	FGF2	661
NRAS	KIT	981
NRAS	EIF2AK3	484
NRAS	PDCD1	469
NRAS	HSP90AA1	817
NRAS	CD8A	456
NRAS	TGFA	643
NRAS	MAPK8	940
NRAS	BTK	463
NRAS	SOS1	992
NRAS	FGF16	616
NRAS	KITLG	669
NRAS	ALK	986
NRAS	HIF1A	418
NRAS	PIK3CB	947
NRAS	BCL2L11	675
NRAS	NOTCH1	765
NRAS	NCAM1	689
NRAS	ANGPT1	536
NRAS	CSF3R	531
NRAS	BDNF	566
NRAS	RELA	619
NRAS	LOC102723407	481
NR3C1	CD4	583
NR3C1	EGR1	805
NR3C1	KIT	537
NR3C1	MAPK8	540
NR3C1	TLR4	474
NR3C1	E2F1	521
NR3C1	FLT3	501
NR3C1	CDK4	581
NR3C1	RELA	850
NR3C1	HSPA4	992
NR3C1	BDNF	788
NR3C1	HIF1A	852
NR3C1	HSP90AA1	999
BMI1	EGR1	640
BMI1	FLT3	516
BMI1	CDK4	537
BMI1	FGF2	507
BMI1	KIT	512
BMI1	HSPA4	543
BMI1	HSP90AA1	458
BMI1	E2F1	453
BMI1	NOTCH1	621
BMI1	HIF1A	459
BMI1	KITLG	401
CCL19	CD4	888
CCL19	MMP2	437
CCL19	RELB	421
CCL19	CD38	419
CCL19	CXCL10	935
CCL19	TNFSF13B	617
CCL19	CD8A	865
CCL19	PECAM1	685
CCL19	PDCD1	553
CCL19	IL17A	587
CCL19	TLR4	446
CCL19	TLR7	455
CCL19	ERV3-1	470
VWF	CD4	537
VWF	TIMP1	668
VWF	MMP2	483
VWF	FGF6	463
VWF	APOE	562
VWF	PDGFRA	423
VWF	VEGFC	458
VWF	CD8A	478
VWF	ANGPT1	755
VWF	TJP1	481
VWF	TLR4	542
VWF	KIT	602
VWF	FGF2	669
VWF	ACE2	610
VWF	PECAM1	918
VWF	FGF16	465
VWF	BTK	479
VWF	SOS1	553
VWF	EDN1	898
VWF	HSPA4	525
VWF	KITLG	423
VWF	HIF1A	518
VWF	ERV3-1	654
WNT3A	FGF6	531
WNT3A	FGF2	780
WNT3A	NOTCH1	577
WNT3A	FGF16	527
WNT3A	PECAM1	428
IRF4	CD4	745
IRF4	RELB	562
IRF4	CD38	797
IRF4	FLT3	430
IRF4	KIT	411
IRF4	CXCL10	478
IRF4	PDCD1	525
IRF4	HSP90AA1	525
IRF4	TLR4	684
IRF4	TNFSF13B	537
IRF4	TLR7	562
IRF4	BTK	571
IRF4	LOC102723407	621
IRF4	RELA	498
IRF4	IL17A	648
IRF4	HIF1A	697
IRF4	ALK	441
IRF4	KITLG	525
IRF4	BCL2L11	427
IRF4	CD8A	689
IRF4	NOTCH1	414
RELA	CD4	546
RELA	NGFR	581
RELA	MMP2	400
RELA	RELB	999
RELA	EGR1	733
RELA	CDK4	594
RELA	NOD2	594
RELA	HSPA4	696
RELA	CXCL10	666
RELA	HSP90AA1	525
RELA	E2F1	746
RELA	TLR4	966
RELA	TNFSF13B	516
RELA	TLR7	501
RELA	BCL2L11	416
RELA	MAPK8	975
RELA	NOTCH1	583
RELA	TLR5	946
RELA	CD8A	448
RELA	HIF1A	989
RELA	IL17A	496
EGR1	NGFR	522
EGR1	SOS1	426
EGR1	KITLG	526
EGR1	HIF1A	552
EGR1	BDNF	643
EGR1	APOE	590
EGR1	HSPA4	621
EGR1	E2F1	690
EGR1	FGF2	631
EGR1	PDGFRA	540
EGR1	MAPK8	414
EGR1	TLR4	436
ANGPT1	NGFR	745
ANGPT1	TIMP1	497
ANGPT1	MMP2	473
ANGPT1	FGF6	726
ANGPT1	FLT3	784
ANGPT1	PDGFRA	815
ANGPT1	FGF2	822
ANGPT1	KIT	841
ANGPT1	TJP1	668
ANGPT1	CSF3R	450
ANGPT1	EDN1	515
ANGPT1	SOS1	445
ANGPT1	FGF16	585
ANGPT1	BDNF	637
ANGPT1	NOTCH1	406
ANGPT1	VEGFC	672
ANGPT1	PIK3CB	517
ANGPT1	HIF1A	653
ANGPT1	KITLG	592
ANGPT1	PECAM1	693
PECAM1	CD4	746
PECAM1	NGFR	508
PECAM1	TIMP1	500
PECAM1	MMP2	750
PECAM1	CD38	992
PECAM1	FGF6	728
PECAM1	FLT3	442
PECAM1	APOE	595
PECAM1	PDGFRA	730
PECAM1	FGF2	801
PECAM1	KIT	774
PECAM1	ANPEP	697
PECAM1	CXCL10	501
PECAM1	AOC3	570
PECAM1	TJP1	788
PECAM1	CSF3R	472
PECAM1	TLR4	608
PECAM1	TNFSF13B	421
PECAM1	EDN1	577
PECAM1	CD8A	748
PECAM1	ERV3-1	466
PECAM1	FGF16	741
PECAM1	TGFA	419
PECAM1	BDNF	554
PECAM1	HIF1A	733
PECAM1	KITLG	541
PECAM1	IL17A	506
PECAM1	NOTCH1	529
PECAM1	NCAM1	607
PECAM1	VEGFC	656
TLR7	CD4	834
TLR7	RELB	479
TLR7	CD38	522
TLR7	FLT3	572
TLR7	NOD2	714
TLR7	CXCL10	809
TLR7	PDCD1	439
TLR7	TLR4	940
TLR7	TNFSF13B	692
TLR7	CD8A	782
TLR7	ACE2	622
TLR7	TLR5	778
TLR7	NCAM1	463
TLR7	BTK	772
TLR7	ERV3-1	528
TLR7	IL17A	685
ACE2	CD4	788
ACE2	APOE	432
ACE2	ANPEP	939
ACE2	CXCL10	698
ACE2	TJP1	523
ACE2	TLR4	714
ACE2	EDN1	533
ACE2	CD8A	791
ACE2	NCAM1	521
ACE2	HIF1A	425
ACE2	ERV3-1	992
ACE2	IL17A	582
APOE	CD4	701
APOE	TIMP1	476
APOE	MMP2	661
APOE	FGF6	568
APOE	HIF1A	485
APOE	BDNF	831
APOE	IL17A	686
APOE	CXCL10	476
APOE	EDN1	586
APOE	FGF16	568
APOE	FGF2	535
APOE	TLR4	777
APOE	CD8A	510
FGF16	CD4	424
FGF16	NGFR	758
FGF16	TIMP1	520
FGF16	MMP2	518
FGF16	FGF6	537
FGF16	FLT3	801
FGF16	PDGFRA	855
FGF16	FGF2	575
FGF16	KIT	850
FGF16	CXCL10	513
FGF16	EDN1	518
FGF16	SOS1	572
FGF16	CD8A	418
FGF16	ERV3-1	509
FGF16	VEGFC	552
FGF16	TGFA	591
FGF16	NOTCH1	427
FGF16	PIK3CB	468
FGF16	IL17A	513
FGF16	BDNF	637
FGF16	KITLG	507
FGF16	HIF1A	603
TJP1	CD4	452
TJP1	MMP2	536
TJP1	CDK4	547
TJP1	FGF2	543
TJP1	HSPA4	959
TJP1	HSP90AA1	465
TJP1	IL17A	505
TJP1	HIF1A	511
TJP1	TLR4	639
TJP1	NOTCH1	569
TJP1	TGFA	487
EDN1	TIMP1	696
EDN1	MMP2	958
EDN1	FGF6	511
EDN1	PDGFRA	558
EDN1	FGF2	762
EDN1	KIT	597
EDN1	TLR4	530
EDN1	IL17A	418
EDN1	BDNF	514
EDN1	KITLG	489
EDN1	HIF1A	630
EDN1	BTK	550
EDN1	TGFA	451
EDN1	VEGFC	485
ALK	CD4	563
ALK	KIT	558
ALK	EIF2AK3	575
ALK	PDCD1	653
ALK	HSP90AA1	762
ALK	CD8A	581
ALK	NCAM1	595
ALK	NOTCH1	600
ALK	SOS1	467
ALK	LOC102723407	458
ALK	PIK3CB	935
ALK	HIF1A	416
PIK3CB	NGFR	904
PIK3CB	FGF6	452
PIK3CB	FLT3	930
PIK3CB	PDGFRA	957
PIK3CB	CDK4	581
PIK3CB	FGF2	494
PIK3CB	KIT	961
PIK3CB	TLR4	924
PIK3CB	MAPK8	554
PIK3CB	SOS1	707
PIK3CB	BTK	943
PDGFRA	CD4	433
PDGFRA	NGFR	477
PDGFRA	MMP2	512
PDGFRA	FGF6	863
PDGFRA	FLT3	454
PDGFRA	SOS1	927
PDGFRA	BDNF	860
PDGFRA	HIF1A	489
PDGFRA	KITLG	981
PDGFRA	HSP90AA1	597
PDGFRA	VEGFC	873
PDGFRA	CD8A	448
PDGFRA	KIT	449
PDGFRA	FGF2	982
PDGFRA	NOTCH1	574
PDGFRA	TGFA	764
TNFSF13B	CD4	714
TNFSF13B	RELB	651
TNFSF13B	CD38	639
TNFSF13B	FGF2	447
TNFSF13B	NOD2	455
TNFSF13B	CXCL10	685
TNFSF13B	CSF3R	503
TNFSF13B	TLR4	649
TNFSF13B	TLR5	525
TNFSF13B	CD8A	776
TNFSF13B	IL17A	661
TNFSF13B	LOC102723407	742
TNFSF13B	ERV3-1	475
TNFSF13B	BTK	778
ERV3-1	CD4	764
ERV3-1	TIMP1	673
ERV3-1	CD38	412
ERV3-1	FGF6	507
ERV3-1	TLR4	750
ERV3-1	CD8A	646
ERV3-1	IL17A	444
ERV3-1	KITLG	480
FLT3	CD4	649
FLT3	CD38	668
FLT3	FGF6	805
FLT3	SOS1	532
FLT3	CSF3R	635
FLT3	HIF1A	447
FLT3	HSP90AA1	603
FLT3	KITLG	983
FLT3	LOC102723407	447
FLT3	ANPEP	584
FLT3	BDNF	695
FLT3	BCL2L11	435
FLT3	CD8A	649
FLT3	VEGFC	842
FLT3	FGF2	881
FLT3	TGFA	733
FLT3	NOTCH1	600
FLT3	AOC3	575
FLT3	MAPK8	459
FLT3	NCAM1	523
IL17A	CD4	972
IL17A	TIMP1	713
IL17A	MMP2	699
IL17A	RELB	446
IL17A	CD38	591
IL17A	FGF6	532
IL17A	FGF2	747
IL17A	KIT	507
IL17A	NOD2	610
IL17A	CXCL10	850
IL17A	AOC3	695
IL17A	PDCD1	728
IL17A	TLR4	867
IL17A	CD8A	936
IL17A	TGFA	541
IL17A	BDNF	474
IL17A	HIF1A	602
IL17A	NCAM1	616
IL17A	KITLG	432
IL17A	TLR5	591
HSPA4	CD4	712
HSPA4	MMP2	636
HSPA4	CDK4	490
HSPA4	FGF2	405
HSPA4	MAPK8	437
HSPA4	TLR4	996
HSPA4	NCAM1	549
HSPA4	NOTCH1	712
HSPA4	BCL2L11	580
HSPA4	CD8A	581
HSPA4	CXCL10	554
HSPA4	BDNF	650
HSPA4	LOC102723407	467
HSPA4	HSP90AA1	999
HSPA4	HIF1A	938
HSPA4	EIF2AK3	542
HSP90AA1	CD4	540
HSP90AA1	MMP2	831
HSP90AA1	CDK4	998
HSP90AA1	FGF2	638
HSP90AA1	KIT	708
HSP90AA1	NOD2	576
HSP90AA1	EIF2AK3	866
HSP90AA1	SOS1	627
HSP90AA1	BTK	716
HSP90AA1	HIF1A	999
HSP90AA1	BCL2L11	657
HSP90AA1	CD8A	506
HSP90AA1	MAPK8	732
HSP90AA1	TLR4	987
HSP90AA1	TLR5	544
HSP90AA1	E2F1	617
EIF2AK3	CD4	430
EIF2AK3	MMP2	573
EIF2AK3	CD38	483
EIF2AK3	FGF2	460
EIF2AK3	TLR4	492
EIF2AK3	CD8A	431
EIF2AK3	BCL2L11	588
EIF2AK3	HIF1A	541
EIF2AK3	BDNF	479
EIF2AK3	LOC102723407	510
EIF2AK3	SOS1	598
CSF3R	CD4	456
CSF3R	KIT	753
CSF3R	TLR4	462
CSF3R	CD8A	601
CSF3R	KITLG	418
TGFA	CD4	450
TGFA	NGFR	707
TGFA	TIMP1	440
TGFA	MMP2	447
TGFA	FGF6	586
TGFA	FGF2	824
TGFA	KIT	860
TGFA	CXCL10	529
TGFA	SOS1	554
TGFA	VEGFC	400
TGFA	HIF1A	551
NOD2	CD4	657
NOD2	RELB	448
NOD2	CD8A	587
NOD2	TLR5	867
NOD2	TLR4	899
NOD2	CXCL10	535
CD4	NGFR	416
CD4	TIMP1	463
CD4	CD8A	999
CD4	BCL2L11	575
CD4	VEGFC	420
CD4	CD38	932
CD4	TLR5	695
CD4	FGF2	510
CD4	NOTCH1	611
CD4	KIT	778
CD4	MAPK8	415
CD4	TLR4	902
CD4	MMP2	517
CD4	AOC3	877
CD4	NCAM1	883
CD4	PDCD1	960
CD4	BTK	657
CD4	RELB	550
CD4	CDK4	415
CD4	HIF1A	622
CD4	KITLG	577
CD4	LOC102723407	701
CD4	CXCL10	839
CD4	BDNF	446
CD4	FGF6	428
CD4	ANPEP	762
FGF2	NGFR	844
FGF2	TIMP1	770
FGF2	MMP2	802
FGF2	FGF6	574
FGF2	CDK4	455
FGF2	VEGFC	828
FGF2	CD8A	505
FGF2	NOTCH1	560
FGF2	NCAM1	544
FGF2	TLR4	655
FGF2	KIT	885
FGF2	SOS1	565
FGF2	KITLG	710
FGF2	HIF1A	727
FGF2	CXCL10	626
FGF2	BDNF	840
FGF2	ANPEP	480
NCAM1	NGFR	528
NCAM1	TIMP1	526
NCAM1	MMP2	539
NCAM1	CD38	818
NCAM1	KIT	785
NCAM1	ANPEP	818
NCAM1	CXCL10	515
NCAM1	PDCD1	577
NCAM1	TLR4	463
NCAM1	SOS1	438
NCAM1	CD8A	889
NCAM1	BDNF	767
NCAM1	LOC102723407	582
NCAM1	NOTCH1	456
NCAM1	KITLG	448
HIF1A	NGFR	546
HIF1A	TIMP1	571
HIF1A	MMP2	731
HIF1A	RELB	428
HIF1A	FGF6	583
HIF1A	CDK4	620
HIF1A	KIT	609
HIF1A	CXCL10	457
HIF1A	PDCD1	474
HIF1A	E2F1	600
HIF1A	TLR4	657
HIF1A	BCL2L11	506
HIF1A	MAPK8	485
HIF1A	CD8A	644
HIF1A	BDNF	521
HIF1A	VEGFC	635
HIF1A	NOTCH1	993
HIF1A	KITLG	445
CD38	BTK	592
CD38	PDCD1	751
CD38	KITLG	786
CD38	CXCL10	596
CD38	ANPEP	720
CD38	LOC102723407	794
CD38	CD8A	884
CD38	NOTCH1	481
CD38	TLR4	432
CD38	KIT	722
BCL2L11	NGFR	722
BCL2L11	CDK4	507
BCL2L11	KIT	427
BCL2L11	E2F1	707
BCL2L11	BTK	551
BCL2L11	LOC102723407	400
BCL2L11	CD8A	608
BCL2L11	NOTCH1	404
BCL2L11	MAPK8	948
CD8A	TIMP1	418
CD8A	MMP2	505
CD8A	RELB	460
CD8A	FGF6	418
CD8A	CDK4	446
CD8A	KIT	727
CD8A	ANPEP	573
CD8A	CXCL10	887
CD8A	AOC3	840
CD8A	PDCD1	938
CD8A	TLR4	847
CD8A	TLR5	608
CD8A	NOTCH1	544
CD8A	VEGFC	431
CD8A	LOC102723407	628
CD8A	KITLG	544
CD8A	BTK	557
FGF6	NGFR	758
FGF6	TIMP1	521
FGF6	MMP2	519
FGF6	CXCL10	514
FGF6	BDNF	652
FGF6	KITLG	514
FGF6	SOS1	542
FGF6	KIT	848
FGF6	NOTCH1	480
FGF6	VEGFC	554
RELB	NOTCH1	680
RELB	TLR5	450
RELB	TLR4	623
RELB	CXCL10	481
RELB	BTK	418
LOC102723407	KIT	479
LOC102723407	ANPEP	402
LOC102723407	PDCD1	923
LOC102723407	BTK	747
LOC102723407	NOTCH1	643
SOS1	KIT	567
SOS1	MAPK8	410
SOS1	KITLG	478
SOS1	BDNF	583
SOS1	BTK	548
VEGFC	NGFR	744
VEGFC	TIMP1	427
VEGFC	MMP2	627
VEGFC	KIT	850
VEGFC	NOTCH1	435
TLR5	CXCL10	650
TLR5	TLR4	992
AOC3	KIT	665
AOC3	TLR4	403
AOC3	PDCD1	445
PDCD1	CDK4	407
PDCD1	KIT	447
PDCD1	CXCL10	729
PDCD1	BTK	423
PDCD1	TLR4	446
CDK4	MMP2	506
CDK4	E2F1	958
CDK4	NOTCH1	563
KITLG	NGFR	762
KITLG	KIT	999
KITLG	CXCL10	403
KITLG	TLR4	549
KITLG	BDNF	433
KITLG	NOTCH1	410
MMP2	TIMP1	997
MMP2	TLR4	679
MMP2	MAPK8	512
MMP2	NOTCH1	678
MMP2	BDNF	436
MMP2	CXCL10	446
MMP2	ANPEP	637
E2F1	NOTCH1	713
MAPK8	NGFR	592
MAPK8	TLR4	615
ANPEP	NGFR	448
ANPEP	TIMP1	502
ANPEP	KIT	921
BTK	KIT	524
BTK	TLR4	831
BTK	NOTCH1	468
NOTCH1	KIT	647
NOTCH1	TLR4	462
CXCL10	TIMP1	744
CXCL10	TLR4	969
TIMP1	TLR4	664
TIMP1	BDNF	604
NGFR	BDNF	999
NGFR	KIT	481
TLR4	KIT	476
TLR4	BDNF	593
BDNF	KIT	841
